        TC01  1 0.0038 0.0022 0.0017 0.0024 0.9851 0.0012 0.0036 
        TC02  1 0.0013 0.0023 0.0010 0.0031 0.9868 0.0015 0.0040 
        TC03  1 0.0010 0.0010 0.0014 0.0027 0.9888 0.0017 0.0035 
        TC04  1 0.0010 0.0010 0.0154 0.0271 0.9232 0.0017 0.0306 
        TC05  1 0.0006 0.0015 0.0006 0.0025 0.9864 0.0013 0.0071 
        TC06  1 0.0007 0.0016 0.0030 0.0380 0.9498 0.0012 0.0057 
        TC07  1 0.0025 0.0011 0.0007 0.0030 0.9856 0.0014 0.0056 
        TC08  1 0.0008 0.0019 0.0006 0.0029 0.9891 0.0015 0.0033 
        TC09  1 0.0007 0.0014 0.0008 0.0607 0.9316 0.0009 0.0040 
        TC10  1 0.0012 0.0016 0.0007 0.0177 0.9602 0.0024 0.0161 
        TC11  1 0.0019 0.0030 0.0009 0.0016 0.9885 0.0019 0.0021 
        TC12  1 0.0016 0.0008 0.0020 0.0077 0.9739 0.0035 0.0104 
        TC13  1 0.0007 0.0037 0.0007 0.0035 0.9878 0.0012 0.0025 
        TC14  1 0.0021 0.0030 0.0024 0.0454 0.9373 0.0038 0.0060 
        TC15  1 0.0005 0.0023 0.0014 0.0179 0.9640 0.0068 0.0071 
        TC16  1 0.0009 0.0014 0.0014 0.1459 0.8427 0.0019 0.0059 
        TC17  1 0.0038 0.0021 0.0022 0.0755 0.8775 0.0081 0.0307 
        TC18  1 0.0016 0.0066 0.0204 0.0035 0.9497 0.0090 0.0091 
        TC19  1 0.0009 0.0033 0.0007 0.0064 0.9850 0.0014 0.0023 
        TC20  1 0.0012 0.0016 0.0015 0.0036 0.9884 0.0011 0.0026 
        TC21  1 0.0043 0.0014 0.0434 0.0042 0.8474 0.0303 0.0691 
        TC22  1 0.0010 0.0027 0.0010 0.0040 0.9748 0.0079 0.0085 
        TC23  1 0.0058 0.0090 0.0009 0.0030 0.9756 0.0019 0.0039 
        TC24  1 0.0006 0.0020 0.0005 0.0020 0.9919 0.0011 0.0020 
        TC25  1 0.0022 0.0010 0.0106 0.0135 0.9641 0.0028 0.0058 
        TC26  1 0.0006 0.0014 0.0007 0.0083 0.9835 0.0012 0.0044 
        TC27  1 0.0009 0.0210 0.0015 0.0068 0.9525 0.0109 0.0065 
        TC28  1 0.0008 0.0012 0.0019 0.0100 0.9777 0.0016 0.0068 
        TC29  1 0.0012 0.0024 0.0019 0.0137 0.9729 0.0018 0.0061 
        TC30  1 0.0012 0.0034 0.0007 0.0069 0.9834 0.0013 0.0031 
        TC31  1 0.0070 0.0055 0.0037 0.0030 0.9723 0.0042 0.0043 
        TC32  1 0.0010 0.0031 0.0011 0.0203 0.9524 0.0038 0.0183 
        TC33  1 0.0078 0.0022 0.0012 0.0033 0.9788 0.0026 0.0041 
        TC34  1 0.0008 0.0037 0.0009 0.0318 0.9502 0.0062 0.0063 
        TC35  1 0.0028 0.0037 0.0021 0.0127 0.9675 0.0042 0.0071 
        TC36  1 0.0009 0.0053 0.0014 0.0046 0.9779 0.0020 0.0080 
        TC37  1 0.0012 0.0104 0.0010 0.0019 0.9793 0.0025 0.0038 
        TC38  1 0.0013 0.0028 0.0140 0.0578 0.9179 0.0012 0.0050 
        TC39  1 0.0011 0.0095 0.0012 0.1637 0.8193 0.0011 0.0040 
        TC40  1 0.0009 0.0012 0.0012 0.0072 0.9812 0.0036 0.0046 
        TC41  1 0.0015 0.0065 0.0015 0.0027 0.9782 0.0025 0.0071 
        TC42  1 0.0007 0.0041 0.0006 0.0061 0.9847 0.0011 0.0028 
        TC43  1 0.0010 0.0050 0.0010 0.0060 0.9820 0.0016 0.0035 
        TC44  1 0.0014 0.0011 0.0008 0.0163 0.9754 0.0016 0.0033 
        TC45  1 0.0008 0.0029 0.0023 0.0024 0.9861 0.0008 0.0047 
        TC46  1 0.0007 0.0020 0.0024 0.0024 0.9807 0.0041 0.0077 
        TC47  1 0.0012 0.0012 0.0009 0.0061 0.9853 0.0024 0.0028 
        TC48  1 0.0009 0.0020 0.0037 0.0042 0.9734 0.0070 0.0087 
        TC49  1 0.0014 0.0045 0.0009 0.0026 0.9846 0.0015 0.0045 
        TC50  1 0.0013 0.0020 0.0017 0.0025 0.9832 0.0051 0.0042 
        TC51  1 0.0019 0.0008 0.0011 0.0073 0.9838 0.0015 0.0037 
        TC52  1 0.0005 0.0012 0.0019 0.0027 0.9868 0.0011 0.0058 
        TC53  1 0.0008 0.0016 0.0006 0.0046 0.9860 0.0028 0.0036 
        TC54  1 0.0014 0.0038 0.0017 0.0085 0.9571 0.0129 0.0147 
        TC55  1 0.0012 0.0021 0.0017 0.0093 0.9730 0.0034 0.0092 
        TC56  1 0.0020 0.0044 0.0081 0.0061 0.9609 0.0089 0.0096 
        TC57  1 0.0011 0.0033 0.0011 0.0037 0.9798 0.0041 0.0069 
        TC58  1 0.0042 0.0010 0.0008 0.0032 0.9858 0.0015 0.0035 
        TC59  1 0.0012 0.0018 0.0005 0.0050 0.9866 0.0012 0.0037 
        TA01  2 0.0008 0.0018 0.0008 0.0061 0.9858 0.0020 0.0027 
        TA02  2 0.0005 0.0070 0.0011 0.0031 0.9822 0.0017 0.0043 
        TA03  2 0.0009 0.0014 0.0008 0.0064 0.9842 0.0027 0.0035 
        TA04  2 0.0007 0.0015 0.0006 0.4024 0.5906 0.0014 0.0028 
        TA05  2 0.0008 0.0011 0.0010 0.0025 0.9904 0.0014 0.0028 
        TA06  2 0.0021 0.0041 0.0008 0.0046 0.9846 0.0013 0.0024 
        TA07  2 0.0012 0.0018 0.0007 0.0206 0.9694 0.0015 0.0047 
        TA08  2 0.0006 0.0016 0.0009 0.0111 0.9810 0.0028 0.0020 
        TA09  2 0.0006 0.0074 0.0006 0.0080 0.9795 0.0013 0.0026 
        TA10  2 0.0427 0.0017 0.0008 0.0055 0.9434 0.0013 0.0047 
        TA11  2 0.0079 0.0023 0.0016 0.0085 0.9718 0.0024 0.0055 
        TA12  2 0.0155 0.0018 0.0007 0.0033 0.9683 0.0014 0.0090 
        TA13  2 0.0147 0.0017 0.0009 0.0260 0.9111 0.0023 0.0432 
        TA14  2 0.0005 0.0032 0.0005 0.0060 0.9858 0.0013 0.0027 
        TA15  2 0.0008 0.0025 0.0005 0.0048 0.9876 0.0012 0.0027 
        TA16  2 0.0148 0.0051 0.0007 0.0290 0.9428 0.0013 0.0063 
        TA17  2 0.0009 0.0012 0.0006 0.0036 0.9878 0.0019 0.0042 
        TA18  2 0.0022 0.0026 0.0006 0.0025 0.9810 0.0043 0.0068 
        TA19  2 0.0030 0.0026 0.0007 0.0194 0.9301 0.0372 0.0068 
        TA20  2 0.0007 0.0146 0.0014 0.0050 0.9684 0.0031 0.0067 
        TA21  2 0.0010 0.0064 0.0011 0.0397 0.9421 0.0033 0.0064 
        TA22  2 0.0005 0.0057 0.0006 0.0055 0.9828 0.0019 0.0028 
        TA23  2 0.0007 0.0998 0.0006 0.0246 0.8705 0.0014 0.0024 
        TA24  2 0.0007 0.0017 0.0007 0.0028 0.9863 0.0019 0.0059 
        TA25  2 0.1849 0.0023 0.0007 0.0048 0.8022 0.0010 0.0040 
        TA26  2 0.0021 0.0023 0.0054 0.0826 0.9017 0.0027 0.0032 
        TA27  2 0.0010 0.0439 0.0006 0.0039 0.9430 0.0020 0.0057 
        TA28  2 0.0006 0.0061 0.0089 0.0047 0.9592 0.0052 0.0153 
        TA29  2 0.0009 0.0016 0.0006 0.0074 0.9848 0.0016 0.0030 
        TA30  2 0.0008 0.0085 0.0012 0.3125 0.6617 0.0092 0.0061 
      BERM01  3 0.0007 0.0008 0.0006 0.9932 0.0012 0.0013 0.0022 
      BERM02  3 0.0006 0.0016 0.0007 0.9913 0.0023 0.0012 0.0024 
      BERM03  3 0.0009 0.0009 0.0007 0.9922 0.0010 0.0013 0.0030 
      BERM04  3 0.0011 0.0005 0.0008 0.9932 0.0009 0.0014 0.0020 
      BERM05  3 0.0013 0.0006 0.0012 0.9902 0.0009 0.0020 0.0038 
      BERM06  3 0.0005 0.0007 0.0008 0.9934 0.0012 0.0011 0.0023 
      BERM07  3 0.0010 0.0010 0.0007 0.9918 0.0016 0.0016 0.0024 
      BERM08  3 0.0006 0.0006 0.0009 0.9930 0.0021 0.0010 0.0017 
      BERM09  3 0.0007 0.0028 0.0005 0.9910 0.0021 0.0010 0.0020 
      BERM10  3 0.0007 0.0050 0.0016 0.9838 0.0017 0.0022 0.0050 
      BERM11  3 0.0009 0.0010 0.0010 0.9921 0.0015 0.0013 0.0022 
      BERM12  3 0.0242 0.0042 0.0192 0.9447 0.0025 0.0012 0.0039 
      BERM13  3 0.0008 0.0012 0.0007 0.9910 0.0014 0.0014 0.0035 
      BERM14  3 0.0009 0.0009 0.0006 0.9908 0.0033 0.0011 0.0024 
      CROC01  3 0.0013 0.0016 0.0012 0.9556 0.0018 0.0219 0.0166 
      CROC02  3 0.0018 0.0024 0.0017 0.9844 0.0016 0.0016 0.0066 
      CROC03  3 0.0010 0.0015 0.0016 0.9888 0.0012 0.0023 0.0035 
      CROC04  3 0.0010 0.1252 0.0006 0.8435 0.0200 0.0012 0.0085 
      CROC05  3 0.0011 0.0009 0.0008 0.9929 0.0008 0.0012 0.0024 
      CROC06  3 0.0351 0.0029 0.0014 0.9236 0.0110 0.0089 0.0172 
      CROC07  3 0.0006 0.0028 0.0007 0.9901 0.0017 0.0012 0.0028 
      CROC08  3 0.0016 0.0023 0.0032 0.9453 0.0012 0.0422 0.0042 
      CROC09  3 0.0006 0.0007 0.0007 0.9909 0.0010 0.0024 0.0037 
      CROC10  3 0.0008 0.0007 0.0007 0.9935 0.0009 0.0010 0.0023 
      CROC11  3 0.0006 0.0007 0.0007 0.9909 0.0010 0.0024 0.0036 
     CROC110  3 0.0006 0.0012 0.0006 0.9672 0.0036 0.0020 0.0248 
     CROC116  3 0.0009 0.0026 0.0023 0.9791 0.0037 0.0029 0.0086 
      CROC12  3 0.0006 0.0027 0.0008 0.9888 0.0015 0.0012 0.0044 
     CROC123  3 0.0004 0.0008 0.0007 0.9934 0.0017 0.0008 0.0020 
      CROC13  3 0.0014 0.0010 0.0019 0.9910 0.0010 0.0014 0.0023 
      CROC14  3 0.0893 0.0012 0.0010 0.8977 0.0026 0.0014 0.0068 
      CROC15  3 0.0031 0.0009 0.0026 0.8498 0.0022 0.0063 0.1351 
      CROC16  3 0.0011 0.0005 0.0036 0.9878 0.0010 0.0022 0.0038 
      CROC17  3 0.0005 0.1634 0.0008 0.8306 0.0014 0.0010 0.0022 
      CROC18  3 0.0006 0.0015 0.0141 0.9531 0.0065 0.0017 0.0224 
      CROC19  3 0.0012 0.0106 0.0012 0.9710 0.0025 0.0034 0.0101 
     CROC198  3 0.0013 0.0009 0.0008 0.9916 0.0010 0.0018 0.0025 
      CROC20  3 0.0010 0.0007 0.0012 0.9894 0.0009 0.0019 0.0048 
     CROC202  3 0.0015 0.0010 0.0055 0.9859 0.0014 0.0018 0.0029 
      CROC21  3 0.0008 0.0008 0.0008 0.9911 0.0017 0.0015 0.0034 
     CROC216  3 0.0008 0.0021 0.0016 0.9611 0.0094 0.0066 0.0184 
      CROC22  3 0.0436 0.0043 0.0010 0.9364 0.0034 0.0012 0.0101 
      CROC23  3 0.0007 0.0027 0.0010 0.9847 0.0060 0.0019 0.0030 
      CROC24  3 0.0008 0.0016 0.0017 0.9903 0.0012 0.0015 0.0030 
      CROC25  3 0.0009 0.0009 0.0006 0.9929 0.0012 0.0012 0.0022 
     CROC259  3 0.0070 0.0199 0.0013 0.9534 0.0135 0.0016 0.0033 
      CROC26  3 0.0014 0.0676 0.0010 0.9108 0.0144 0.0023 0.0025 
      CROC27  3 0.0010 0.0034 0.0010 0.9795 0.0046 0.0054 0.0052 
      CROC28  3 0.0007 0.0014 0.0006 0.9904 0.0033 0.0012 0.0023 
      CROC29  3 0.0007 0.0011 0.0008 0.9898 0.0017 0.0021 0.0037 
      CROC30  3 0.0010 0.0018 0.0013 0.9803 0.0035 0.0020 0.0102 
      CROC31  3 0.0010 0.0028 0.0009 0.9851 0.0033 0.0015 0.0053 
      CROC32  3 0.0011 0.0015 0.0006 0.9917 0.0015 0.0010 0.0025 
      CROC33  3 0.0005 0.0022 0.0009 0.9555 0.0054 0.0279 0.0077 
      CROC34  3 0.0012 0.0010 0.0009 0.9889 0.0023 0.0025 0.0033 
      CROC35  3 0.0006 0.0027 0.0015 0.9587 0.0260 0.0008 0.0097 
      CROC36  3 0.0008 0.0006 0.0006 0.9941 0.0008 0.0010 0.0019 
      CROC57  3 0.0018 0.0008 0.0009 0.9903 0.0008 0.0016 0.0037 
      CROC81  3 0.0010 0.0011 0.0061 0.9826 0.0013 0.0028 0.0052 
      CROC84  3 0.0041 0.0024 0.0057 0.9818 0.0023 0.0008 0.0030 
        FW01  3 0.0006 0.0010 0.0016 0.9910 0.0014 0.0014 0.0030 
        FW02  3 0.0006 0.0006 0.0005 0.9952 0.0007 0.0009 0.0016 
        FW03  3 0.0005 0.0009 0.0012 0.9922 0.0013 0.0013 0.0026 
        FW04  3 0.0006 0.0006 0.0005 0.9952 0.0006 0.0009 0.0016 
        FW05  3 0.0006 0.0007 0.0004 0.9951 0.0007 0.0009 0.0016 
        FW06  3 0.0006 0.0006 0.0004 0.9952 0.0006 0.0009 0.0016 
        FW07  3 0.0006 0.0009 0.0012 0.9921 0.0013 0.0012 0.0026 
        FW08  3 0.0006 0.0006 0.0005 0.9952 0.0007 0.0009 0.0016 
        FW09  3 0.0006 0.0006 0.0005 0.9952 0.0007 0.0009 0.0016 
        FW10  3 0.0006 0.0010 0.0012 0.9912 0.0017 0.0015 0.0029 
       FW100  3 0.0005 0.0010 0.0012 0.9914 0.0017 0.0014 0.0028 
       FW101  3 0.0005 0.0009 0.0013 0.9911 0.0018 0.0015 0.0028 
       FW102  3 0.0006 0.0006 0.0005 0.9952 0.0007 0.0009 0.0016 
       FW103  3 0.0006 0.0006 0.0005 0.9952 0.0007 0.0009 0.0016 
       FW104  3 0.0006 0.0009 0.0015 0.9910 0.0014 0.0014 0.0030 
       FW105  3 0.0006 0.0010 0.0012 0.9911 0.0016 0.0015 0.0029 
       FW106  3 0.0008 0.0014 0.0040 0.9575 0.0030 0.0047 0.0286 
       FW107  3 0.0006 0.0009 0.0014 0.9911 0.0015 0.0014 0.0030 
       FW108  3 0.0006 0.0007 0.0005 0.9951 0.0007 0.0009 0.0016 
       FW109  3 0.0005 0.0010 0.0013 0.9910 0.0018 0.0015 0.0029 
        FW11  3 0.0006 0.0010 0.0012 0.9913 0.0018 0.0014 0.0027 
       FW110  3 0.0006 0.0009 0.0012 0.9921 0.0013 0.0013 0.0026 
       FW111  3 0.0006 0.0006 0.0005 0.9952 0.0007 0.0009 0.0016 
       FW112  3 0.0005 0.0009 0.0012 0.9914 0.0017 0.0015 0.0027 
       FW113  3 0.0006 0.0006 0.0005 0.9952 0.0007 0.0009 0.0016 
       FW114  3 0.0006 0.0012 0.0012 0.9908 0.0024 0.0012 0.0027 
       FW115  3 0.0005 0.0010 0.0012 0.9914 0.0016 0.0015 0.0028 
       FW116  3 0.0006 0.0006 0.0004 0.9952 0.0006 0.0009 0.0016 
        FW12  3 0.0006 0.0007 0.0005 0.9952 0.0007 0.0009 0.0016 
        FW13  3 0.0006 0.0006 0.0004 0.9952 0.0007 0.0009 0.0016 
        FW14  3 0.0006 0.0010 0.0016 0.9908 0.0014 0.0015 0.0031 
        FW15  3 0.0006 0.0009 0.0016 0.9909 0.0015 0.0014 0.0030 
        FW16  3 0.0006 0.0010 0.0012 0.9912 0.0017 0.0015 0.0028 
        FW17  3 0.0006 0.0010 0.0012 0.9913 0.0016 0.0014 0.0029 
        FW18  3 0.0005 0.0010 0.0012 0.9914 0.0016 0.0015 0.0027 
        FW19  3 0.0006 0.0006 0.0005 0.9953 0.0006 0.0009 0.0016 
        FW20  3 0.0006 0.0006 0.0005 0.9952 0.0007 0.0009 0.0016 
        FW21  3 0.0006 0.0007 0.0005 0.9951 0.0007 0.0009 0.0016 
        FW22  3 0.0006 0.0010 0.0013 0.9914 0.0016 0.0015 0.0027 
        FW23  3 0.0006 0.0006 0.0004 0.9952 0.0006 0.0009 0.0016 
        FW24  3 0.0006 0.0006 0.0005 0.9951 0.0007 0.0009 0.0016 
        FW25  3 0.0006 0.0006 0.0004 0.9952 0.0007 0.0009 0.0016 
        FW26  3 0.0006 0.0007 0.0004 0.9951 0.0007 0.0009 0.0016 
        FW27  3 0.0006 0.0009 0.0012 0.9912 0.0017 0.0015 0.0029 
        FW28  3 0.0006 0.0007 0.0004 0.9952 0.0007 0.0009 0.0016 
        FW29  3 0.0006 0.0007 0.0005 0.9951 0.0007 0.0009 0.0016 
        FW30  3 0.0008 0.0014 0.0041 0.9570 0.0034 0.0047 0.0286 
        FW32  3 0.0006 0.0010 0.0015 0.9911 0.0013 0.0014 0.0031 
        FW33  3 0.0006 0.0007 0.0005 0.9951 0.0007 0.0009 0.0016 
        FW34  3 0.0006 0.0006 0.0005 0.9952 0.0007 0.0009 0.0015 
        FW35  3 0.0006 0.0007 0.0005 0.9951 0.0007 0.0009 0.0016 
        FW36  3 0.0006 0.0006 0.0004 0.9952 0.0007 0.0009 0.0016 
        FW37  3 0.0005 0.0009 0.0012 0.9913 0.0017 0.0015 0.0028 
        FW51  3 0.0006 0.0007 0.0005 0.9952 0.0007 0.0009 0.0016 
        FW52  3 0.0005 0.0010 0.0013 0.9913 0.0016 0.0015 0.0029 
        FW53  3 0.0006 0.0006 0.0005 0.9951 0.0007 0.0009 0.0016 
        FW54  3 0.0006 0.0009 0.0013 0.9921 0.0013 0.0012 0.0026 
        FW55  3 0.0006 0.0006 0.0005 0.9952 0.0006 0.0009 0.0016 
        FW56  3 0.0006 0.0006 0.0004 0.9952 0.0007 0.0008 0.0016 
        FW57  3 0.0006 0.0007 0.0005 0.9951 0.0007 0.0009 0.0016 
        FW78  3 0.0006 0.0006 0.0004 0.9952 0.0007 0.0009 0.0016 
        FW79  3 0.0006 0.0006 0.0004 0.9952 0.0007 0.0009 0.0016 
        FW80  3 0.0006 0.0006 0.0005 0.9952 0.0006 0.0009 0.0016 
        FW81  3 0.0006 0.0009 0.0013 0.9920 0.0013 0.0012 0.0026 
        FW82  3 0.0005 0.0009 0.0012 0.9914 0.0017 0.0014 0.0029 
        FW83  3 0.0006 0.0009 0.0015 0.9909 0.0014 0.0015 0.0031 
        FW84  3 0.0006 0.0007 0.0005 0.9951 0.0007 0.0009 0.0016 
        FW85  3 0.0006 0.0010 0.0023 0.9873 0.0034 0.0014 0.0041 
        FW86  3 0.0006 0.0010 0.0012 0.9913 0.0017 0.0015 0.0027 
        FW87  3 0.0006 0.0010 0.0012 0.9914 0.0016 0.0015 0.0028 
        FW88  3 0.0006 0.0006 0.0005 0.9952 0.0007 0.0009 0.0016 
        FW89  3 0.0006 0.0007 0.0005 0.9951 0.0007 0.0009 0.0016 
        FW90  3 0.0006 0.0007 0.0005 0.9951 0.0007 0.0009 0.0016 
        FW91  3 0.0006 0.0009 0.0012 0.9912 0.0017 0.0015 0.0029 
        FW92  3 0.0006 0.0007 0.0005 0.9951 0.0007 0.0009 0.0016 
        FW93  3 0.0006 0.0007 0.0005 0.9951 0.0007 0.0009 0.0016 
        FW94  3 0.0006 0.0010 0.0013 0.9913 0.0016 0.0015 0.0028 
        FW95  3 0.0006 0.0006 0.0005 0.9952 0.0007 0.0009 0.0016 
        FW96  3 0.0006 0.0007 0.0005 0.9952 0.0006 0.0009 0.0016 
        FW97  3 0.0060 0.0010 0.0025 0.9758 0.0016 0.0055 0.0075 
        FW98  3 0.0006 0.0009 0.0013 0.9921 0.0013 0.0013 0.0026 
        FW99  3 0.0006 0.0006 0.0004 0.9952 0.0007 0.0009 0.0016 
       Cal01  3 0.0010 0.0009 0.0009 0.9893 0.0019 0.0026 0.0036 
       Cal02  3 0.0008 0.0007 0.0010 0.9909 0.0013 0.0014 0.0040 
       Cal03  3 0.0004 0.0009 0.0007 0.9933 0.0009 0.0012 0.0025 
       Cal04  3 0.0009 0.0018 0.0016 0.9778 0.0034 0.0061 0.0084 
       Cal05  3 0.0004 0.0127 0.0006 0.9826 0.0014 0.0008 0.0015 
       Cal06  3 0.0011 0.0013 0.0008 0.9798 0.0102 0.0018 0.0051 
       Cal07  3 0.0005 0.0682 0.0005 0.9265 0.0017 0.0008 0.0018 
       Cal08  3 0.0019 0.0020 0.0016 0.9877 0.0013 0.0021 0.0034 
       Cal09  3 0.0007 0.0411 0.0018 0.9466 0.0049 0.0013 0.0036 
       Cal10  3 0.0006 0.0012 0.0011 0.9867 0.0019 0.0026 0.0060 
       Cal11  3 0.0086 0.0011 0.0007 0.9827 0.0026 0.0016 0.0027 
      Cal197  3 0.0005 0.0013 0.0005 0.9918 0.0016 0.0012 0.0031 
      Cal198  3 0.0005 0.0941 0.0005 0.8712 0.0061 0.0238 0.0037 
      Cal199  3 0.0007 0.0006 0.0011 0.9921 0.0008 0.0023 0.0025 
      Cal200  3 0.0011 0.0008 0.0007 0.9926 0.0012 0.0009 0.0027 
      Cal201  3 0.0008 0.0018 0.0005 0.9918 0.0015 0.0009 0.0027 
      Cal202  3 0.0007 0.0094 0.0062 0.9387 0.0009 0.0267 0.0174 
      Cal203  3 0.0017 0.0007 0.0010 0.9906 0.0010 0.0019 0.0031 
      Cal204  3 0.0011 0.0022 0.0013 0.9881 0.0013 0.0020 0.0040 
      Cal205  3 0.0004 0.0009 0.0007 0.9919 0.0015 0.0016 0.0030 
      Cal206  3 0.0008 0.0008 0.0014 0.9915 0.0009 0.0012 0.0035 
      Cal207  3 0.0006 0.0030 0.0006 0.9855 0.0038 0.0027 0.0039 
      Cal208  3 0.0008 0.0011 0.0008 0.9910 0.0010 0.0021 0.0033 
      Cal209  3 0.0007 0.0008 0.0009 0.9938 0.0008 0.0010 0.0021 
      Cal210  3 0.0007 0.0006 0.0010 0.9923 0.0007 0.0022 0.0025 
      Cal211  3 0.0006 0.0008 0.0005 0.9935 0.0011 0.0011 0.0024 
      Cal212  3 0.0006 0.0007 0.0006 0.9929 0.0009 0.0012 0.0031 
      Cal213  3 0.0004 0.0397 0.0008 0.8830 0.0337 0.0105 0.0319 
      Cal214  3 0.0007 0.0010 0.0012 0.9074 0.0010 0.0824 0.0062 
      Cal215  3 0.0015 0.0011 0.0025 0.9863 0.0010 0.0030 0.0046 
      Cal216  3 0.0009 0.0041 0.0008 0.9885 0.0021 0.0011 0.0025 
      Cal217  3 0.0008 0.0025 0.0005 0.9917 0.0013 0.0010 0.0022 
      Cal218  3 0.0006 0.0007 0.0006 0.9936 0.0010 0.0010 0.0025 
      Cal219  3 0.0007 0.0006 0.0007 0.9915 0.0017 0.0011 0.0035 
      Cal220  3 0.0011 0.0011 0.0006 0.9889 0.0013 0.0020 0.0051 
      Cal221  3 0.0005 0.0007 0.0007 0.9932 0.0012 0.0010 0.0026 
      Cal222  3 0.0007 0.0008 0.0008 0.9927 0.0011 0.0016 0.0022 
      Cal223  3 0.0012 0.0309 0.0008 0.9492 0.0094 0.0042 0.0042 
      Cal224  3 0.0027 0.0332 0.0175 0.8752 0.0014 0.0608 0.0092 
       Cal33  3 0.0006 0.0017 0.0008 0.9898 0.0010 0.0011 0.0050 
       Cal34  3 0.0006 0.0038 0.0012 0.9815 0.0035 0.0062 0.0032 
       Cal35  3 0.0006 0.0014 0.0007 0.9915 0.0016 0.0010 0.0032 
       Cal37  3 0.0005 0.0066 0.0008 0.9609 0.0033 0.0010 0.0269 
       Cal38  3 0.0006 0.0011 0.0004 0.9937 0.0010 0.0010 0.0022 
       Cal39  3 0.0007 0.0020 0.0020 0.9910 0.0011 0.0011 0.0021 
       Cal40  3 0.0007 0.0008 0.0009 0.9937 0.0008 0.0011 0.0021 
       Cal41  3 0.0007 0.0009 0.0007 0.9936 0.0010 0.0010 0.0020 
       Cal42  3 0.0011 0.0007 0.0011 0.9921 0.0007 0.0013 0.0031 
       Cal43  3 0.0007 0.0011 0.0006 0.9916 0.0012 0.0014 0.0034 
       Cal44  3 0.0012 0.0007 0.0008 0.9858 0.0013 0.0025 0.0078 
        BW41  3 0.0008 0.0016 0.0358 0.9519 0.0012 0.0035 0.0053 
        BW42  3 0.0008 0.0017 0.0007 0.9829 0.0056 0.0013 0.0069 
        BW44  3 0.0009 0.0036 0.0006 0.9886 0.0022 0.0013 0.0029 
        BW45  3 0.0006 0.0008 0.0005 0.9946 0.0012 0.0008 0.0017 
        BW46  3 0.0006 0.0008 0.0008 0.9914 0.0011 0.0013 0.0040 
        BW47  3 0.0006 0.0046 0.0224 0.9333 0.0108 0.0013 0.0271 
        BW48  3 0.0014 0.0026 0.0031 0.9809 0.0016 0.0030 0.0075 
        BW49  3 0.0012 0.0293 0.0006 0.9609 0.0036 0.0011 0.0034 
        BW50  3 0.0007 0.0008 0.0007 0.9931 0.0012 0.0011 0.0025 
        BW51  3 0.0006 0.0010 0.0005 0.9751 0.0196 0.0011 0.0021 
        BW52  3 0.0039 0.0009 0.0007 0.9892 0.0016 0.0013 0.0024 
        BW53  3 0.0006 0.0018 0.0009 0.9594 0.0063 0.0026 0.0285 
        BW54  3 0.0009 0.0030 0.0044 0.8939 0.0043 0.0206 0.0729 
        BW55  3 0.0018 0.0009 0.0008 0.9907 0.0015 0.0015 0.0028 
        BW56  3 0.0007 0.0013 0.0027 0.9896 0.0018 0.0016 0.0024 
        BW57  3 0.0006 0.0024 0.0007 0.9888 0.0021 0.0022 0.0031 
        BW58  3 0.0005 0.0012 0.0008 0.9900 0.0033 0.0011 0.0030 
        BW59  3 0.0005 0.0010 0.0006 0.9922 0.0012 0.0013 0.0031 
        BW60  3 0.0008 0.0010 0.0008 0.9919 0.0017 0.0013 0.0025 
        BW61  3 0.0013 0.0016 0.0787 0.8964 0.0024 0.0012 0.0184 
        BW62  3 0.0007 0.0017 0.0014 0.9869 0.0018 0.0013 0.0063 
        BW63  3 0.0007 0.0077 0.0011 0.8960 0.0075 0.0015 0.0855 
        BW64  3 0.0007 0.0011 0.0006 0.9926 0.0013 0.0011 0.0026 
        BW65  3 0.0014 0.0011 0.0055 0.9634 0.0049 0.0111 0.0127 
        BW66  3 0.0036 0.0027 0.0009 0.9866 0.0023 0.0014 0.0024 
        BW67  3 0.0007 0.0009 0.0006 0.9944 0.0010 0.0009 0.0017 
        BW68  3 0.0006 0.0019 0.0029 0.9805 0.0034 0.0018 0.0088 
        BW69  3 0.0010 0.0008 0.0507 0.9419 0.0012 0.0015 0.0029 
        BW70  3 0.0007 0.0016 0.0006 0.9913 0.0013 0.0019 0.0025 
        BW71  3 0.0007 0.0015 0.0005 0.9937 0.0010 0.0008 0.0018 
        BW72  3 0.0011 0.0015 0.0033 0.9793 0.0013 0.0030 0.0105 
        BW73  3 0.0204 0.0065 0.0224 0.9168 0.0103 0.0016 0.0220 
        BW74  3 0.0006 0.0027 0.0008 0.9891 0.0018 0.0014 0.0035 
        BW75  3 0.0129 0.0055 0.0007 0.9433 0.0153 0.0033 0.0190 
        BW76  3 0.0012 0.0008 0.0041 0.9851 0.0015 0.0027 0.0047 
        BW77  3 0.0009 0.0021 0.0017 0.9854 0.0025 0.0024 0.0050 
        BW78  3 0.0009 0.0220 0.0008 0.9714 0.0011 0.0016 0.0022 
        BW79  3 0.0007 0.0013 0.0008 0.9813 0.0085 0.0013 0.0062 
        BW80  3 0.0007 0.0009 0.0007 0.9888 0.0014 0.0019 0.0056 
        BW81  3 0.0006 0.0033 0.0009 0.9899 0.0017 0.0011 0.0026 
       BWS05  3 0.0021 0.0020 0.0158 0.9611 0.0024 0.0041 0.0125 
       BWS06  3 0.0010 0.0007 0.0008 0.9905 0.0014 0.0029 0.0027 
       BWS07  3 0.0005 0.0011 0.0005 0.9551 0.0129 0.0010 0.0290 
       BWS08  3 0.0031 0.0043 0.0074 0.9689 0.0052 0.0035 0.0076 
       BWS09  3 0.0006 0.0006 0.0006 0.9938 0.0011 0.0013 0.0020 
       BWS10  3 0.0008 0.0012 0.0013 0.9651 0.0022 0.0015 0.0279 
       BWS11  3 0.0008 0.0012 0.0006 0.9915 0.0010 0.0012 0.0036 
       BWS12  3 0.0016 0.0021 0.0006 0.9897 0.0015 0.0014 0.0031 
       BWS13  3 0.0008 0.0007 0.0006 0.9893 0.0012 0.0039 0.0035 
       BWS14  3 0.0005 0.0011 0.0010 0.9907 0.0017 0.0013 0.0038 
       BWS15  3 0.0023 0.0011 0.0014 0.9841 0.0023 0.0029 0.0059 
       BWS16  3 0.0006 0.1628 0.0008 0.8295 0.0019 0.0011 0.0033 
       BWS17  3 0.0011 0.0011 0.0031 0.9863 0.0019 0.0022 0.0043 
       BWS18  3 0.0006 0.0026 0.0007 0.9255 0.0020 0.0644 0.0042 
       BWS19  3 0.0006 0.0085 0.0055 0.9378 0.0016 0.0296 0.0163 
       BWS20  3 0.0008 0.0063 0.0006 0.9802 0.0089 0.0012 0.0021 
       BWS21  3 0.0015 0.0010 0.0014 0.8856 0.0128 0.0485 0.0491 
       BWS22  3 0.0006 0.0012 0.0010 0.9903 0.0009 0.0027 0.0033 
       BWS23  3 0.0005 0.0021 0.0012 0.9330 0.0015 0.0584 0.0032 
       BWS24  3 0.0014 0.0038 0.0011 0.9649 0.0030 0.0016 0.0241 
       BWS25  3 0.0006 0.0011 0.0031 0.9783 0.0011 0.0011 0.0148 
       BWS26  3 0.0014 0.0012 0.0010 0.9882 0.0024 0.0012 0.0045 
       BWS27  3 0.0006 0.0139 0.0006 0.9772 0.0020 0.0010 0.0047 
       BWS28  3 0.0006 0.0011 0.0019 0.9820 0.0020 0.0018 0.0107 
       BWS29  3 0.0020 0.0016 0.0032 0.9831 0.0023 0.0023 0.0057 
       BWS30  3 0.0006 0.0006 0.0008 0.9918 0.0016 0.0020 0.0026 
       BWS31  3 0.0005 0.0020 0.0017 0.9875 0.0036 0.0012 0.0034 
       BWS32  3 0.0010 0.0017 0.0007 0.9791 0.0101 0.0016 0.0057 
       BWS33  3 0.0011 0.0013 0.0034 0.9734 0.0017 0.0037 0.0154 
       BWS34  3 0.0016 0.0011 0.0011 0.9871 0.0023 0.0022 0.0046 
       BWS35  3 0.0010 0.0021 0.0011 0.9848 0.0023 0.0025 0.0063 
       BWS36  3 0.0016 0.0008 0.0007 0.9927 0.0012 0.0011 0.0019 
       BWS37  3 0.0006 0.0027 0.0030 0.9879 0.0017 0.0012 0.0028 
       BWS38  3 0.0011 0.0012 0.0007 0.9908 0.0022 0.0013 0.0027 
       BWS39  3 0.0006 0.0013 0.0006 0.9932 0.0013 0.0011 0.0020 
       BWS40  3 0.0019 0.0008 0.0009 0.9910 0.0012 0.0017 0.0024 
       BWN01  3 0.0009 0.0218 0.0015 0.9703 0.0013 0.0014 0.0027 
       BWN02  3 0.0005 0.0270 0.0008 0.9403 0.0276 0.0011 0.0027 
       BWN03  3 0.0020 0.0008 0.0097 0.9558 0.0022 0.0093 0.0201 
       BWN04  3 0.0044 0.0013 0.0007 0.9877 0.0027 0.0011 0.0020 
        NC01  4 0.0008 0.8539 0.0005 0.1305 0.0020 0.0013 0.0110 
        NC02  4 0.0013 0.9519 0.0058 0.0200 0.0085 0.0021 0.0105 
        NC03  4 0.0005 0.9921 0.0006 0.0019 0.0015 0.0012 0.0021 
        NC04  4 0.0006 0.9594 0.0052 0.0168 0.0070 0.0019 0.0091 
        NC05  4 0.0014 0.9300 0.0010 0.0115 0.0081 0.0268 0.0212 
        NC06  4 0.0005 0.8950 0.0143 0.0824 0.0034 0.0013 0.0030 
        NC07  4 0.0006 0.9813 0.0006 0.0085 0.0044 0.0014 0.0032 
        NC08  4 0.0008 0.9456 0.0009 0.0437 0.0044 0.0016 0.0030 
        NC09  4 0.0011 0.9848 0.0007 0.0045 0.0034 0.0020 0.0035 
        NC10  4 0.0080 0.6622 0.0006 0.3069 0.0190 0.0010 0.0024 
        NC11  4 0.0044 0.9231 0.0113 0.0233 0.0099 0.0042 0.0239 
        NC12  4 0.0006 0.6180 0.0047 0.0075 0.3632 0.0011 0.0049 
        NC13  4 0.0005 0.9721 0.0006 0.0056 0.0086 0.0022 0.0104 
        NC14  4 0.0009 0.9443 0.0007 0.0291 0.0170 0.0010 0.0069 
        NC15  4 0.0015 0.9378 0.0016 0.0098 0.0334 0.0053 0.0106 
        NC16  4 0.0008 0.9246 0.0006 0.0640 0.0034 0.0013 0.0054 
        NC18  4 0.0027 0.9552 0.0009 0.0236 0.0122 0.0015 0.0039 
        NC19  4 0.0005 0.9924 0.0005 0.0022 0.0016 0.0009 0.0020 
        NC20  4 0.0022 0.9567 0.0019 0.0334 0.0015 0.0019 0.0023 
        NC21  4 0.0006 0.9716 0.0006 0.0139 0.0020 0.0039 0.0073 
        NC22  4 0.0009 0.9507 0.0058 0.0338 0.0027 0.0032 0.0030 
        NC23  4 0.0057 0.9331 0.0007 0.0218 0.0280 0.0020 0.0087 
        NC24  4 0.0024 0.9852 0.0017 0.0033 0.0020 0.0017 0.0037 
      SAND01  4 0.0010 0.0018 0.0005 0.9885 0.0030 0.0023 0.0028 
      SAND02  4 0.0010 0.0013 0.0008 0.9912 0.0014 0.0020 0.0022 
      SAND03  4 0.0007 0.0011 0.0005 0.9939 0.0010 0.0011 0.0017 
      SAND04  4 0.0005 0.0022 0.0008 0.9899 0.0017 0.0019 0.0030 
      SAND05  4 0.0008 0.0016 0.0007 0.9910 0.0015 0.0017 0.0028 
      SAND06  4 0.0007 0.0051 0.0008 0.9812 0.0066 0.0016 0.0041 
      SAND07  4 0.0016 0.0012 0.0005 0.9900 0.0019 0.0025 0.0024 
      SAND08  4 0.0010 0.1937 0.0009 0.7742 0.0270 0.0011 0.0022 
      SAND09  4 0.0007 0.0121 0.0007 0.9461 0.0193 0.0020 0.0192 
      SAND10  4 0.0021 0.0039 0.0009 0.9500 0.0386 0.0013 0.0032 
      SAND11  4 0.0007 0.0012 0.0006 0.9922 0.0011 0.0017 0.0024 
      SAND12  4 0.0015 0.0020 0.0006 0.9877 0.0033 0.0015 0.0034 
      SAND13  4 0.0022 0.0041 0.0009 0.9481 0.0404 0.0013 0.0031 
      SAND14  4 0.0010 0.0025 0.0011 0.9877 0.0038 0.0015 0.0025 
      SAND15  4 0.0005 0.0011 0.0005 0.9929 0.0015 0.0015 0.0020 
      SAND16  4 0.0005 0.0750 0.0006 0.8930 0.0081 0.0018 0.0210 
      SAND17  4 0.0008 0.0011 0.0005 0.9918 0.0015 0.0019 0.0024 
      SAND18  4 0.0005 0.0017 0.0006 0.9922 0.0018 0.0010 0.0022 
      SAND19  4 0.0005 0.0014 0.0005 0.9922 0.0017 0.0012 0.0025 
      SAND20  4 0.0022 0.0370 0.0005 0.9261 0.0306 0.0016 0.0021 
      SAND21  4 0.0015 0.0018 0.0005 0.9910 0.0019 0.0014 0.0020 
      SAND22  4 0.0006 0.0016 0.0004 0.9923 0.0020 0.0011 0.0019 
      SAND23  4 0.0005 0.0008 0.0007 0.9938 0.0009 0.0011 0.0022 
      SAND24  4 0.0008 0.0020 0.0029 0.9871 0.0014 0.0017 0.0041 
      SAND25  4 0.0015 0.0616 0.0009 0.9019 0.0214 0.0022 0.0105 
      SAND26  4 0.0005 0.0086 0.0009 0.9803 0.0063 0.0012 0.0021 
      SAND27  4 0.0012 0.0078 0.0009 0.6880 0.2961 0.0015 0.0045 
      SAND28  4 0.0007 0.0018 0.0009 0.9912 0.0019 0.0012 0.0023 
      SAND29  4 0.0007 0.0012 0.0006 0.9930 0.0013 0.0010 0.0023 
      SAND30  4 0.0006 0.0026 0.0005 0.9908 0.0019 0.0012 0.0024 
      SAND31  4 0.0019 0.0169 0.0005 0.8864 0.0888 0.0014 0.0040 
      SAND32  4 0.0006 0.0061 0.0011 0.9675 0.0199 0.0014 0.0033 
      SAND33  4 0.0016 0.0018 0.0007 0.9873 0.0037 0.0027 0.0022 
      SAND34  4 0.0005 0.0023 0.0006 0.9901 0.0025 0.0011 0.0029 
      SAND35  4 0.0006 0.0011 0.0005 0.9936 0.0014 0.0012 0.0016 
      SAND36  4 0.0005 0.0011 0.0006 0.9935 0.0012 0.0010 0.0022 
      SAND37  4 0.0007 0.0009 0.0006 0.9931 0.0013 0.0011 0.0024 
      SAND38  4 0.0020 0.0033 0.0007 0.9833 0.0048 0.0028 0.0031 
      SAND39  4 0.0006 0.0211 0.0009 0.8704 0.1031 0.0010 0.0028 
      SAND40  4 0.0009 0.0016 0.0011 0.9889 0.0022 0.0013 0.0040 
      SAND41  4 0.0011 0.0018 0.0006 0.9904 0.0025 0.0014 0.0022 
      SAND42  4 0.0009 0.0019 0.0007 0.9878 0.0032 0.0021 0.0034 
      SAND43  4 0.0009 0.0013 0.0008 0.9895 0.0018 0.0025 0.0032 
      SAND44  4 0.0015 0.0016 0.0005 0.9912 0.0021 0.0011 0.0020 
       Hon01  5 0.0010 0.9833 0.0015 0.0020 0.0035 0.0020 0.0067 
       Hon02  5 0.0005 0.9929 0.0006 0.0018 0.0010 0.0011 0.0021 
       Hon03  5 0.0199 0.9598 0.0036 0.0042 0.0011 0.0076 0.0037 
       Hon04  5 0.0009 0.9923 0.0008 0.0015 0.0010 0.0012 0.0023 
       Hon05  5 0.0007 0.9927 0.0007 0.0016 0.0012 0.0010 0.0022 
       Hon06  5 0.0008 0.9931 0.0005 0.0013 0.0011 0.0011 0.0021 
       Hon07  5 0.0007 0.9932 0.0007 0.0014 0.0010 0.0012 0.0019 
       Hon08  5 0.0006 0.9918 0.0007 0.0017 0.0013 0.0012 0.0027 
       Hon09  5 0.0008 0.9582 0.0008 0.0351 0.0016 0.0015 0.0019 
       Hon10  5 0.0024 0.9637 0.0201 0.0019 0.0034 0.0026 0.0057 
       Hon11  5 0.0010 0.9129 0.0016 0.0040 0.0013 0.0059 0.0733 
       Hon12  5 0.0009 0.9926 0.0007 0.0019 0.0008 0.0014 0.0017 
       Hon13  5 0.0007 0.9935 0.0008 0.0013 0.0009 0.0011 0.0018 
       Hon14  5 0.0030 0.9013 0.0016 0.0020 0.0854 0.0017 0.0050 
       Hon15  5 0.0006 0.9925 0.0007 0.0012 0.0010 0.0018 0.0022 
       Hon16  5 0.0007 0.9918 0.0007 0.0017 0.0013 0.0012 0.0027 
       Hon17  5 0.0008 0.9824 0.0005 0.0015 0.0085 0.0015 0.0047 
       Hon18  5 0.0006 0.9688 0.0005 0.0256 0.0011 0.0013 0.0020 
       Hon19  5 0.0020 0.9897 0.0007 0.0015 0.0010 0.0011 0.0040 
       Hon20  5 0.0009 0.9912 0.0005 0.0014 0.0010 0.0015 0.0035 
      ERIN01  6 0.9945 0.0004 0.0007 0.0010 0.0005 0.0011 0.0017 
      ERIN02  6 0.9946 0.0005 0.0007 0.0010 0.0005 0.0011 0.0017 
      ERIN03  6 0.9946 0.0004 0.0007 0.0010 0.0005 0.0011 0.0017 
      ERIN04  6 0.9945 0.0004 0.0007 0.0010 0.0005 0.0011 0.0018 
      ERIN05  6 0.9944 0.0004 0.0007 0.0010 0.0005 0.0012 0.0017 
      ERIN06  6 0.9947 0.0004 0.0007 0.0010 0.0005 0.0010 0.0017 
      ERIN07  6 0.9946 0.0004 0.0007 0.0010 0.0005 0.0011 0.0017 
      ERIN08  6 0.9945 0.0004 0.0007 0.0010 0.0005 0.0011 0.0017 
      ERIN09  6 0.9946 0.0004 0.0007 0.0010 0.0005 0.0011 0.0017 
      ERIN10  6 0.9945 0.0005 0.0007 0.0010 0.0005 0.0011 0.0017 
      ERIN11  6 0.9884 0.0005 0.0007 0.0010 0.0034 0.0011 0.0050 
      ERIN12  6 0.9946 0.0004 0.0007 0.0010 0.0005 0.0011 0.0017 
      ERIN13  6 0.9945 0.0005 0.0007 0.0010 0.0005 0.0011 0.0018 
      ERIN14  6 0.9946 0.0004 0.0007 0.0010 0.0005 0.0011 0.0017 
      ERIN15  6 0.9946 0.0004 0.0007 0.0010 0.0005 0.0011 0.0018 
      ERIN16  6 0.9944 0.0005 0.0007 0.0010 0.0005 0.0011 0.0018 
      ERIN17  6 0.9946 0.0004 0.0007 0.0010 0.0005 0.0011 0.0017 
      ERIN18  6 0.9946 0.0005 0.0007 0.0010 0.0005 0.0010 0.0017 
      ERIN19  6 0.9946 0.0004 0.0007 0.0010 0.0005 0.0010 0.0017 
      ERIN20  6 0.9946 0.0004 0.0007 0.0010 0.0005 0.0011 0.0017 
      ERIN21  6 0.9946 0.0005 0.0007 0.0010 0.0005 0.0010 0.0017 
      ERIN22  6 0.9946 0.0004 0.0007 0.0010 0.0005 0.0011 0.0017 
      ERIN23  6 0.9945 0.0004 0.0007 0.0010 0.0005 0.0011 0.0018 
      ERIN24  6 0.9946 0.0004 0.0007 0.0010 0.0005 0.0011 0.0017 
      ERIN25  6 0.9946 0.0004 0.0007 0.0010 0.0005 0.0011 0.0017 
      ERIN26  6 0.9946 0.0004 0.0007 0.0010 0.0005 0.0011 0.0017 
      ERIN27  6 0.9946 0.0004 0.0007 0.0010 0.0005 0.0011 0.0017 
      ERIN28  6 0.9945 0.0005 0.0007 0.0010 0.0005 0.0011 0.0017 
      ERIN29  6 0.9946 0.0004 0.0007 0.0010 0.0005 0.0011 0.0017 
      ERIN30  6 0.9945 0.0004 0.0007 0.0010 0.0005 0.0011 0.0018 
      ERIN31  6 0.9946 0.0004 0.0007 0.0010 0.0005 0.0010 0.0017 
      ERIN32  6 0.9946 0.0004 0.0007 0.0010 0.0005 0.0011 0.0017 
      ERIN33  6 0.9946 0.0004 0.0007 0.0010 0.0005 0.0011 0.0017 
      ERIN34  6 0.9946 0.0004 0.0007 0.0010 0.0005 0.0011 0.0017 
      ERIN35  6 0.9946 0.0005 0.0007 0.0010 0.0005 0.0011 0.0017 
      ERIN38  6 0.9946 0.0005 0.0007 0.0010 0.0005 0.0010 0.0018 
      ERIN39  6 0.9946 0.0004 0.0007 0.0010 0.0005 0.0010 0.0018 
      ERIN40  6 0.9946 0.0004 0.0007 0.0010 0.0005 0.0011 0.0017 
      ERIN41  6 0.9946 0.0004 0.0007 0.0010 0.0005 0.0011 0.0017 
      ERIN42  6 0.9946 0.0005 0.0007 0.0010 0.0005 0.0011 0.0017 
      ERIN43  6 0.9946 0.0004 0.0007 0.0010 0.0005 0.0010 0.0017 
      ERIN44  6 0.9946 0.0004 0.0007 0.0010 0.0005 0.0011 0.0017 
      ERIN45  6 0.9946 0.0005 0.0007 0.0010 0.0005 0.0010 0.0017 
      ERIN46  6 0.9947 0.0004 0.0007 0.0010 0.0005 0.0010 0.0017 
      ERIN47  6 0.9946 0.0004 0.0007 0.0010 0.0005 0.0011 0.0017 
       FDS01  6 0.9946 0.0005 0.0007 0.0010 0.0005 0.0010 0.0017 
       FDS02  6 0.9946 0.0004 0.0007 0.0010 0.0005 0.0011 0.0017 
       FDS03  6 0.9943 0.0005 0.0007 0.0010 0.0005 0.0011 0.0019 
       FDS04  6 0.9946 0.0004 0.0007 0.0010 0.0005 0.0011 0.0017 
       FDS05  6 0.9946 0.0004 0.0007 0.0010 0.0005 0.0010 0.0017 
       FDS06  6 0.9946 0.0004 0.0007 0.0010 0.0005 0.0011 0.0017 
       FDS07  6 0.9946 0.0004 0.0007 0.0010 0.0005 0.0011 0.0018 
       FDS08  6 0.9946 0.0004 0.0007 0.0010 0.0005 0.0011 0.0017 
       FDS09  6 0.9946 0.0004 0.0007 0.0010 0.0005 0.0011 0.0017 
       FDS10  6 0.9946 0.0004 0.0007 0.0010 0.0005 0.0010 0.0017 
       FDS11  6 0.9945 0.0005 0.0007 0.0010 0.0005 0.0010 0.0018 
       FDS12  6 0.9944 0.0005 0.0007 0.0010 0.0005 0.0011 0.0019 
       FDS13  6 0.9946 0.0005 0.0007 0.0010 0.0005 0.0011 0.0018 
       FDS14  6 0.9946 0.0004 0.0007 0.0010 0.0005 0.0010 0.0017 
       FDS15  6 0.9946 0.0004 0.0007 0.0009 0.0005 0.0011 0.0017 
       FDS16  6 0.9946 0.0004 0.0007 0.0010 0.0005 0.0011 0.0017 
       FDS17  6 0.9946 0.0004 0.0007 0.0010 0.0005 0.0011 0.0017 
       FDS18  6 0.9944 0.0005 0.0007 0.0010 0.0005 0.0011 0.0019 
       EPP01  6 0.0014 0.0004 0.0008 0.0011 0.0006 0.9932 0.0025 
       EPP02  6 0.0015 0.0005 0.0009 0.0011 0.0006 0.9930 0.0025 
       EPP03  6 0.0015 0.0004 0.0010 0.0011 0.0006 0.9927 0.0026 
       EPP04  6 0.0015 0.0005 0.0008 0.0011 0.0006 0.9930 0.0024 
       EPP05  6 0.0014 0.0005 0.0009 0.0012 0.0006 0.9927 0.0027 
       EPP06  6 0.0014 0.0005 0.0008 0.0011 0.0006 0.9931 0.0025 
       EPP07  6 0.0014 0.0005 0.0008 0.0011 0.0006 0.9931 0.0025 
       EPP08  6 0.0015 0.0005 0.0008 0.0011 0.0006 0.9930 0.0025 
       EPP09  6 0.0015 0.0005 0.0008 0.0011 0.0006 0.9930 0.0025 
       EPP10  6 0.0015 0.0005 0.0009 0.0011 0.0006 0.9930 0.0024 
       EPP11  6 0.0015 0.0005 0.0008 0.0011 0.0006 0.9924 0.0030 
       EPP12  6 0.0015 0.0004 0.0009 0.0012 0.0006 0.9929 0.0025 
       EPP13  6 0.0014 0.0005 0.0009 0.0011 0.0006 0.9931 0.0024 
       EPP14  6 0.0015 0.0004 0.0008 0.0012 0.0006 0.9930 0.0025 
       EPP15  6 0.0012 0.0007 0.0009 0.0018 0.0009 0.9920 0.0025 
       EPP16  6 0.0014 0.0005 0.0009 0.0012 0.0006 0.9931 0.0024 
       EPP17  6 0.0015 0.0004 0.0008 0.0011 0.0006 0.9930 0.0025 
       EPP18  6 0.0015 0.0004 0.0008 0.0012 0.0006 0.9931 0.0024 
       EPP19  6 0.0014 0.0005 0.0009 0.0012 0.0006 0.9928 0.0027 
       EPP20  6 0.0014 0.0005 0.0010 0.0011 0.0006 0.9929 0.0026 
       EPP21  6 0.0024 0.0005 0.0008 0.0011 0.0006 0.9920 0.0026 
       EPP22  6 0.0015 0.0005 0.0008 0.0011 0.0006 0.9931 0.0024 
       EPP23  6 0.0015 0.0004 0.0009 0.0011 0.0006 0.9929 0.0025 
       EPP24  6 0.0015 0.0005 0.0008 0.0011 0.0006 0.9930 0.0025 
       EPP25  6 0.0015 0.0005 0.0009 0.0011 0.0006 0.9927 0.0027 
       EPP26  6 0.0016 0.0005 0.0009 0.0012 0.0006 0.9926 0.0027 
       EPP27  6 0.0015 0.0004 0.0010 0.0011 0.0006 0.9928 0.0026 
       EPP28  6 0.0015 0.0005 0.0009 0.0011 0.0006 0.9931 0.0024 
       EPP29  6 0.0015 0.0004 0.0008 0.0011 0.0006 0.9930 0.0025 
       EPP30  6 0.0016 0.0004 0.0008 0.0011 0.0006 0.9930 0.0025 
       EPP31  6 0.0016 0.0005 0.0009 0.0012 0.0006 0.9928 0.0025 
       EPP32  6 0.0014 0.0004 0.0008 0.0011 0.0006 0.9931 0.0025 
       EPP33  6 0.0014 0.0005 0.0009 0.0012 0.0006 0.9930 0.0025 
       EPP34  6 0.0015 0.0005 0.0009 0.0011 0.0006 0.9926 0.0028 
       EPP35  6 0.0012 0.0007 0.0010 0.0017 0.0011 0.9915 0.0028 
       EPP36  6 0.0015 0.0005 0.0009 0.0011 0.0006 0.9932 0.0024 
       EPP37  6 0.0016 0.0005 0.0010 0.0082 0.0008 0.9613 0.0266 
       EPP38  6 0.0015 0.0004 0.0010 0.0012 0.0006 0.9927 0.0026 
       EPP39  6 0.0015 0.0005 0.0008 0.0011 0.0006 0.9930 0.0025 
       EPP40  6 0.0015 0.0004 0.0009 0.0011 0.0006 0.9930 0.0025 
       EPP41  6 0.0014 0.0004 0.0009 0.0011 0.0006 0.9931 0.0025 
       EPP42  6 0.0015 0.0004 0.0009 0.0011 0.0006 0.9930 0.0025 
       EPP43  6 0.0015 0.0005 0.0009 0.0011 0.0006 0.9931 0.0024 
        ES68  6 0.4750 0.0144 0.0125 0.0045 0.0148 0.3788 0.1000 
       ENW44  6 0.0016 0.0005 0.0008 0.0011 0.0006 0.9930 0.0025 
       ENW45  6 0.0015 0.0005 0.0008 0.0012 0.0006 0.9930 0.0025 
       ENW46  6 0.0016 0.0005 0.0009 0.0012 0.0006 0.9929 0.0024 
       ENW48  6 0.0016 0.0004 0.0008 0.0011 0.0006 0.9931 0.0024 
       ENW49  6 0.0015 0.0005 0.0009 0.0012 0.0006 0.9930 0.0024 
       ENW50  6 0.0015 0.0005 0.0009 0.0012 0.0006 0.9930 0.0025 
       ENW51  6 0.6926 0.0006 0.0013 0.0016 0.0008 0.2982 0.0049 
       ENW52  6 0.0015 0.0005 0.0009 0.0011 0.0006 0.9929 0.0025 
       ENW53  6 0.6926 0.0006 0.0013 0.0016 0.0008 0.2978 0.0052 
       ENW54  6 0.6929 0.0007 0.0013 0.0016 0.0008 0.2976 0.0052 
       ENW55  6 0.6926 0.0006 0.0013 0.0016 0.0008 0.2977 0.0054 
       ENW56  6 0.6928 0.0006 0.0014 0.0016 0.0008 0.2974 0.0054 
       ENW57  6 0.6929 0.0006 0.0014 0.0016 0.0008 0.2976 0.0052 
       ENE58  6 0.6141 0.0006 0.0014 0.0020 0.0008 0.3766 0.0045 
       ENE59  6 0.6925 0.0006 0.0014 0.0017 0.0008 0.2973 0.0057 
       ENE60  6 0.6926 0.0006 0.0014 0.0016 0.0008 0.2976 0.0055 
       ENE61  6 0.6137 0.0006 0.0015 0.0019 0.0008 0.3770 0.0045 
       ENE62  6 0.6930 0.0006 0.0014 0.0016 0.0008 0.2976 0.0051 
       ENE63  6 0.6925 0.0006 0.0014 0.0017 0.0008 0.2972 0.0058 
       ENE64  6 0.6141 0.0007 0.0014 0.0020 0.0008 0.3763 0.0047 
       ENE65  6 0.6925 0.0006 0.0013 0.0016 0.0008 0.2980 0.0053 
       ENE66  6 0.6922 0.0006 0.0013 0.0016 0.0007 0.2986 0.0050 
       ENE67  6 0.6923 0.0006 0.0014 0.0017 0.0008 0.2978 0.0055 
         CC1  7 0.3669 0.0011 0.0557 0.0045 0.0013 0.0789 0.4916 
        CC10  7 0.4272 0.0007 0.0037 0.0038 0.0011 0.0771 0.4864 
        CC11  7 0.4848 0.0007 0.0025 0.0014 0.0010 0.0262 0.4834 
        CC12  7 0.4458 0.0009 0.0020 0.0013 0.0008 0.0030 0.5461 
        CC13  7 0.3684 0.0010 0.0552 0.0046 0.0013 0.0738 0.4957 
        CC14  7 0.3675 0.0011 0.0551 0.0044 0.0014 0.0795 0.4911 
        CC15  7 0.3661 0.0011 0.0469 0.0057 0.0018 0.0510 0.5273 
        CC16  7 0.3922 0.0012 0.0918 0.0012 0.0010 0.0128 0.4998 
        CC17  7 0.4103 0.0008 0.0039 0.0042 0.0011 0.0753 0.5043 
         CC2  7 0.3680 0.0011 0.0563 0.0044 0.0012 0.0763 0.4926 
         CC3  7 0.3637 0.0013 0.0232 0.0039 0.0011 0.0143 0.5925 
         CC4  7 0.0062 0.1494 0.0040 0.0046 0.0032 0.0736 0.7591 
         CC5  7 0.5242 0.0008 0.0049 0.0012 0.0009 0.0100 0.4580 
         CC6  7 0.5087 0.0008 0.0052 0.0012 0.0010 0.0103 0.4728 
         CC7  7 0.5247 0.0008 0.0047 0.0012 0.0009 0.0103 0.4575 
         CC8  7 0.5252 0.0008 0.0046 0.0011 0.0009 0.0106 0.4567 
         CC9  7 0.5085 0.0008 0.0055 0.0012 0.0009 0.0111 0.4719 
       BUN01  8 0.0009 0.0010 0.0070 0.0015 0.0009 0.0445 0.9441 
       BUN02  8 0.0083 0.0017 0.0492 0.0023 0.0013 0.0037 0.9333 
       BUN03  8 0.0031 0.0014 0.0007 0.0015 0.0016 0.0041 0.9876 
       BUN04  8 0.0105 0.0007 0.0012 0.0027 0.0009 0.0030 0.9809 
       BUN05  8 0.0083 0.0013 0.0042 0.0567 0.0009 0.2155 0.7132 
       BUN06  8 0.0021 0.0012 0.0008 0.0014 0.0013 0.0031 0.9900 
       BUN07  8 0.0008 0.0102 0.0011 0.0014 0.0022 0.0468 0.9376 
       SOB01  8 0.0017 0.0006 0.0010 0.0021 0.0007 0.0021 0.9918 
       SOB02  8 0.0136 0.0278 0.0022 0.0051 0.0812 0.0068 0.8633 
       SOB03  8 0.0119 0.0007 0.0018 0.0037 0.0007 0.0112 0.9700 
       SOB04  8 0.0018 0.0020 0.0031 0.0169 0.0580 0.0015 0.9166 
       SOB05  8 0.0371 0.0007 0.0013 0.0017 0.0008 0.0015 0.9569 
       SOB06  8 0.0146 0.0009 0.1110 0.0036 0.0066 0.0028 0.8605 
       SOB07  8 0.0159 0.0051 0.0974 0.0016 0.0046 0.0053 0.8701 
       SOB08  8 0.0014 0.0007 0.0086 0.0028 0.0008 0.0022 0.9836 
       SOB09  8 0.0153 0.0018 0.0018 0.0321 0.1099 0.0021 0.8371 
       SOB10  8 0.0050 0.0006 0.0040 0.0014 0.0008 0.0021 0.9861 
       SOB11  8 0.0034 0.1320 0.0029 0.0019 0.0488 0.0142 0.7968 
       OSR01  8 0.0040 0.0041 0.0009 0.0063 0.1148 0.0277 0.8423 
       OSR02  8 0.0011 0.0018 0.2535 0.0014 0.0011 0.0025 0.7386 
       OSR03  8 0.0010 0.0017 0.2513 0.0014 0.0012 0.0025 0.7410 
       OSR04  8 0.0017 0.0012 0.1082 0.0015 0.0011 0.0120 0.8743 
       OSR05  8 0.0012 0.0016 0.2559 0.0014 0.0011 0.0024 0.7363 
       OSR06  8 0.0013 0.0722 0.0009 0.0021 0.0076 0.0030 0.9129 
       OSR07  8 0.0014 0.0007 0.0044 0.0035 0.0037 0.1172 0.8691 
       OSR08  8 0.0014 0.0007 0.0045 0.0035 0.0035 0.1177 0.8687 
       OSR09  8 0.0335 0.1055 0.0013 0.0024 0.0067 0.0609 0.7898 
      Lion01  8 0.0026 0.0028 0.0012 0.0037 0.0020 0.2322 0.7557 
      Lion02  8 0.0016 0.0018 0.0014 0.0018 0.0013 0.0040 0.9880 
      Lion03  8 0.0010 0.0006 0.0016 0.0014 0.0010 0.0325 0.9620 
      Lion04  8 0.0020 0.0013 0.0012 0.0025 0.0013 0.0181 0.9736 
      Lion05  8 0.0078 0.0052 0.0028 0.0105 0.0035 0.0021 0.9680 
      Lion06  8 0.0077 0.0058 0.0029 0.0105 0.0034 0.0023 0.9674 
        TW01  8 0.0017 0.0011 0.0014 0.0016 0.0011 0.0107 0.9825 
        TW02  8 0.0066 0.0010 0.0082 0.0175 0.0013 0.0305 0.9348 
        TW03  8 0.0018 0.0010 0.0013 0.0016 0.0011 0.0086 0.9845 
        TW04  8 0.0017 0.0011 0.0013 0.0016 0.0011 0.0105 0.9826 
        CF01  8 0.0017 0.0009 0.0020 0.0014 0.0009 0.0041 0.9890 
        CF02  8 0.0007 0.0007 0.2725 0.0021 0.0008 0.0052 0.7179 
        CF03  8 0.0018 0.0009 0.0020 0.0014 0.0009 0.0041 0.9889 
        CF04  8 0.0015 0.0010 0.0010 0.0053 0.0028 0.0097 0.9786 
        CF05  8 0.0013 0.0010 0.0017 0.0021 0.0017 0.0040 0.9881 
        CF06  8 0.0013 0.0011 0.0017 0.0021 0.0016 0.0038 0.9884 
        CF07  8 0.0009 0.0016 0.0007 0.0496 0.0169 0.0543 0.8759 
        CF08  8 0.0013 0.0010 0.0017 0.0022 0.0016 0.0039 0.9882 
        CF09  8 0.0018 0.0009 0.0019 0.0015 0.0009 0.0042 0.9888 
        CF10  8 0.0009 0.0007 0.0016 0.0021 0.0013 0.0033 0.9901 
        CF11  8 0.0020 0.0023 0.0047 0.0098 0.0123 0.0781 0.8908 
        CF12  8 0.0018 0.0009 0.0019 0.0015 0.0009 0.0042 0.9888 
        CF13  8 0.0013 0.0011 0.0017 0.0021 0.0017 0.0040 0.9881 
        CF14  8 0.0015 0.0009 0.0011 0.0054 0.0027 0.0097 0.9787 
        CF15  8 0.0015 0.0008 0.0009 0.0050 0.0026 0.0040 0.9851 
        CF16  8 0.0017 0.0009 0.0020 0.0015 0.0009 0.0041 0.9888 
        CF17  8 0.0013 0.0010 0.0024 0.0015 0.0010 0.0040 0.9888 
        CF18  8 0.0015 0.0009 0.0011 0.0054 0.0028 0.0099 0.9785 
        CF19  8 0.0025 0.0045 0.0023 0.0184 0.0167 0.0023 0.9533 
        CF20  8 0.0013 0.0010 0.0017 0.0022 0.0017 0.0037 0.9884 
        CF21  8 0.0012 0.0011 0.0018 0.0021 0.0017 0.0041 0.9880 
        CF22  8 0.0013 0.0011 0.0017 0.0021 0.0017 0.0040 0.9880 
        CF23  8 0.0013 0.0011 0.0018 0.0021 0.0017 0.0041 0.9878 
        CF24  8 0.0017 0.0009 0.0019 0.0015 0.0009 0.0041 0.9889 
        CF25  8 0.0018 0.0009 0.0020 0.0014 0.0009 0.0041 0.9888 
        CF26  8 0.0007 0.0007 0.2723 0.0021 0.0008 0.0052 0.7181 
        CF27  8 0.0013 0.0011 0.0017 0.0022 0.0017 0.0037 0.9883 
        CF28  8 0.0015 0.0008 0.0008 0.0055 0.0026 0.0043 0.9844 
        CF29  8 0.0018 0.0009 0.0020 0.0014 0.0009 0.0040 0.9889 
        CF30  8 0.0020 0.0013 0.0012 0.0025 0.0014 0.0191 0.9726 
        CF31  8 0.0018 0.0009 0.0019 0.0014 0.0009 0.0040 0.9891 
        CF32  8 0.0011 0.0009 0.0046 0.0014 0.0009 0.0030 0.9881 
        CF33  8 0.0012 0.0010 0.0017 0.0020 0.0970 0.0045 0.8926 
        CF34  8 0.0013 0.0011 0.0016 0.0021 0.0017 0.0037 0.9885 
        CF35  8 0.0015 0.0008 0.0009 0.0049 0.0026 0.0041 0.9851 
        CF36  8 0.0017 0.0014 0.0013 0.0014 0.0007 0.0017 0.9917 
        BP01  8 0.0329 0.0008 0.0069 0.0027 0.0011 0.0053 0.9503 
        BP02  8 0.0013 0.0008 0.0008 0.0019 0.0008 0.0051 0.9891 
        BP03  8 0.0012 0.0005 0.0014 0.0017 0.0009 0.0020 0.9922 
        BP04  8 0.0026 0.0007 0.0024 0.0019 0.0007 0.0210 0.9706 
        BP06  8 0.0016 0.0007 0.0020 0.0018 0.0009 0.0035 0.9895 
        BP07  8 0.0127 0.0120 0.0016 0.0385 0.0014 0.0017 0.9320 
        BP08  8 0.0030 0.0008 0.0016 0.0018 0.0009 0.0057 0.9862 
        BP09  8 0.0015 0.0017 0.0049 0.0049 0.0014 0.0019 0.9836 
        BP10  8 0.0033 0.0008 0.0007 0.0019 0.0008 0.0019 0.9906 
        BP11  8 0.0009 0.0005 0.0011 0.0016 0.0007 0.0017 0.9934 
        BP12  8 0.0011 0.0011 0.0411 0.0015 0.0009 0.0023 0.9519 
        BP14  8 0.0023 0.0024 0.0017 0.0043 0.0013 0.0056 0.9825 
        BP16  8 0.0027 0.0006 0.0010 0.0016 0.0008 0.0020 0.9912 
        BP17  8 0.0084 0.0006 0.0013 0.0022 0.0008 0.0016 0.9851 
        BP18  8 0.0034 0.0008 0.0007 0.0019 0.0009 0.0018 0.9905 
        BP19  8 0.0013 0.0010 0.0010 0.0025 0.0010 0.0022 0.9910 
        BP20  8 0.0033 0.0008 0.0007 0.0019 0.0009 0.0018 0.9906 
   BP2007-01  8 0.0009 0.0005 0.0010 0.0016 0.0007 0.0017 0.9935 
   BP2007-02  8 0.0012 0.0006 0.0016 0.0015 0.0007 0.0016 0.9929 
   BP2007-03  8 0.0013 0.0009 0.0089 0.0112 0.0014 0.0664 0.9100 
   BP2007-04  8 0.0012 0.0010 0.0008 0.0023 0.0010 0.0027 0.9909 
   BP2007-05  8 0.0054 0.0051 0.0189 0.0014 0.1727 0.0015 0.7949 
   BP2007-06  8 0.0234 0.0007 0.0092 0.0016 0.0013 0.0083 0.9556 
   BP2007-07  8 0.0012 0.0005 0.0014 0.0018 0.0010 0.0020 0.9921 
   BP2007-08  8 0.0103 0.0018 0.0072 0.0125 0.0015 0.0030 0.9638 
   BP2007-09  8 0.0109 0.0018 0.0074 0.0132 0.0015 0.0030 0.9622 
   BP2007-10  8 0.0012 0.0005 0.0014 0.0017 0.0010 0.0021 0.9921 
   BP2007-11  8 0.0009 0.0005 0.0013 0.0020 0.0008 0.0020 0.9926 
   BP2007-12  8 0.0025 0.0007 0.0043 0.0017 0.0006 0.0028 0.9873 
   BP2007-13  8 0.0109 0.0019 0.0071 0.0124 0.0015 0.0029 0.9633 
   BP2007-14  8 0.0009 0.0104 0.0018 0.0767 0.0173 0.0213 0.8715 
   BP2007-15  8 0.0015 0.0009 0.0013 0.0015 0.0008 0.0022 0.9919 
   BP2007-16  8 0.0006 0.0008 0.0012 0.0035 0.0014 0.0221 0.9704 
   BP2007-17  8 0.0028 0.0007 0.0018 0.0018 0.0009 0.0060 0.9860 
   BP2007-18  8 0.0006 0.0066 0.0012 0.0620 0.0187 0.0030 0.9079 
   BP2007-19  8 0.0025 0.0007 0.0026 0.0019 0.0008 0.0203 0.9712 
   BP2007-20  8 0.0026 0.0007 0.0024 0.0019 0.0007 0.0204 0.9713 
   BP2007-21  8 0.0009 0.0005 0.0010 0.0017 0.0008 0.0021 0.9930 
   BP2007-22  8 0.0008 0.0005 0.0014 0.0020 0.0007 0.0019 0.9927 
   BP2007-23  8 0.0010 0.0005 0.0010 0.0016 0.0007 0.0017 0.9934 
   BP2007-24  8 0.0045 0.0013 0.0069 0.0025 0.0015 0.0031 0.9801 
   BP2007-25  8 0.0012 0.0006 0.0015 0.0015 0.0007 0.0015 0.9929 
   BP2007-26  8 0.0012 0.0011 0.0400 0.0015 0.0009 0.0024 0.9528 
   BP2007-27  8 0.0032 0.0008 0.0007 0.0020 0.0009 0.0019 0.9906 
   BP2007-28  8 0.0008 0.0005 0.0013 0.0020 0.0007 0.0019 0.9927 
   BP2007-29  8 0.0009 0.0005 0.0010 0.0019 0.0008 0.0020 0.9928 
   BP2007-30  8 0.0018 0.0006 0.0026 0.0018 0.0007 0.0747 0.9178 
   BP2007-31  8 0.0013 0.0011 0.0014 0.0015 0.0010 0.0053 0.9884 
   BP2007-32  8 0.0024 0.0177 0.0009 0.0054 0.0414 0.1663 0.7659 
   BP2007-33  8 0.0009 0.0005 0.0013 0.0019 0.0008 0.0020 0.9926 
   BP2007-34  8 0.1185 0.0007 0.0194 0.0020 0.0008 0.0073 0.8513 
   BP2007-35  8 0.0025 0.0007 0.0026 0.0020 0.0007 0.0222 0.9693 
   BP2007-36  8 0.0013 0.0006 0.0016 0.0015 0.0007 0.0016 0.9927 
   BP2007-37  8 0.0012 0.0066 0.0014 0.0292 0.1460 0.0012 0.8144 
   BP2007-38  8 0.0013 0.0005 0.0014 0.0017 0.0010 0.0021 0.9921 
   BP2007-39  8 0.0014 0.0008 0.0013 0.0015 0.0007 0.0022 0.9920 
   BP2007-40  8 0.0024 0.0007 0.0024 0.0021 0.0009 0.0094 0.9821 
        BP21  8 0.0013 0.0006 0.0015 0.0015 0.0007 0.0016 0.9928 
        BP22  8 0.0025 0.0007 0.0054 0.0015 0.0011 0.0053 0.9835 
        BP23  8 0.0022 0.0007 0.0168 0.0013 0.0007 0.0043 0.9740 
        BP24  8 0.0024 0.0006 0.0054 0.0014 0.0008 0.0099 0.9795 
        BP25  8 0.0012 0.0006 0.0016 0.0015 0.0007 0.0016 0.9928 
        BP26  8 0.0012 0.0006 0.0016 0.0015 0.0007 0.0016 0.9929 
        BP27  8 0.0102 0.0012 0.0230 0.0132 0.0017 0.0030 0.9478 
        BP28  8 0.0025 0.0007 0.0057 0.0015 0.0010 0.0058 0.9828 
        BP29  8 0.0028 0.0005 0.0010 0.0023 0.0007 0.0026 0.9900 
        BP30  8 0.0010 0.0006 0.0017 0.0015 0.0007 0.0014 0.9931 
      NNKB01  8 0.0078 0.0019 0.0013 0.0033 0.0020 0.0031 0.9806 
      NNKB02  8 0.0011 0.0008 0.0015 0.0051 0.0012 0.0063 0.9841 
      NNKN01  8 0.0009 0.0011 0.0028 0.0019 0.1651 0.0042 0.8241 
         SR1  9 0.0015 0.0007 0.2402 0.0014 0.0008 0.0025 0.7528 
        SR10  9 0.0753 0.0197 0.0016 0.0037 0.0015 0.0469 0.8512 
        SR11  9 0.0015 0.0006 0.0193 0.0014 0.0008 0.0309 0.9454 
        SR12  9 0.0016 0.0007 0.2359 0.0015 0.0008 0.0024 0.7571 
        SR13  9 0.0126 0.0013 0.1077 0.0125 0.0456 0.2791 0.5412 
        SR15  9 0.1322 0.0019 0.0013 0.0043 0.0025 0.0031 0.8547 
        SR16  9 0.0018 0.0012 0.0027 0.0016 0.0017 0.0056 0.9853 
        SR17  9 0.0293 0.0012 0.0034 0.0024 0.0015 0.3163 0.6459 
        SR18  9 0.0050 0.0007 0.0028 0.0031 0.0015 0.0024 0.9843 
        SR19  9 0.0009 0.0010 0.0275 0.0014 0.0512 0.0020 0.9160 
         SR2  9 0.0015 0.0006 0.0189 0.0014 0.0008 0.0302 0.9467 
        SR20  9 0.1039 0.0008 0.0011 0.0017 0.0012 0.2299 0.6612 
        SR21  9 0.0029 0.0009 0.1677 0.0016 0.0008 0.0041 0.8220 
        SR22  9 0.0015 0.0009 0.3823 0.0011 0.0008 0.0022 0.6112 
        SR23  9 0.0030 0.0013 0.1631 0.0032 0.0012 0.0039 0.8243 
        SR24  9 0.0025 0.0029 0.0045 0.0027 0.0045 0.0693 0.9137 
        SR25  9 0.0016 0.0097 0.0174 0.0018 0.0032 0.0163 0.9500 
        SR26  9 0.0401 0.0054 0.0038 0.0021 0.0115 0.0267 0.9104 
        SR27  9 0.0020 0.0009 0.0855 0.0016 0.0018 0.0018 0.9064 
        SR28  9 0.0008 0.0010 0.0016 0.0020 0.0036 0.1376 0.8534 
        SR29  9 0.0018 0.0189 0.0102 0.0029 0.0024 0.2579 0.7059 
         SR3  9 0.0011 0.0008 0.0307 0.0015 0.0009 0.1072 0.8578 
        SR30  9 0.0162 0.0008 0.0040 0.0013 0.0009 0.0057 0.9711 
         SR5  9 0.0198 0.0009 0.0298 0.0015 0.0010 0.0218 0.9252 
         SR6  9 0.0041 0.0012 0.0181 0.0017 0.0011 0.0671 0.9068 
         SR7  9 0.0214 0.0015 0.0024 0.0017 0.0016 0.3833 0.5881 
         SR8  9 0.0012 0.0007 0.0271 0.0014 0.0009 0.0291 0.9396 
         SR9  9 0.0128 0.0012 0.0031 0.0017 0.0016 0.3942 0.5853 
       HAM01 10 0.0016 0.0005 0.0106 0.0012 0.0008 0.0075 0.9777 
       HAM02 10 0.0013 0.0016 0.0052 0.0084 0.0023 0.2779 0.7033 
       HAM03 10 0.0015 0.0005 0.0118 0.0013 0.0008 0.0076 0.9765 
       HAM07 10 0.0017 0.0036 0.0247 0.0055 0.0012 0.0028 0.9604 
       HAM08 10 0.0009 0.0015 0.0017 0.0013 0.0013 0.1612 0.8321 
       HAM09 10 0.0017 0.0013 0.0013 0.0124 0.0382 0.0032 0.9419 
       HAM10 10 0.0056 0.0023 0.0024 0.0034 0.0016 0.0040 0.9806 
      CRWL01 10 0.0028 0.0013 0.0022 0.0020 0.0010 0.0094 0.9814 
      CRWL02 10 0.0022 0.0010 0.0027 0.0018 0.0010 0.0091 0.9822 
      CRWL03 10 0.0048 0.0017 0.0033 0.0016 0.0016 0.0078 0.9793 
      CRWL04 10 0.0037 0.0007 0.0013 0.0022 0.0008 0.0033 0.9882 
      CRWL05 10 0.0076 0.0013 0.0011 0.0023 0.0010 0.0015 0.9852 
      CRWL06 10 0.0027 0.0007 0.0033 0.0016 0.0007 0.0043 0.9867 
      CRWL07 10 0.0011 0.0011 0.0036 0.0024 0.0013 0.0046 0.9859 
      CRWL08 10 0.0013 0.0008 0.0009 0.0018 0.0009 0.0039 0.9904 
      CRWL09 10 0.0017 0.0008 0.0038 0.0013 0.0157 0.0032 0.9734 
      CRWL10 10 0.0008 0.0017 0.0059 0.0022 0.0011 0.0055 0.9829 
      CRWL11 10 0.0016 0.0011 0.0093 0.0027 0.0015 0.0088 0.9748 
      CRWL12 10 0.0071 0.0007 0.0014 0.0044 0.0012 0.1874 0.7978 
      CRWL13 10 0.0014 0.0006 0.0014 0.0014 0.0007 0.0057 0.9889 
      CRWL14 10 0.0047 0.0016 0.0013 0.0023 0.0012 0.0030 0.9860 
      CRWL15 10 0.0032 0.0009 0.0011 0.0011 0.0008 0.0819 0.9110 
      CRWL16 10 0.0046 0.0016 0.0014 0.0023 0.0011 0.0028 0.9862 
      CRWL17 10 0.0015 0.0012 0.0049 0.0028 0.0015 0.0097 0.9785 
      CRWL18 10 0.0017 0.0007 0.0035 0.0013 0.0012 0.0030 0.9886 
      CRWL19 10 0.0018 0.0007 0.0037 0.0013 0.0011 0.0033 0.9882 
      CRWL20 10 0.0022 0.0011 0.0018 0.0015 0.0008 0.0026 0.9900 
      CRWL21 10 0.0009 0.0159 0.0024 0.0016 0.0012 0.0152 0.9628 
       MES01 11 0.0008 0.0005 0.9928 0.0011 0.0006 0.0014 0.0028 
       MES02 11 0.0008 0.0006 0.9927 0.0011 0.0007 0.0014 0.0028 
       MES03 11 0.0453 0.0009 0.9369 0.0012 0.0012 0.0108 0.0037 
       MES04 11 0.0008 0.0006 0.9927 0.0011 0.0006 0.0014 0.0028 
       MES05 11 0.0007 0.0005 0.9935 0.0011 0.0006 0.0011 0.0026 
       MES06 11 0.0008 0.0005 0.9929 0.0011 0.0006 0.0014 0.0029 
       MES07 11 0.0008 0.0005 0.9929 0.0011 0.0006 0.0014 0.0028 
       MES08 11 0.0008 0.0005 0.9929 0.0011 0.0006 0.0014 0.0028 
       MES09 11 0.0008 0.0005 0.9928 0.0011 0.0006 0.0014 0.0029 
       MES10 11 0.0008 0.0006 0.9927 0.0011 0.0006 0.0013 0.0028 
       MES11 11 0.0008 0.0063 0.9827 0.0011 0.0018 0.0013 0.0060 
       MES12 11 0.0007 0.0005 0.9928 0.0011 0.0006 0.0014 0.0029 
       MES13 11 0.0008 0.0005 0.9930 0.0010 0.0006 0.0014 0.0027 
       MES14 11 0.0008 0.0004 0.9943 0.0010 0.0005 0.0011 0.0018 
       MES15 11 0.0007 0.0005 0.9577 0.0355 0.0018 0.0011 0.0028 
       MES16 11 0.0008 0.0006 0.9927 0.0011 0.0007 0.0013 0.0028 
       MES17 11 0.0008 0.0005 0.9930 0.0011 0.0006 0.0014 0.0028 
       MES18 11 0.0008 0.0005 0.9930 0.0011 0.0006 0.0014 0.0028 
       MES19 11 0.0007 0.0005 0.9929 0.0010 0.0006 0.0013 0.0029 
       MES20 11 0.0008 0.0005 0.9931 0.0010 0.0006 0.0013 0.0027 
       MES21 11 0.0008 0.0004 0.9942 0.0010 0.0005 0.0012 0.0019 
       MES22 11 0.0007 0.0005 0.9930 0.0010 0.0006 0.0014 0.0027 
       SAX01 11 0.0007 0.0005 0.9939 0.0010 0.0005 0.0012 0.0021 
       SAX02 11 0.0007 0.0004 0.9943 0.0010 0.0005 0.0012 0.0018 
       SAX03 11 0.0007 0.0005 0.9906 0.0015 0.0008 0.0017 0.0043 
       SAX04 11 0.0008 0.0012 0.8375 0.0012 0.0015 0.0125 0.1453 
       SAX05 11 0.0008 0.0005 0.9927 0.0010 0.0006 0.0013 0.0032 
       SAX06 11 0.0007 0.0005 0.9927 0.0010 0.0005 0.0012 0.0033 
       SAX07 11 0.0007 0.0004 0.9942 0.0010 0.0005 0.0010 0.0021 
       SAX08 11 0.0007 0.0017 0.9532 0.0010 0.0013 0.0054 0.0367 
       SAX09 11 0.0007 0.0004 0.9943 0.0010 0.0005 0.0011 0.0019 
       SAX10 11 0.0008 0.0005 0.9324 0.0010 0.0011 0.0599 0.0042 
       SAX11 11 0.0007 0.0005 0.9406 0.0010 0.0006 0.0012 0.0553 
       SAX12 11 0.0007 0.0004 0.9943 0.0010 0.0005 0.0011 0.0019 
       SAX13 11 0.0006 0.0004 0.9945 0.0010 0.0005 0.0010 0.0020 
       SAX14 11 0.0007 0.0005 0.9928 0.0011 0.0006 0.0012 0.0031 
       SAX15 11 0.0007 0.0004 0.9513 0.0010 0.0093 0.0157 0.0215 
       SAX16 11 0.0007 0.0004 0.9939 0.0010 0.0006 0.0012 0.0021 
       SAX17 11 0.0007 0.0004 0.9942 0.0010 0.0005 0.0010 0.0021 
       SAX18 11 0.0007 0.0004 0.9942 0.0010 0.0005 0.0010 0.0021 
       SAX19 11 0.0006 0.0024 0.9784 0.0010 0.0010 0.0040 0.0125 
       IRP01 11 0.0007 0.0004 0.9943 0.0010 0.0005 0.0011 0.0020 
       IRP02 11 0.0007 0.0004 0.9942 0.0010 0.0005 0.0012 0.0020 
       IRP03 11 0.0007 0.0004 0.9941 0.0010 0.0005 0.0012 0.0020 
       IRP04 11 0.0007 0.0004 0.9942 0.0010 0.0005 0.0012 0.0020 
       IRP05 11 0.0007 0.0004 0.9942 0.0010 0.0005 0.0012 0.0021 
       IRP06 11 0.0007 0.0004 0.9943 0.0010 0.0005 0.0011 0.0020 
       IRP07 11 0.0007 0.0004 0.9940 0.0010 0.0005 0.0013 0.0021 
       IRP08 11 0.0007 0.0004 0.9944 0.0010 0.0005 0.0011 0.0020 
       IRP09 11 0.0007 0.0004 0.9940 0.0010 0.0005 0.0013 0.0021 
       IRP10 11 0.0007 0.0004 0.9942 0.0010 0.0005 0.0011 0.0021 
       IRP11 11 0.0007 0.0004 0.9943 0.0010 0.0005 0.0011 0.0020 
       IRP12 11 0.0007 0.0004 0.9943 0.0010 0.0005 0.0011 0.0020 
       IRP13 11 0.0007 0.0004 0.9943 0.0010 0.0005 0.0011 0.0020 
       IRP14 11 0.0007 0.0004 0.9941 0.0010 0.0005 0.0012 0.0021 
       IRP15 11 0.0007 0.0004 0.9940 0.0010 0.0005 0.0013 0.0021 
       IRP16 11 0.0010 0.0006 0.0020 0.0013 0.0009 0.0053 0.9889 
     IRP16-2 11 0.0010 0.0006 0.0020 0.0013 0.0009 0.0050 0.9892 
       IRP17 11 0.0007 0.0004 0.9942 0.0010 0.0005 0.0012 0.0020 
       MRT01 11 0.0007 0.0004 0.9942 0.0010 0.0005 0.0011 0.0021 
       MRT02 11 0.0007 0.0004 0.9943 0.0010 0.0005 0.0011 0.0020 
       MRT03 11 0.0006 0.0004 0.9944 0.0009 0.0005 0.0011 0.0020 
       MRT04 11 0.0007 0.0004 0.9942 0.0010 0.0005 0.0011 0.0021 
       MRT05 11 0.0007 0.0004 0.9942 0.0010 0.0005 0.0011 0.0021 
       MRT06 11 0.0006 0.0004 0.9944 0.0010 0.0005 0.0011 0.0020 
       MRT07 11 0.0007 0.0004 0.9943 0.0010 0.0005 0.0012 0.0020 
       MRT08 11 0.0006 0.0004 0.9932 0.0010 0.0006 0.0011 0.0030 
       MRT09 11 0.0007 0.0004 0.9943 0.0010 0.0005 0.0012 0.0019 
       MRT10 11 0.0007 0.0004 0.9942 0.0010 0.0005 0.0012 0.0020 
       MRT11 11 0.0007 0.0004 0.9943 0.0010 0.0005 0.0012 0.0020 
       MRT12 11 0.0007 0.0004 0.9942 0.0010 0.0005 0.0012 0.0021 
       MRT13 11 0.0007 0.0004 0.9392 0.0010 0.0005 0.0462 0.0120 
       MRT14 11 0.0007 0.0004 0.9943 0.0010 0.0005 0.0011 0.0021 
       MRT15 11 0.0007 0.0004 0.9942 0.0010 0.0005 0.0011 0.0021 
       MRT16 11 0.0006 0.0004 0.9944 0.0010 0.0005 0.0011 0.0020 
       MRT17 11 0.0006 0.0004 0.9944 0.0009 0.0005 0.0011 0.0020 
       MRT18 11 0.0007 0.0004 0.9942 0.0010 0.0005 0.0011 0.0020 
       MRT19 11 0.0007 0.0004 0.9942 0.0010 0.0005 0.0011 0.0021 
       MRT20 11 0.0007 0.0004 0.9942 0.0010 0.0005 0.0011 0.0020 
       MRT21 11 0.0007 0.0004 0.9942 0.0010 0.0005 0.0011 0.0021 
       MRT22 11 0.0007 0.0004 0.9942 0.0010 0.0005 0.0011 0.0021 
       MRT23 11 0.0007 0.0004 0.9942 0.0010 0.0005 0.0011 0.0021 
       MRT24 11 0.0008 0.0004 0.9942 0.0010 0.0005 0.0012 0.0019 
       MRT25 11 0.0007 0.0004 0.9943 0.0010 0.0005 0.0011 0.0020 
       MRT26 11 0.0007 0.0004 0.9943 0.0010 0.0005 0.0011 0.0021 
       MRT27 11 0.0007 0.0004 0.9941 0.0010 0.0005 0.0011 0.0022 
       MRT28 11 0.0007 0.0004 0.9943 0.0010 0.0005 0.0011 0.0019 
       MRT29 11 0.0007 0.0004 0.9942 0.0010 0.0005 0.0011 0.0021 
       MRT30 11 0.0006 0.0004 0.9944 0.0009 0.0005 0.0011 0.0020 
       MRT31 11 0.0006 0.0004 0.9943 0.0010 0.0005 0.0011 0.0021 
       MRT32 11 0.0007 0.0004 0.9942 0.0010 0.0005 0.0011 0.0021 
       MRT33 11 0.0008 0.0004 0.9925 0.0013 0.0006 0.0015 0.0029 
        LK01 10 0.0007 0.0008 0.0017 0.0052 0.0009 0.0063 0.9844 
        LK02 10 0.0132 0.0023 0.0032 0.0012 0.0012 0.0048 0.9742 
        LK05 10 0.0011 0.0006 0.0009 0.0017 0.0008 0.0030 0.9919 
        LK06 10 0.0020 0.0010 0.0018 0.0020 0.0009 0.0035 0.9889 
        LK07 10 0.0011 0.0581 0.0199 0.0070 0.0016 0.0021 0.9102 
     LK07-01 10 0.0011 0.0006 0.0009 0.0017 0.0008 0.0030 0.9919 
     LK07-02 10 0.0024 0.0024 0.0010 0.0172 0.0010 0.0062 0.9699 
     LK07-03 10 0.0087 0.0053 0.0008 0.0019 0.0030 0.0938 0.8866 
     LK07-04 10 0.0006 0.0008 0.0006 0.0014 0.0008 0.0019 0.9939 
     LK07-05 10 0.0011 0.0009 0.0057 0.0020 0.0011 0.0134 0.9758 
     LK07-06 10 0.0016 0.0119 0.0172 0.0030 0.0015 0.0017 0.9631 
        LK08 10 0.0020 0.0008 0.0020 0.0017 0.0009 0.0171 0.9755 
        LK09 10 0.0009 0.0012 0.0009 0.0014 0.0008 0.0033 0.9916 
        LK11 10 0.0016 0.0222 0.0011 0.0059 0.0038 0.0031 0.9623 
        LK12 10 0.0020 0.0010 0.0013 0.0013 0.0011 0.0048 0.9884 
        LK13 10 0.0018 0.0183 0.0026 0.0085 0.0079 0.0159 0.9450 
        LK14 10 0.0027 0.0104 0.0022 0.0041 0.0008 0.0087 0.9710 
        LK15 10 0.0010 0.0010 0.0014 0.0013 0.0010 0.0029 0.9914 
        LK16 10 0.0035 0.0020 0.0012 0.0020 0.0009 0.0021 0.9883 
        LK17 10 0.0012 0.0005 0.0023 0.0014 0.0009 0.0032 0.9905 
        LK18 10 0.0010 0.0010 0.0075 0.0014 0.0007 0.0024 0.9861 
        LK19 10 0.0016 0.0124 0.0165 0.0030 0.0015 0.0018 0.9633 
        LK20 10 0.0011 0.0020 0.0009 0.0017 0.0009 0.0098 0.9837 
        LK21 10 0.0185 0.0063 0.0009 0.0050 0.0018 0.0021 0.9654 
        LK22 10 0.0007 0.0006 0.0018 0.0014 0.0008 0.0037 0.9910 
        LK23 10 0.0070 0.0067 0.0014 0.0049 0.0014 0.0016 0.9770 
        LK24 10 0.0008 0.0012 0.0015 0.0022 0.0026 0.0232 0.9685 
        LK25 10 0.0012 0.0009 0.0047 0.0014 0.0009 0.0029 0.9880 
       LMC01 10 0.0112 0.0010 0.0010 0.0014 0.0007 0.2962 0.6885 
       LMC02 10 0.0095 0.0005 0.0009 0.0012 0.0006 0.0739 0.9134 
       LMC03 10 0.0014 0.0006 0.0070 0.0011 0.0007 0.1070 0.8821 
       LMC04 10 0.0021 0.0268 0.0014 0.0052 0.0037 0.0072 0.9536 
        UM01 10 0.0184 0.0559 0.0007 0.0062 0.2184 0.0412 0.6591 
        UM02 10 0.0892 0.0018 0.0008 0.0017 0.0011 0.2033 0.7021 
        UM03 10 0.0409 0.0022 0.0008 0.0022 0.0010 0.3494 0.6035 
        UM04 10 0.0079 0.0025 0.0008 0.0033 0.0010 0.1280 0.8565 
        UM05 10 0.0029 0.1803 0.0012 0.0024 0.0015 0.0110 0.8006 
        UM06 10 0.0127 0.0109 0.0009 0.1525 0.0049 0.0460 0.7721 
        UM07 10 0.0229 0.0008 0.0010 0.0036 0.0439 0.0028 0.9250 
        UM08 10 0.0017 0.0008 0.0020 0.1010 0.0030 0.0027 0.8887 
        UM09 10 0.0040 0.1184 0.0021 0.0687 0.0210 0.0057 0.7801 
        UM10 10 0.0027 0.1775 0.0011 0.0025 0.0015 0.0139 0.8008 
       PLT01 10 0.0068 0.0008 0.0168 0.0016 0.0009 0.0043 0.9687 
       PLT02 10 0.0018 0.0082 0.0013 0.0294 0.0024 0.0025 0.9545 
       PLT03 10 0.0010 0.0007 0.0028 0.0014 0.0011 0.0016 0.9914 
        DC01 10 0.0010 0.0016 0.0015 0.0045 0.0122 0.0022 0.9770 
        DC02 10 0.0022 0.0041 0.0013 0.0059 0.0052 0.0021 0.9794 
        DC03 10 0.0016 0.0021 0.0009 0.0022 0.0836 0.0018 0.9078 
        DC04 10 0.0009 0.1991 0.0083 0.0145 0.0032 0.0141 0.7599 
        DC05 10 0.0017 0.0364 0.0087 0.0023 0.0023 0.0103 0.9384 
        DC06 10 0.0025 0.0008 0.0013 0.0148 0.0042 0.0021 0.9744 
        DC07 10 0.0272 0.0010 0.0013 0.0070 0.0657 0.0125 0.8853 
        DC08 10 0.0007 0.0010 0.0010 0.0018 0.0011 0.0020 0.9923 
        DC09 10 0.0010 0.0051 0.0028 0.1864 0.0041 0.0018 0.7988 
        DC10 10 0.0025 0.0073 0.0016 0.0142 0.1558 0.0137 0.8048 
        DC11 10 0.0021 0.0041 0.0014 0.0186 0.0048 0.0023 0.9667 
        DC12 10 0.0014 0.0016 0.0010 0.0116 0.0024 0.0027 0.9794 
        DC13 10 0.0009 0.0115 0.0520 0.0024 0.0021 0.0015 0.9296 
        DC14 10 0.0009 0.1995 0.0090 0.0148 0.0033 0.0142 0.7584 
        DC15 10 0.0014 0.0011 0.0012 0.0041 0.0020 0.0053 0.9850 
        DC16 10 0.0027 0.0007 0.0025 0.0185 0.0020 0.0028 0.9708 
        DC17 10 0.0023 0.0011 0.0015 0.0026 0.0016 0.0047 0.9862 
        DC18 10 0.0011 0.0445 0.0017 0.0025 0.0754 0.0019 0.8729 
        DC19 10 0.0047 0.0018 0.0021 0.0024 0.0011 0.0044 0.9835 
        DC20 10 0.0024 0.0005 0.1018 0.0015 0.0009 0.0053 0.8877 
        DC21 10 0.0013 0.0053 0.0007 0.0034 0.0022 0.0018 0.9853 
        DC22 10 0.0665 0.1112 0.0010 0.0144 0.0647 0.0247 0.7175 
        DC23 10 0.0054 0.0007 0.0017 0.0056 0.0022 0.0033 0.9812 
        DC24 10 0.0010 0.0446 0.0018 0.0025 0.0753 0.0020 0.8728 
        DC25 10 0.0009 0.0046 0.0009 0.0019 0.0023 0.0507 0.9386 
        DC26 10 0.0013 0.0016 0.0010 0.0116 0.0023 0.0027 0.9794 
        PC02 12 0.0009 0.0006 0.0020 0.0013 0.0008 0.0051 0.9892 
        PC03 12 0.0010 0.0006 0.0019 0.0013 0.0009 0.0053 0.9890 
        PC04 12 0.0010 0.0006 0.0020 0.0013 0.0008 0.0055 0.9887 
        PC05 12 0.0009 0.0006 0.0020 0.0013 0.0008 0.0054 0.9889 
        PC06 12 0.0009 0.0006 0.0018 0.0013 0.0009 0.0050 0.9894 
        PC07 12 0.0019 0.0006 0.0913 0.0014 0.0008 0.0016 0.9025 
        PC08 12 0.0009 0.0006 0.0020 0.0013 0.0009 0.0051 0.9892 
        PC09 12 0.0009 0.0006 0.0020 0.0014 0.0009 0.0055 0.9887 
        PC10 12 0.0009 0.0006 0.0018 0.0013 0.0008 0.0101 0.9845 
        PC11 12 0.0009 0.0006 0.0019 0.0013 0.0009 0.0054 0.9889 
        PC12 12 0.0009 0.0006 0.0019 0.0013 0.0009 0.0054 0.9890 
        PC13 12 0.0009 0.0006 0.0019 0.0014 0.0009 0.0052 0.9891 
        PC14 12 0.0009 0.0006 0.0020 0.0013 0.0009 0.0052 0.9890 
        PC01 12 0.0009 0.0006 0.0019 0.0013 0.0009 0.0051 0.9893 
      Nuke10 13 0.0006 0.0005 0.0025 0.0015 0.0011 0.0022 0.9916 
      Nuke11 13 0.0006 0.0005 0.0049 0.0018 0.0011 0.0020 0.9892 
      Nuke12 13 0.0009 0.0006 0.0016 0.0014 0.0009 0.0741 0.9205 
      Nuke13 13 0.0007 0.0009 0.0030 0.0018 0.0016 0.0031 0.9889 
      Nuke01 13 0.0011 0.0009 0.0053 0.0012 0.0011 0.0059 0.9844 
      Nuke02 13 0.0009 0.0006 0.0017 0.0013 0.0009 0.0748 0.9197 
      Nuke03 13 0.0006 0.0006 0.0050 0.0018 0.0010 0.0038 0.9873 
      Nuke04 13 0.0006 0.0006 0.0027 0.0016 0.0010 0.0040 0.9896 
      Nuke05 13 0.0010 0.0006 0.0056 0.0016 0.0009 0.0072 0.9831 
      Nuke06 13 0.0011 0.0011 0.0108 0.0016 0.0014 0.0075 0.9765 
      Nuke07 13 0.0006 0.0005 0.0013 0.0018 0.0012 0.0081 0.9865 
      Nuke08 13 0.0006 0.0006 0.0012 0.0016 0.0010 0.0032 0.9918 
      Nuke09 13 0.0007 0.0006 0.0013 0.0018 0.0011 0.0024 0.9922 
       Rad01 13 0.0009 0.0006 0.0013 0.0016 0.0016 0.0507 0.9433 
       Rad02 13 0.0009 0.0008 0.1126 0.0017 0.0021 0.0044 0.8774 
       Rad03 13 0.0009 0.0010 0.0064 0.0013 0.0014 0.0105 0.9784 
       Rad04 13 0.0016 0.0011 0.0470 0.0015 0.0017 0.0126 0.9345 
       Rad05 13 0.0009 0.0009 0.0028 0.0354 0.0016 0.0087 0.9498 
       Rad06 13 0.0008 0.0007 0.0014 0.0015 0.0012 0.1286 0.8658 
       Rad07 13 0.0007 0.0005 0.0015 0.0017 0.0010 0.0032 0.9913 
       Rad08 13 0.0037 0.0019 0.0275 0.0012 0.0018 0.0343 0.9296 
       Rad09 13 0.0009 0.0006 0.0102 0.0013 0.0009 0.0033 0.9829 
       Rad10 13 0.0008 0.0006 0.0149 0.0016 0.0010 0.0068 0.9742 
       Rad11 13 0.0009 0.0006 0.0019 0.0013 0.0010 0.0156 0.9786 
       Rad12 13 0.0009 0.0007 0.0077 0.0015 0.0011 0.0098 0.9784 
       Rad13 13 0.0007 0.0006 0.0011 0.0015 0.0010 0.0049 0.9902 
       Rad14 13 0.0015 0.0010 0.0463 0.0015 0.0017 0.0131 0.9347 
       Rad15 13 0.0020 0.0008 0.0026 0.0018 0.0012 0.0307 0.9609 
       Rad16 13 0.0007 0.0006 0.0011 0.0016 0.0010 0.0032 0.9919 
       HTB16 14 0.0014 0.0006 0.0021 0.0041 0.0515 0.0345 0.9059 
       HTB17 14 0.0007 0.0010 0.1348 0.0036 0.0039 0.0018 0.8542 
       HTB18 14 0.0937 0.0010 0.0026 0.0028 0.0010 0.0128 0.8860 
       HTB19 14 0.0007 0.0011 0.0009 0.0033 0.0010 0.0022 0.9908 
       HTB20 14 0.0006 0.0008 0.1270 0.0045 0.0013 0.0017 0.8641 
       HTB21 14 0.0329 0.0021 0.0016 0.0116 0.0084 0.0028 0.9406 
       HTB22 14 0.0009 0.0016 0.0035 0.0024 0.0012 0.0022 0.9881 
       HTB23 14 0.0015 0.0027 0.0030 0.0029 0.0009 0.0068 0.9821 
       HTB11 14 0.0023 0.0169 0.0011 0.0113 0.0023 0.0037 0.9625 
       HTB12 14 0.0476 0.0012 0.0009 0.0033 0.0015 0.0048 0.9407 
       HTB13 14 0.0477 0.0012 0.0009 0.0022 0.0015 0.0050 0.9415 
       HTB14 14 0.0010 0.0965 0.0018 0.0021 0.0013 0.0025 0.8947 
       HTB15 14 0.0213 0.0015 0.0018 0.0369 0.0508 0.0026 0.8851 
       Nel01 15 0.0009 0.0053 0.0006 0.0017 0.0014 0.2114 0.7787 
       Nel02 15 0.0012 0.0127 0.0076 0.0124 0.1561 0.2461 0.5639 
       Nel03 15 0.0008 0.0056 0.0006 0.0017 0.0013 0.2114 0.7786 
       Nel04 15 0.0008 0.0054 0.0006 0.0017 0.0014 0.2117 0.7784 
       Nel05 15 0.0014 0.0012 0.0008 0.0015 0.0013 0.0566 0.9372 
       Nel06 15 0.0015 0.0012 0.0008 0.0015 0.0013 0.0537 0.9400 
       Nel07 15 0.0015 0.0012 0.0008 0.0015 0.0012 0.0535 0.9403 
       Nel08 15 0.0007 0.0012 0.0008 0.0037 0.0023 0.1256 0.8657 
       Nel09 15 0.0015 0.0012 0.0008 0.0015 0.0013 0.0553 0.9385 
       Nel10 15 0.0015 0.0022 0.0009 0.0022 0.0032 0.1562 0.8337 
       Nel11 15 0.0009 0.0055 0.0006 0.0018 0.0014 0.2119 0.7780 
       Nel12 15 0.0015 0.0012 0.0008 0.0014 0.0013 0.0533 0.9404 
       Nel13 15 0.0009 0.0015 0.0006 0.0027 0.0019 0.2250 0.7675 
       Nel14 15 0.0014 0.0012 0.0009 0.0015 0.0013 0.0559 0.9379 
         EI1 16 0.0006 0.0008 0.0012 0.0049 0.0011 0.9864 0.0050 
        EI10 16 0.0006 0.0009 0.0011 0.0026 0.0011 0.9893 0.0044 
        EI11 16 0.0006 0.0008 0.0011 0.0033 0.0009 0.9834 0.0098 
        EI12 16 0.0006 0.0006 0.0013 0.0070 0.0007 0.9837 0.0061 
         EI2 16 0.0006 0.0011 0.0011 0.0016 0.0010 0.8901 0.1045 
         EI3 16 0.0006 0.0006 0.0012 0.0072 0.0008 0.9835 0.0061 
         EI4 16 0.0006 0.0007 0.0011 0.0034 0.0009 0.9833 0.0099 
         EI5 16 0.0007 0.0006 0.0012 0.0097 0.0009 0.9811 0.0058 
         EI6 16 0.0006 0.0009 0.0011 0.0026 0.0011 0.9891 0.0046 
         EI7 16 0.0006 0.0009 0.0010 0.0227 0.0017 0.8366 0.1365 
         EI8 16 0.0006 0.0044 0.0010 0.0896 0.0014 0.8955 0.0074 
         EI9 16 0.0007 0.0009 0.0012 0.0043 0.0012 0.9812 0.0105 
        OL01 17 0.0010 0.0005 0.0016 0.0014 0.0006 0.9914 0.0033 
        OL02 17 0.0039 0.0022 0.0098 0.0019 0.0013 0.7717 0.2093 
        OL03 17 0.0010 0.0005 0.0015 0.0014 0.0006 0.9917 0.0033 
        OL04 17 0.0010 0.0005 0.0015 0.0014 0.0006 0.9917 0.0032 
        OL06 17 0.0010 0.0005 0.0015 0.0014 0.0006 0.9917 0.0032 
       OSP01 17 0.0010 0.0005 0.0015 0.0014 0.0006 0.9917 0.0032 
       OSP02 17 0.0010 0.0005 0.0016 0.0014 0.0007 0.9915 0.0033 
       OSP03 17 0.0011 0.0005 0.0014 0.0014 0.0006 0.9916 0.0034 
       OSP04 17 0.0011 0.0006 0.0016 0.0015 0.0006 0.9911 0.0035 
       OSP05 17 0.0010 0.0005 0.0015 0.0014 0.0006 0.9917 0.0032 
       OSP06 17 0.0011 0.0005 0.0015 0.0014 0.0006 0.9915 0.0033 
       OSP07 17 0.0010 0.0005 0.0015 0.0015 0.0006 0.9916 0.0032 
       OSP10 17 0.0010 0.0005 0.0016 0.0014 0.0006 0.9917 0.0032 
       OSP11 17 0.0010 0.0005 0.0015 0.0014 0.0006 0.9917 0.0032 
       OSP12 17 0.0010 0.0005 0.0016 0.0015 0.0006 0.9914 0.0033 
       OSP13 17 0.0010 0.0005 0.0016 0.0014 0.0006 0.9915 0.0033 
       OSP14 17 0.0010 0.0005 0.0016 0.0014 0.0006 0.9917 0.0031 
        OY02 17 0.0011 0.0047 0.0086 0.0025 0.0018 0.9560 0.0252 
        OY04 17 0.0007 0.0034 0.0118 0.0021 0.0014 0.9424 0.0381 
        OY05 17 0.0007 0.0058 0.0014 0.0034 0.0062 0.5310 0.4516 
        OY06 17 0.0011 0.0219 0.0009 0.0028 0.0056 0.5185 0.4493 
        OY07 17 0.0010 0.0016 0.0040 0.0015 0.0014 0.9765 0.0139 
        OY08 17 0.0011 0.0018 0.0035 0.0015 0.0014 0.9759 0.0149 
        OY10 17 0.0048 0.0040 0.0128 0.0050 0.0107 0.6866 0.2760 
        OY12 17 0.0010 0.0024 0.0051 0.0143 0.0231 0.8961 0.0581 
        OY15 17 0.0011 0.0448 0.0009 0.0025 0.0041 0.5691 0.3775 
        OY16 17 0.0106 0.2103 0.0017 0.0889 0.2128 0.4628 0.0130 
        OY20 17 0.0010 0.0028 0.0033 0.0058 0.0063 0.7284 0.2525 
        OY26 17 0.0007 0.0019 0.0093 0.0026 0.0017 0.7183 0.2654 
        OY27 17 0.0036 0.0417 0.0013 0.0023 0.0030 0.4005 0.5476 
       RHL02 17 0.0013 0.0007 0.0417 0.0013 0.0009 0.8174 0.1366 
       RHL03 17 0.0016 0.0006 0.0036 0.0015 0.0007 0.9765 0.0155 
       RHL05 17 0.0016 0.0006 0.0037 0.0015 0.0008 0.9771 0.0148 
       RHL06 17 0.0013 0.0009 0.0185 0.0015 0.0012 0.8669 0.1096 
       RHL07 17 0.0014 0.0006 0.0032 0.0015 0.0007 0.9801 0.0124 
       RHL09 17 0.0016 0.0006 0.0038 0.0016 0.0008 0.9763 0.0153 
       RHL11 17 0.0014 0.0007 0.0035 0.0015 0.0007 0.9789 0.0133 
       RHL12 17 0.0016 0.0007 0.0027 0.0014 0.0008 0.9773 0.0155 
       RHL13 17 0.0017 0.0006 0.0036 0.0015 0.0007 0.9764 0.0154 
       RHL14 17 0.0015 0.0006 0.0038 0.0015 0.0007 0.9771 0.0147 
       MOON1 17 0.0007 0.0017 0.0027 0.0012 0.0022 0.4964 0.4952 
       Cre01 17 0.0006 0.0005 0.0009 0.0011 0.0007 0.9929 0.0033 
       Cre02 17 0.0008 0.0005 0.0009 0.0011 0.0007 0.9926 0.0035 
       Cre03 17 0.0008 0.0005 0.0008 0.0011 0.0007 0.9926 0.0035 
       Cre04 17 0.0008 0.0005 0.0009 0.0011 0.0007 0.9925 0.0035 
       Cre05 17 0.0008 0.0005 0.0009 0.0011 0.0007 0.9925 0.0035 
       Cre06 17 0.0006 0.0005 0.0008 0.0011 0.0007 0.9931 0.0032 
       Cre07 17 0.0008 0.0005 0.0009 0.0011 0.0007 0.9926 0.0034 
       Cre08 17 0.0008 0.0006 0.0053 0.0011 0.0006 0.9883 0.0033 
       Cre09 17 0.0006 0.0005 0.0008 0.0011 0.0006 0.9932 0.0032 
       Cre10 17 0.0008 0.0005 0.0008 0.0010 0.0007 0.9926 0.0036 
       Cre11 17 0.0008 0.0005 0.0009 0.0011 0.0007 0.9928 0.0033 
       SSN31 17 0.0008 0.0006 0.0052 0.0011 0.0007 0.9869 0.0047 
       SSN32 17 0.0006 0.0005 0.0008 0.0011 0.0006 0.9932 0.0032 
       SSN33 17 0.0006 0.0006 0.0045 0.0011 0.0007 0.9888 0.0037 
       SSN34 17 0.0006 0.0005 0.0008 0.0011 0.0006 0.9932 0.0031 
       SSN35 17 0.0008 0.0005 0.0009 0.0011 0.0007 0.9927 0.0034 
       SSN36 17 0.0008 0.0005 0.0009 0.0011 0.0007 0.9926 0.0035 
       SSN38 17 0.0009 0.0008 0.0011 0.0012 0.0034 0.5913 0.4012 
       SSN39 17 0.0008 0.0005 0.0008 0.0011 0.0006 0.9926 0.0037 
       SSN40 17 0.0007 0.0027 0.0032 0.0011 0.0078 0.9273 0.0572 
       SSN41 17 0.0008 0.0005 0.0008 0.0011 0.0006 0.9926 0.0036 
       BCV44 17 0.0011 0.0006 0.0020 0.0011 0.0007 0.9909 0.0037 
       BCV45 17 0.0011 0.0006 0.0019 0.0011 0.0007 0.9913 0.0033 
       BCV46 17 0.0011 0.0006 0.0021 0.0011 0.0007 0.9911 0.0033 
       BCV47 17 0.0010 0.0006 0.0021 0.0010 0.0007 0.9912 0.0034 
       BCV48 17 0.0011 0.0006 0.0021 0.0011 0.0006 0.9910 0.0035 
       BCV49 17 0.0011 0.0006 0.0020 0.0011 0.0007 0.9911 0.0035 
       BCV50 17 0.0011 0.0006 0.0020 0.0010 0.0006 0.9914 0.0033 
       BCV51 17 0.0011 0.0006 0.0021 0.0011 0.0006 0.9911 0.0035 
       BCV52 17 0.0011 0.0006 0.0021 0.0010 0.0007 0.9913 0.0032 
       BCV53 17 0.0011 0.0006 0.0021 0.0010 0.0007 0.9912 0.0032 
      SSBC01 17 0.0011 0.0006 0.0019 0.0010 0.0007 0.9914 0.0033 
      SSBC02 17 0.0011 0.0006 0.0020 0.0011 0.0007 0.9910 0.0036 
      SSBC03 17 0.0011 0.0006 0.0020 0.0011 0.0007 0.9910 0.0035 
      SSBC04 17 0.0011 0.0006 0.0020 0.0011 0.0007 0.9912 0.0033 
      SSBC05 17 0.0011 0.0006 0.0019 0.0011 0.0007 0.9912 0.0034 
      SSBC06 17 0.0011 0.0007 0.0017 0.0011 0.0007 0.9903 0.0045 
      SSBC07 17 0.0011 0.0006 0.0021 0.0011 0.0007 0.9912 0.0034 
       LCV01 17 0.0011 0.0006 0.0007 0.0018 0.0012 0.9831 0.0114 
       LCV02 17 0.0011 0.0006 0.0007 0.0018 0.0012 0.9832 0.0114 
