        TC01  1 0.0007 0.0015 0.0021 0.9655 0.0013 0.0046 0.0133 0.0025 0.0014 0.0071 
        TC02  1 0.0010 0.0022 0.0024 0.9769 0.0016 0.0045 0.0030 0.0038 0.0013 0.0034 
        TC03  1 0.0011 0.0010 0.0029 0.9783 0.0025 0.0026 0.0024 0.0029 0.0012 0.0051 
        TC04  1 0.0010 0.0123 0.0178 0.8639 0.0045 0.0301 0.0026 0.0315 0.0017 0.0345 
        TC05  1 0.0010 0.0010 0.0024 0.9758 0.0014 0.0097 0.0013 0.0038 0.0014 0.0021 
        TC06  1 0.0008 0.0026 0.0625 0.9102 0.0018 0.0044 0.0016 0.0059 0.0019 0.0083 
        TC07  1 0.0013 0.0007 0.0037 0.9780 0.0020 0.0045 0.0024 0.0039 0.0009 0.0025 
        TC08  1 0.0016 0.0027 0.0022 0.9812 0.0009 0.0038 0.0018 0.0024 0.0017 0.0018 
        TC09  1 0.0007 0.0262 0.0324 0.9259 0.0028 0.0031 0.0013 0.0021 0.0030 0.0026 
        TC10  1 0.0007 0.0008 0.0124 0.9122 0.0457 0.0018 0.0112 0.0109 0.0022 0.0021 
        TC11  1 0.0015 0.0009 0.0016 0.9768 0.0010 0.0025 0.0037 0.0015 0.0074 0.0031 
        TC12  1 0.0013 0.0031 0.0084 0.9409 0.0026 0.0063 0.0151 0.0115 0.0011 0.0096 
        TC13  1 0.0007 0.0015 0.0035 0.9831 0.0008 0.0020 0.0017 0.0023 0.0023 0.0020 
        TC14  1 0.0032 0.0028 0.0667 0.8994 0.0016 0.0044 0.0043 0.0061 0.0031 0.0084 
        TC15  1 0.0011 0.0044 0.0207 0.9541 0.0025 0.0037 0.0018 0.0050 0.0026 0.0041 
        TC16  1 0.0022 0.0698 0.0496 0.8569 0.0028 0.0055 0.0019 0.0045 0.0031 0.0037 
        TC17  1 0.0067 0.0058 0.0541 0.8352 0.0081 0.0582 0.0137 0.0043 0.0063 0.0076 
        TC18  1 0.0030 0.0010 0.0049 0.8934 0.0033 0.0079 0.0112 0.0023 0.0265 0.0466 
        TC19  1 0.0009 0.0098 0.0036 0.9722 0.0011 0.0021 0.0021 0.0017 0.0044 0.0022 
        TC20  1 0.0009 0.0021 0.0031 0.9792 0.0010 0.0024 0.0020 0.0020 0.0013 0.0059 
        TC21  1 0.0089 0.0021 0.0052 0.7977 0.0051 0.1302 0.0053 0.0021 0.0101 0.0333 
        TC22  1 0.0010 0.0020 0.0035 0.9051 0.0054 0.0047 0.0110 0.0130 0.0517 0.0027 
        TC23  1 0.0013 0.0011 0.0036 0.9767 0.0016 0.0021 0.0053 0.0028 0.0024 0.0032 
        TC24  1 0.0012 0.0009 0.0021 0.9880 0.0011 0.0017 0.0011 0.0012 0.0011 0.0015 
        TC25  1 0.0021 0.0012 0.0632 0.8771 0.0034 0.0038 0.0077 0.0033 0.0041 0.0341 
        TC26  1 0.0010 0.0011 0.0176 0.9668 0.0014 0.0033 0.0014 0.0041 0.0011 0.0022 
        TC27  1 0.0020 0.0009 0.0072 0.9685 0.0017 0.0055 0.0071 0.0020 0.0020 0.0032 
        TC28  1 0.0013 0.0011 0.0222 0.9481 0.0030 0.0060 0.0023 0.0083 0.0017 0.0061 
        TC29  1 0.0035 0.0023 0.0202 0.9433 0.0019 0.0146 0.0025 0.0021 0.0021 0.0076 
        TC30  1 0.0009 0.0031 0.0047 0.9765 0.0013 0.0032 0.0019 0.0018 0.0045 0.0022 
        TC31  1 0.0022 0.0018 0.0024 0.9318 0.0023 0.0036 0.0211 0.0023 0.0159 0.0166 
        TC32  1 0.0011 0.0015 0.0521 0.8721 0.0016 0.0058 0.0020 0.0278 0.0327 0.0034 
        TC33  1 0.0027 0.0009 0.0034 0.9743 0.0018 0.0030 0.0053 0.0029 0.0021 0.0036 
        TC34  1 0.0048 0.0020 0.0538 0.9186 0.0029 0.0042 0.0047 0.0048 0.0017 0.0027 
        TC35  1 0.0010 0.0131 0.0073 0.9294 0.0015 0.0038 0.0300 0.0042 0.0016 0.0081 
        TC36  1 0.0009 0.0016 0.0031 0.9791 0.0022 0.0041 0.0022 0.0021 0.0020 0.0026 
        TC37  1 0.0032 0.0017 0.0015 0.9533 0.0019 0.0031 0.0023 0.0030 0.0266 0.0034 
        TC38  1 0.0009 0.0419 0.0155 0.8803 0.0020 0.0046 0.0022 0.0024 0.0017 0.0484 
        TC39  1 0.0010 0.0035 0.1873 0.7914 0.0021 0.0029 0.0017 0.0029 0.0032 0.0040 
        TC40  1 0.0085 0.0014 0.0197 0.9502 0.0031 0.0038 0.0029 0.0039 0.0026 0.0039 
        TC41  1 0.0011 0.0009 0.0022 0.9649 0.0048 0.0025 0.0016 0.0022 0.0176 0.0024 
        TC42  1 0.0008 0.0016 0.0063 0.9813 0.0012 0.0024 0.0016 0.0017 0.0016 0.0017 
        TC43  1 0.0013 0.0014 0.0053 0.9785 0.0013 0.0024 0.0019 0.0024 0.0022 0.0033 
        TC44  1 0.0008 0.0112 0.0084 0.9630 0.0020 0.0031 0.0050 0.0029 0.0010 0.0026 
        TC45  1 0.0006 0.0013 0.0027 0.9700 0.0028 0.0041 0.0016 0.0034 0.0030 0.0105 
        TC46  1 0.0013 0.0009 0.0027 0.9524 0.0123 0.0046 0.0062 0.0082 0.0030 0.0083 
        TC47  1 0.0011 0.0037 0.0074 0.9697 0.0014 0.0025 0.0066 0.0028 0.0018 0.0032 
        TC48  1 0.0077 0.0011 0.0053 0.9501 0.0025 0.0088 0.0031 0.0063 0.0039 0.0111 
        TC49  1 0.0012 0.0008 0.0032 0.9766 0.0009 0.0052 0.0026 0.0043 0.0024 0.0029 
        TC50  1 0.0023 0.0014 0.0022 0.9685 0.0020 0.0033 0.0050 0.0070 0.0022 0.0061 
        TC51  1 0.0010 0.0033 0.0093 0.9695 0.0016 0.0040 0.0039 0.0027 0.0010 0.0037 
        TC52  1 0.0010 0.0010 0.0039 0.9655 0.0099 0.0023 0.0012 0.0064 0.0013 0.0074 
        TC53  1 0.0008 0.0020 0.0046 0.9783 0.0023 0.0044 0.0020 0.0021 0.0018 0.0017 
        TC54  1 0.0260 0.0012 0.0070 0.9402 0.0035 0.0061 0.0040 0.0046 0.0021 0.0051 
        TC55  1 0.0023 0.0010 0.0208 0.9417 0.0054 0.0062 0.0029 0.0063 0.0075 0.0059 
        TC56  1 0.0117 0.0017 0.0044 0.9497 0.0017 0.0043 0.0042 0.0052 0.0026 0.0146 
        TC57  1 0.0027 0.0025 0.0032 0.9610 0.0032 0.0093 0.0060 0.0037 0.0050 0.0033 
        TC58  1 0.0008 0.0014 0.0044 0.9682 0.0017 0.0028 0.0115 0.0054 0.0014 0.0027 
        TC59  1 0.0009 0.0009 0.0026 0.9861 0.0009 0.0023 0.0020 0.0018 0.0009 0.0016 
        TA01  2 0.0012 0.0049 0.0047 0.9751 0.0011 0.0023 0.0022 0.0042 0.0020 0.0023 
        TA02  2 0.0027 0.0015 0.0023 0.9796 0.0020 0.0030 0.0013 0.0022 0.0018 0.0036 
        TA03  2 0.0018 0.0122 0.0033 0.9648 0.0018 0.0029 0.0041 0.0051 0.0014 0.0027 
        TA04  2 0.0009 0.3278 0.0092 0.6491 0.0017 0.0020 0.0023 0.0034 0.0013 0.0024 
        TA05  2 0.0013 0.0025 0.0020 0.9814 0.0011 0.0027 0.0021 0.0028 0.0012 0.0030 
        TA06  2 0.0007 0.0020 0.0047 0.9809 0.0015 0.0013 0.0021 0.0024 0.0022 0.0021 
        TA07  2 0.0016 0.0437 0.0029 0.9363 0.0019 0.0052 0.0027 0.0024 0.0008 0.0025 
        TA08  2 0.0011 0.0026 0.0056 0.9779 0.0008 0.0017 0.0042 0.0017 0.0007 0.0036 
        TA09  2 0.0010 0.0052 0.0040 0.9793 0.0012 0.0020 0.0016 0.0025 0.0015 0.0016 
        TA10  2 0.0008 0.0023 0.0037 0.9322 0.0011 0.0062 0.0439 0.0066 0.0009 0.0024 
        TA11  2 0.0013 0.0056 0.0064 0.9407 0.0029 0.0034 0.0216 0.0105 0.0011 0.0064 
        TA12  2 0.0011 0.0018 0.0020 0.8866 0.0009 0.0076 0.0123 0.0841 0.0016 0.0021 
        TA13  2 0.0016 0.0174 0.0162 0.8393 0.0015 0.0690 0.0109 0.0400 0.0012 0.0028 
        TA14  2 0.0013 0.0030 0.0052 0.9813 0.0014 0.0018 0.0012 0.0023 0.0011 0.0015 
        TA15  2 0.0010 0.0014 0.0046 0.9822 0.0011 0.0021 0.0016 0.0035 0.0011 0.0015 
        TA16  2 0.0008 0.0120 0.0136 0.9353 0.0010 0.0034 0.0185 0.0122 0.0011 0.0020 
        TA17  2 0.0018 0.0009 0.0030 0.9759 0.0010 0.0037 0.0028 0.0080 0.0009 0.0019 
        TA18  2 0.0009 0.0016 0.0021 0.8937 0.0009 0.0023 0.0038 0.0153 0.0776 0.0018 
        TA19  2 0.0011 0.0160 0.0074 0.8788 0.0017 0.0040 0.0748 0.0065 0.0074 0.0023 
        TA20  2 0.0079 0.0009 0.0033 0.9604 0.0014 0.0145 0.0018 0.0024 0.0012 0.0062 
        TA21  2 0.0038 0.0023 0.0148 0.9592 0.0011 0.0046 0.0024 0.0075 0.0012 0.0031 
        TA22  2 0.0031 0.0010 0.0096 0.9704 0.0013 0.0019 0.0013 0.0054 0.0040 0.0022 
        TA23  2 0.0011 0.0021 0.0113 0.9748 0.0008 0.0018 0.0015 0.0028 0.0020 0.0018 
        TA24  2 0.0009 0.0013 0.0022 0.9785 0.0022 0.0063 0.0026 0.0028 0.0009 0.0023 
        TA25  2 0.0006 0.0013 0.0043 0.8353 0.0009 0.0066 0.1415 0.0063 0.0010 0.0020 
        TA26  2 0.0018 0.0109 0.0394 0.9211 0.0010 0.0025 0.0054 0.0033 0.0018 0.0128 
        TA27  2 0.0015 0.0019 0.0030 0.9752 0.0017 0.0056 0.0024 0.0043 0.0028 0.0018 
        TA28  2 0.0052 0.0027 0.0030 0.9517 0.0077 0.0053 0.0015 0.0045 0.0029 0.0156 
        TA29  2 0.0008 0.0012 0.0149 0.9681 0.0011 0.0023 0.0031 0.0047 0.0016 0.0022 
        TA30  2 0.0025 0.1579 0.0430 0.7777 0.0017 0.0038 0.0038 0.0036 0.0019 0.0040 
      BERM01  3 0.0009 0.0150 0.9749 0.0011 0.0007 0.0016 0.0014 0.0019 0.0010 0.0016 
      BERM02  3 0.0009 0.0037 0.9840 0.0021 0.0008 0.0018 0.0011 0.0017 0.0022 0.0019 
      BERM03  3 0.0007 0.0010 0.9885 0.0011 0.0007 0.0020 0.0017 0.0016 0.0009 0.0018 
      BERM04  3 0.0007 0.0015 0.9885 0.0009 0.0007 0.0014 0.0021 0.0015 0.0007 0.0020 
      BERM05  3 0.0010 0.0027 0.9848 0.0008 0.0015 0.0017 0.0019 0.0022 0.0008 0.0025 
      BERM06  3 0.0006 0.0081 0.9813 0.0013 0.0012 0.0015 0.0013 0.0017 0.0011 0.0019 
      BERM07  3 0.0008 0.0038 0.9842 0.0014 0.0008 0.0018 0.0025 0.0018 0.0010 0.0018 
      BERM08  3 0.0005 0.0035 0.9869 0.0014 0.0006 0.0013 0.0013 0.0015 0.0007 0.0022 
      BERM09  3 0.0006 0.4163 0.5693 0.0045 0.0011 0.0017 0.0014 0.0013 0.0024 0.0014 
      BERM10  3 0.0007 0.0040 0.9806 0.0019 0.0011 0.0034 0.0022 0.0017 0.0014 0.0031 
      BERM11  3 0.0008 0.0235 0.9648 0.0018 0.0008 0.0016 0.0016 0.0016 0.0010 0.0024 
      BERM12  3 0.0007 0.0013 0.9502 0.0031 0.0026 0.0014 0.0086 0.0039 0.0010 0.0271 
      BERM13  3 0.0007 0.0046 0.9819 0.0014 0.0011 0.0020 0.0022 0.0030 0.0014 0.0017 
      BERM14  3 0.0006 0.0034 0.9856 0.0025 0.0011 0.0015 0.0017 0.0013 0.0007 0.0015 
      CROC01  3 0.0047 0.0035 0.9641 0.0020 0.0089 0.0043 0.0046 0.0028 0.0023 0.0027 
      CROC02  3 0.0010 0.0018 0.9806 0.0021 0.0027 0.0024 0.0020 0.0031 0.0011 0.0033 
      CROC03  3 0.0010 0.0059 0.9791 0.0014 0.0014 0.0021 0.0020 0.0024 0.0011 0.0036 
      CROC04  3 0.0007 0.0016 0.8865 0.0754 0.0203 0.0057 0.0016 0.0014 0.0053 0.0016 
      CROC05  3 0.0010 0.0043 0.9827 0.0011 0.0010 0.0023 0.0022 0.0018 0.0014 0.0021 
      CROC06  3 0.0068 0.0033 0.9090 0.0155 0.0342 0.0077 0.0172 0.0023 0.0011 0.0029 
      CROC07  3 0.0012 0.0064 0.9686 0.0025 0.0026 0.0029 0.0025 0.0032 0.0081 0.0020 
      CROC08  3 0.0226 0.0023 0.9546 0.0014 0.0018 0.0037 0.0039 0.0019 0.0021 0.0058 
      CROC09  3 0.0024 0.0279 0.9591 0.0009 0.0011 0.0027 0.0012 0.0015 0.0012 0.0020 
      CROC10  3 0.0006 0.0531 0.9335 0.0011 0.0008 0.0017 0.0019 0.0021 0.0032 0.0020 
      CROC11  3 0.0023 0.0281 0.9590 0.0009 0.0011 0.0026 0.0012 0.0015 0.0012 0.0020 
     CROC110  3 0.0019 0.0223 0.9191 0.0051 0.0016 0.0417 0.0020 0.0025 0.0021 0.0019 
     CROC116  3 0.0018 0.0021 0.9637 0.0040 0.0045 0.0043 0.0023 0.0076 0.0053 0.0045 
      CROC12  3 0.0007 0.0016 0.9864 0.0014 0.0007 0.0026 0.0012 0.0023 0.0011 0.0019 
     CROC123  3 0.0006 0.0026 0.9879 0.0013 0.0007 0.0015 0.0010 0.0014 0.0010 0.0020 
      CROC13  3 0.0007 0.0012 0.9863 0.0010 0.0008 0.0015 0.0022 0.0018 0.0008 0.0035 
      CROC14  3 0.0026 0.0033 0.8970 0.0056 0.0031 0.0446 0.0358 0.0012 0.0012 0.0055 
      CROC15  3 0.0128 0.0010 0.8914 0.0025 0.0293 0.0349 0.0052 0.0093 0.0033 0.0103 
      CROC16  3 0.0014 0.0087 0.9742 0.0009 0.0015 0.0022 0.0023 0.0028 0.0008 0.0052 
      CROC17  3 0.0006 0.0010 0.9192 0.0192 0.0007 0.0058 0.0012 0.0012 0.0492 0.0020 
      CROC18  3 0.0008 0.0013 0.9541 0.0023 0.0053 0.0024 0.0013 0.0130 0.0026 0.0167 
      CROC19  3 0.0010 0.0031 0.9773 0.0032 0.0026 0.0043 0.0028 0.0019 0.0012 0.0026 
     CROC198  3 0.0009 0.0041 0.9838 0.0011 0.0008 0.0019 0.0028 0.0016 0.0011 0.0020 
      CROC20  3 0.0010 0.0029 0.9831 0.0011 0.0014 0.0024 0.0020 0.0029 0.0008 0.0025 
     CROC202  3 0.0008 0.0013 0.9810 0.0012 0.0014 0.0017 0.0026 0.0021 0.0010 0.0071 
      CROC21  3 0.0008 0.0042 0.9826 0.0017 0.0008 0.0026 0.0017 0.0023 0.0013 0.0022 
     CROC216  3 0.0028 0.0138 0.9280 0.0132 0.0065 0.0074 0.0017 0.0159 0.0075 0.0031 
      CROC22  3 0.0007 0.0040 0.9388 0.0037 0.0009 0.0230 0.0196 0.0020 0.0048 0.0026 
      CROC23  3 0.0016 0.0684 0.9040 0.0083 0.0010 0.0034 0.0021 0.0036 0.0048 0.0029 
      CROC24  3 0.0010 0.0096 0.9779 0.0015 0.0010 0.0020 0.0013 0.0015 0.0008 0.0033 
      CROC25  3 0.0007 0.0016 0.9880 0.0013 0.0011 0.0015 0.0015 0.0013 0.0013 0.0017 
     CROC259  3 0.0009 0.0041 0.9634 0.0143 0.0010 0.0019 0.0072 0.0020 0.0026 0.0026 
      CROC26  3 0.0011 0.0022 0.9239 0.0619 0.0010 0.0015 0.0024 0.0017 0.0020 0.0023 
      CROC27  3 0.0031 0.0278 0.9379 0.0104 0.0020 0.0025 0.0020 0.0020 0.0101 0.0023 
      CROC28  3 0.0009 0.0492 0.9373 0.0043 0.0009 0.0019 0.0015 0.0013 0.0010 0.0017 
      CROC29  3 0.0013 0.0013 0.9862 0.0014 0.0011 0.0023 0.0014 0.0018 0.0011 0.0020 
      CROC30  3 0.0015 0.0017 0.9786 0.0028 0.0018 0.0044 0.0018 0.0032 0.0016 0.0028 
      CROC31  3 0.0009 0.1079 0.8579 0.0069 0.0015 0.0055 0.0019 0.0092 0.0057 0.0024 
      CROC32  3 0.0006 0.0017 0.9883 0.0013 0.0008 0.0017 0.0017 0.0014 0.0008 0.0017 
      CROC33  3 0.0200 0.0028 0.9557 0.0052 0.0030 0.0061 0.0012 0.0014 0.0017 0.0027 
      CROC34  3 0.0010 0.0018 0.9849 0.0016 0.0009 0.0018 0.0022 0.0024 0.0012 0.0022 
      CROC35  3 0.0006 0.0064 0.9551 0.0153 0.0006 0.0150 0.0012 0.0011 0.0017 0.0030 
      CROC36  3 0.0008 0.0057 0.9825 0.0011 0.0011 0.0018 0.0017 0.0018 0.0016 0.0019 
      CROC57  3 0.0010 0.0017 0.9856 0.0009 0.0012 0.0020 0.0026 0.0019 0.0008 0.0021 
      CROC81  3 0.0025 0.0014 0.9786 0.0012 0.0021 0.0022 0.0017 0.0024 0.0013 0.0066 
      CROC84  3 0.0006 0.0039 0.9761 0.0025 0.0013 0.0012 0.0029 0.0022 0.0008 0.0085 
        FW01  3 0.0009 0.0017 0.9853 0.0014 0.0013 0.0020 0.0015 0.0017 0.0008 0.0034 
        FW02  3 0.0005 0.9916 0.0014 0.0006 0.0006 0.0011 0.0011 0.0010 0.0007 0.0013 
        FW03  3 0.0007 0.0016 0.9866 0.0013 0.0014 0.0017 0.0014 0.0016 0.0007 0.0030 
        FW04  3 0.0005 0.9917 0.0014 0.0006 0.0006 0.0011 0.0011 0.0010 0.0007 0.0013 
        FW05  3 0.0005 0.9917 0.0014 0.0006 0.0006 0.0011 0.0011 0.0010 0.0006 0.0013 
        FW06  3 0.0005 0.9917 0.0014 0.0006 0.0006 0.0011 0.0011 0.0010 0.0007 0.0013 
        FW07  3 0.0007 0.0016 0.9865 0.0013 0.0014 0.0017 0.0013 0.0016 0.0008 0.0029 
        FW08  3 0.0005 0.9917 0.0014 0.0006 0.0006 0.0011 0.0011 0.0010 0.0007 0.0013 
        FW09  3 0.0005 0.9917 0.0014 0.0006 0.0006 0.0011 0.0011 0.0011 0.0007 0.0013 
        FW10  3 0.0009 0.0015 0.9862 0.0014 0.0013 0.0019 0.0013 0.0018 0.0008 0.0029 
       FW100  3 0.0009 0.0021 0.9858 0.0016 0.0011 0.0019 0.0013 0.0017 0.0008 0.0028 
       FW101  3 0.0009 0.0017 0.9861 0.0013 0.0013 0.0019 0.0013 0.0017 0.0008 0.0030 
       FW102  3 0.0005 0.9917 0.0014 0.0006 0.0006 0.0011 0.0010 0.0010 0.0007 0.0013 
       FW103  3 0.0005 0.9916 0.0014 0.0006 0.0006 0.0011 0.0011 0.0010 0.0007 0.0013 
       FW104  3 0.0009 0.0016 0.9857 0.0013 0.0013 0.0020 0.0015 0.0017 0.0008 0.0034 
       FW105  3 0.0009 0.0016 0.9862 0.0014 0.0013 0.0019 0.0014 0.0017 0.0008 0.0029 
       FW106  3 0.0022 0.0436 0.9132 0.0041 0.0043 0.0063 0.0020 0.0142 0.0032 0.0068 
       FW107  3 0.0009 0.0016 0.9857 0.0013 0.0013 0.0021 0.0015 0.0017 0.0007 0.0033 
       FW108  3 0.0005 0.9916 0.0014 0.0006 0.0006 0.0011 0.0011 0.0010 0.0007 0.0013 
       FW109  3 0.0009 0.0017 0.9863 0.0014 0.0012 0.0019 0.0013 0.0017 0.0007 0.0030 
        FW11  3 0.0009 0.0021 0.9856 0.0015 0.0011 0.0019 0.0013 0.0017 0.0008 0.0030 
       FW110  3 0.0007 0.0016 0.9865 0.0013 0.0014 0.0018 0.0013 0.0016 0.0007 0.0030 
       FW111  3 0.0005 0.9917 0.0014 0.0006 0.0006 0.0011 0.0010 0.0010 0.0007 0.0013 
       FW112  3 0.0009 0.0023 0.9856 0.0014 0.0011 0.0019 0.0014 0.0017 0.0007 0.0030 
       FW113  3 0.0005 0.9917 0.0013 0.0006 0.0006 0.0011 0.0011 0.0010 0.0007 0.0013 
       FW114  3 0.0007 0.0016 0.9860 0.0017 0.0015 0.0019 0.0014 0.0015 0.0008 0.0029 
       FW115  3 0.0009 0.0017 0.9863 0.0014 0.0012 0.0019 0.0013 0.0017 0.0008 0.0029 
       FW116  3 0.0005 0.9917 0.0014 0.0006 0.0006 0.0011 0.0011 0.0010 0.0007 0.0013 
        FW12  3 0.0005 0.9917 0.0014 0.0006 0.0006 0.0011 0.0011 0.0010 0.0007 0.0013 
        FW13  3 0.0005 0.9916 0.0014 0.0007 0.0006 0.0011 0.0011 0.0010 0.0007 0.0013 
        FW14  3 0.0009 0.0017 0.9856 0.0014 0.0013 0.0020 0.0014 0.0017 0.0007 0.0033 
        FW15  3 0.0009 0.0016 0.9855 0.0013 0.0013 0.0021 0.0015 0.0017 0.0008 0.0033 
        FW16  3 0.0009 0.0017 0.9860 0.0014 0.0013 0.0019 0.0014 0.0017 0.0008 0.0030 
        FW17  3 0.0009 0.0017 0.9859 0.0015 0.0013 0.0019 0.0013 0.0017 0.0008 0.0030 
        FW18  3 0.0009 0.0022 0.9857 0.0015 0.0012 0.0018 0.0013 0.0017 0.0008 0.0030 
        FW19  3 0.0005 0.9917 0.0014 0.0006 0.0006 0.0011 0.0010 0.0010 0.0007 0.0013 
        FW20  3 0.0005 0.9917 0.0014 0.0006 0.0006 0.0011 0.0010 0.0010 0.0006 0.0013 
        FW21  3 0.0005 0.9917 0.0014 0.0006 0.0006 0.0011 0.0011 0.0010 0.0007 0.0013 
        FW22  3 0.0009 0.0022 0.9857 0.0015 0.0011 0.0019 0.0013 0.0017 0.0008 0.0029 
        FW23  3 0.0005 0.9918 0.0013 0.0006 0.0006 0.0011 0.0010 0.0010 0.0007 0.0013 
        FW24  3 0.0005 0.9917 0.0014 0.0006 0.0006 0.0011 0.0011 0.0010 0.0007 0.0013 
        FW25  3 0.0005 0.9916 0.0014 0.0006 0.0006 0.0011 0.0011 0.0010 0.0007 0.0013 
        FW26  3 0.0005 0.9917 0.0014 0.0006 0.0006 0.0011 0.0011 0.0010 0.0007 0.0013 
        FW27  3 0.0009 0.0016 0.9860 0.0015 0.0012 0.0020 0.0013 0.0017 0.0008 0.0030 
        FW28  3 0.0005 0.9915 0.0014 0.0006 0.0006 0.0011 0.0011 0.0011 0.0007 0.0013 
        FW29  3 0.0005 0.9917 0.0014 0.0006 0.0006 0.0011 0.0010 0.0010 0.0007 0.0013 
        FW30  3 0.0023 0.0451 0.9103 0.0039 0.0046 0.0064 0.0020 0.0151 0.0034 0.0067 
        FW32  3 0.0008 0.0017 0.9855 0.0013 0.0012 0.0021 0.0015 0.0017 0.0007 0.0033 
        FW33  3 0.0005 0.9734 0.0072 0.0013 0.0006 0.0041 0.0011 0.0010 0.0094 0.0013 
        FW34  3 0.0005 0.9917 0.0014 0.0006 0.0006 0.0011 0.0011 0.0010 0.0007 0.0014 
        FW35  3 0.0005 0.9917 0.0014 0.0006 0.0006 0.0011 0.0011 0.0010 0.0007 0.0013 
        FW36  3 0.0005 0.9917 0.0014 0.0006 0.0006 0.0011 0.0011 0.0010 0.0007 0.0013 
        FW37  3 0.0009 0.0017 0.9860 0.0015 0.0012 0.0020 0.0013 0.0017 0.0008 0.0030 
        FW51  3 0.0005 0.9917 0.0014 0.0006 0.0006 0.0011 0.0011 0.0010 0.0007 0.0013 
        FW52  3 0.0009 0.0017 0.9860 0.0014 0.0013 0.0019 0.0013 0.0017 0.0008 0.0029 
        FW53  3 0.0005 0.9917 0.0014 0.0006 0.0006 0.0011 0.0010 0.0010 0.0007 0.0013 
        FW54  3 0.0007 0.0016 0.9866 0.0013 0.0014 0.0017 0.0013 0.0016 0.0008 0.0029 
        FW55  3 0.0005 0.9916 0.0014 0.0006 0.0006 0.0011 0.0011 0.0010 0.0007 0.0013 
        FW56  3 0.0005 0.9917 0.0014 0.0006 0.0006 0.0011 0.0011 0.0010 0.0007 0.0013 
        FW57  3 0.0005 0.9917 0.0014 0.0006 0.0006 0.0011 0.0010 0.0011 0.0007 0.0013 
        FW78  3 0.0005 0.9917 0.0014 0.0006 0.0006 0.0011 0.0010 0.0010 0.0007 0.0013 
        FW79  3 0.0005 0.9916 0.0014 0.0006 0.0006 0.0011 0.0011 0.0011 0.0007 0.0013 
        FW80  3 0.0005 0.9917 0.0014 0.0006 0.0006 0.0011 0.0011 0.0010 0.0007 0.0013 
        FW81  3 0.0007 0.0016 0.9866 0.0013 0.0014 0.0017 0.0013 0.0016 0.0008 0.0029 
        FW82  3 0.0009 0.0016 0.9862 0.0014 0.0012 0.0019 0.0013 0.0017 0.0008 0.0029 
        FW83  3 0.0009 0.0017 0.9854 0.0013 0.0012 0.0020 0.0015 0.0017 0.0008 0.0035 
        FW84  3 0.0005 0.9917 0.0014 0.0006 0.0006 0.0011 0.0011 0.0010 0.0007 0.0013 
        FW85  3 0.0008 0.0019 0.9711 0.0034 0.0071 0.0034 0.0013 0.0019 0.0008 0.0082 
        FW86  3 0.0009 0.0022 0.9856 0.0015 0.0011 0.0019 0.0013 0.0017 0.0008 0.0030 
        FW87  3 0.0009 0.0023 0.9856 0.0015 0.0011 0.0019 0.0014 0.0017 0.0007 0.0030 
        FW88  3 0.0005 0.9917 0.0013 0.0006 0.0006 0.0011 0.0011 0.0010 0.0007 0.0013 
        FW89  3 0.0005 0.9917 0.0014 0.0006 0.0006 0.0011 0.0010 0.0010 0.0007 0.0013 
        FW90  3 0.0005 0.9916 0.0014 0.0006 0.0006 0.0011 0.0010 0.0010 0.0007 0.0014 
        FW91  3 0.0009 0.0017 0.9862 0.0014 0.0013 0.0019 0.0013 0.0017 0.0007 0.0029 
        FW92  3 0.0005 0.9917 0.0014 0.0006 0.0006 0.0011 0.0010 0.0010 0.0007 0.0013 
        FW93  3 0.0005 0.9917 0.0014 0.0006 0.0006 0.0011 0.0011 0.0010 0.0007 0.0013 
        FW94  3 0.0009 0.0016 0.9861 0.0014 0.0013 0.0019 0.0013 0.0017 0.0008 0.0030 
        FW95  3 0.0005 0.9916 0.0014 0.0007 0.0006 0.0011 0.0010 0.0010 0.0006 0.0014 
        FW96  3 0.0005 0.9917 0.0014 0.0006 0.0006 0.0011 0.0010 0.0011 0.0007 0.0013 
        FW97  3 0.0019 0.0090 0.9657 0.0018 0.0013 0.0033 0.0071 0.0045 0.0014 0.0041 
        FW98  3 0.0007 0.0016 0.9865 0.0013 0.0014 0.0018 0.0013 0.0016 0.0008 0.0029 
        FW99  3 0.0005 0.9917 0.0014 0.0006 0.0006 0.0011 0.0011 0.0010 0.0007 0.0013 
       Cal01  3 0.0039 0.2647 0.7175 0.0019 0.0016 0.0030 0.0019 0.0019 0.0009 0.0027 
       Cal02  3 0.0007 0.0031 0.9838 0.0012 0.0009 0.0024 0.0015 0.0025 0.0014 0.0024 
       Cal03  3 0.0009 0.0136 0.9766 0.0010 0.0012 0.0015 0.0010 0.0016 0.0007 0.0019 
       Cal04  3 0.0010 0.0007 0.9830 0.0018 0.0013 0.0034 0.0028 0.0023 0.0009 0.0029 
       Cal05  3 0.0005 0.0045 0.9831 0.0013 0.0007 0.0012 0.0011 0.0011 0.0050 0.0016 
       Cal06  3 0.0010 0.0037 0.9754 0.0051 0.0013 0.0035 0.0020 0.0045 0.0014 0.0020 
       Cal07  3 0.0006 0.0168 0.9703 0.0034 0.0008 0.0015 0.0010 0.0012 0.0028 0.0015 
       Cal08  3 0.0018 0.0154 0.9598 0.0019 0.0031 0.0034 0.0060 0.0026 0.0023 0.0037 
       Cal09  3 0.0008 0.0139 0.9451 0.0117 0.0007 0.0045 0.0018 0.0018 0.0156 0.0041 
       Cal10  3 0.0014 0.0012 0.9847 0.0017 0.0014 0.0030 0.0014 0.0020 0.0008 0.0024 
       Cal11  3 0.0011 0.0062 0.9580 0.0029 0.0014 0.0033 0.0187 0.0032 0.0029 0.0022 
      Cal197  3 0.0013 0.3175 0.6675 0.0023 0.0007 0.0043 0.0010 0.0030 0.0010 0.0015 
      Cal198  3 0.0628 0.0037 0.9030 0.0132 0.0010 0.0033 0.0018 0.0050 0.0044 0.0017 
      Cal199  3 0.0015 0.0044 0.9756 0.0009 0.0010 0.0017 0.0094 0.0026 0.0007 0.0023 
      Cal200  3 0.0013 0.0375 0.9376 0.0038 0.0093 0.0042 0.0015 0.0014 0.0007 0.0026 
      Cal201  3 0.0007 0.0438 0.9435 0.0030 0.0009 0.0024 0.0012 0.0013 0.0020 0.0014 
      Cal202  3 0.0130 0.0065 0.9358 0.0013 0.0032 0.0142 0.0078 0.0016 0.0025 0.0139 
      Cal203  3 0.0009 0.0013 0.9859 0.0011 0.0015 0.0019 0.0028 0.0016 0.0010 0.0022 
      Cal204  3 0.0011 0.0019 0.9841 0.0012 0.0016 0.0018 0.0016 0.0018 0.0021 0.0028 
      Cal205  3 0.0009 0.0027 0.9850 0.0014 0.0009 0.0022 0.0012 0.0026 0.0009 0.0021 
      Cal206  3 0.0007 0.0038 0.9838 0.0010 0.0008 0.0024 0.0015 0.0023 0.0008 0.0031 
      Cal207  3 0.0024 0.0035 0.9805 0.0018 0.0040 0.0018 0.0010 0.0022 0.0012 0.0016 
      Cal208  3 0.0013 0.0019 0.9860 0.0009 0.0013 0.0022 0.0020 0.0015 0.0010 0.0019 
      Cal209  3 0.0006 0.0107 0.9798 0.0011 0.0006 0.0015 0.0014 0.0015 0.0007 0.0021 
      Cal210  3 0.0015 0.0041 0.9756 0.0009 0.0010 0.0016 0.0098 0.0025 0.0007 0.0023 
      Cal211  3 0.0006 0.0289 0.9602 0.0014 0.0013 0.0018 0.0013 0.0016 0.0014 0.0015 
      Cal212  3 0.0006 0.0047 0.9814 0.0013 0.0027 0.0019 0.0014 0.0033 0.0009 0.0018 
      Cal213  3 0.0145 0.0089 0.8926 0.0582 0.0019 0.0123 0.0012 0.0062 0.0023 0.0020 
      Cal214  3 0.0053 0.0007 0.9586 0.0014 0.0008 0.0058 0.0177 0.0065 0.0007 0.0026 
      Cal215  3 0.0010 0.0100 0.9738 0.0013 0.0012 0.0024 0.0033 0.0023 0.0009 0.0039 
      Cal216  3 0.0010 0.0279 0.9589 0.0017 0.0009 0.0017 0.0013 0.0017 0.0030 0.0020 
      Cal217  3 0.0008 0.0084 0.9806 0.0018 0.0006 0.0020 0.0012 0.0013 0.0019 0.0014 
      Cal218  3 0.0006 0.0257 0.9618 0.0016 0.0015 0.0018 0.0014 0.0031 0.0009 0.0017 
      Cal219  3 0.0007 0.0098 0.9775 0.0014 0.0011 0.0025 0.0019 0.0024 0.0010 0.0018 
      Cal220  3 0.0021 0.0044 0.9284 0.0017 0.0011 0.0039 0.0050 0.0476 0.0043 0.0017 
      Cal221  3 0.0009 0.0048 0.9841 0.0012 0.0011 0.0017 0.0019 0.0018 0.0007 0.0018 
      Cal222  3 0.0010 0.0023 0.9851 0.0012 0.0009 0.0016 0.0032 0.0019 0.0008 0.0019 
      Cal223  3 0.0043 0.0049 0.9199 0.0455 0.0018 0.0051 0.0043 0.0035 0.0083 0.0023 
      Cal224  3 0.0606 0.0012 0.9052 0.0014 0.0020 0.0023 0.0025 0.0056 0.0036 0.0156 
       Cal33  3 0.0006 0.0018 0.9862 0.0012 0.0008 0.0032 0.0012 0.0020 0.0010 0.0020 
       Cal34  3 0.0017 0.0013 0.9768 0.0022 0.0007 0.0016 0.0013 0.0044 0.0071 0.0030 
       Cal35  3 0.0006 0.0021 0.9867 0.0023 0.0012 0.0019 0.0011 0.0015 0.0009 0.0018 
       Cal37  3 0.0006 0.0019 0.9704 0.0033 0.0029 0.0062 0.0012 0.0088 0.0027 0.0020 
       Cal38  3 0.0006 0.2938 0.6959 0.0013 0.0008 0.0017 0.0016 0.0018 0.0010 0.0013 
       Cal39  3 0.0006 0.0118 0.9753 0.0012 0.0009 0.0016 0.0020 0.0016 0.0011 0.0039 
       Cal40  3 0.0006 0.0105 0.9799 0.0011 0.0006 0.0016 0.0014 0.0015 0.0007 0.0021 
       Cal41  3 0.0006 0.0032 0.9874 0.0012 0.0007 0.0015 0.0014 0.0014 0.0008 0.0019 
       Cal42  3 0.0007 0.0032 0.9854 0.0009 0.0008 0.0022 0.0020 0.0017 0.0007 0.0024 
       Cal43  3 0.0008 0.0021 0.9860 0.0013 0.0011 0.0022 0.0015 0.0019 0.0014 0.0016 
       Cal44  3 0.0015 0.0126 0.9374 0.0017 0.0022 0.0020 0.0022 0.0371 0.0012 0.0021 
        BW41  3 0.0022 0.0041 0.9424 0.0016 0.0020 0.0042 0.0023 0.0031 0.0027 0.0354 
        BW42  3 0.0008 0.0013 0.9831 0.0017 0.0008 0.0053 0.0016 0.0024 0.0012 0.0019 
        BW44  3 0.0009 0.0021 0.9855 0.0022 0.0008 0.0022 0.0016 0.0018 0.0013 0.0015 
        BW45  3 0.0005 0.0104 0.9805 0.0021 0.0007 0.0013 0.0012 0.0012 0.0007 0.0014 
        BW46  3 0.0008 0.0019 0.9868 0.0011 0.0011 0.0021 0.0014 0.0020 0.0008 0.0020 
        BW47  3 0.0006 0.0185 0.9056 0.0050 0.0145 0.0015 0.0011 0.0244 0.0124 0.0162 
        BW48  3 0.0012 0.0066 0.9687 0.0023 0.0022 0.0045 0.0038 0.0036 0.0019 0.0052 
        BW49  3 0.0007 0.0165 0.9640 0.0039 0.0008 0.0021 0.0017 0.0018 0.0069 0.0017 
        BW50  3 0.0007 0.0034 0.9859 0.0011 0.0007 0.0020 0.0014 0.0015 0.0012 0.0019 
        BW51  3 0.0006 0.0273 0.9494 0.0149 0.0006 0.0018 0.0015 0.0015 0.0009 0.0015 
        BW52  3 0.0007 0.0020 0.9848 0.0013 0.0007 0.0017 0.0041 0.0016 0.0012 0.0018 
        BW53  3 0.0015 0.0025 0.9440 0.0029 0.0018 0.0038 0.0012 0.0393 0.0009 0.0021 
        BW54  3 0.0010 0.0054 0.8564 0.0039 0.0223 0.0041 0.0039 0.0804 0.0156 0.0069 
        BW55  3 0.0010 0.0020 0.9857 0.0013 0.0018 0.0018 0.0021 0.0015 0.0008 0.0021 
        BW56  3 0.0008 0.0024 0.9838 0.0017 0.0009 0.0017 0.0013 0.0017 0.0012 0.0045 
        BW57  3 0.0011 0.0039 0.9818 0.0023 0.0008 0.0021 0.0012 0.0016 0.0032 0.0019 
        BW58  3 0.0007 0.0021 0.9863 0.0019 0.0009 0.0018 0.0014 0.0021 0.0009 0.0020 
        BW59  3 0.0006 0.0603 0.9272 0.0013 0.0009 0.0023 0.0013 0.0028 0.0015 0.0017 
        BW60  3 0.0007 0.0011 0.9880 0.0014 0.0009 0.0016 0.0014 0.0015 0.0015 0.0019 
        BW61  3 0.0008 0.0202 0.8842 0.0026 0.0010 0.0166 0.0019 0.0020 0.0016 0.0691 
        BW62  3 0.0009 0.0027 0.9789 0.0018 0.0056 0.0021 0.0014 0.0022 0.0011 0.0033 
        BW63  3 0.0010 0.0025 0.9227 0.0114 0.0385 0.0073 0.0014 0.0083 0.0043 0.0026 
        BW64  3 0.0007 0.0070 0.9828 0.0012 0.0009 0.0020 0.0012 0.0016 0.0009 0.0017 
        BW65  3 0.0041 0.0038 0.9493 0.0051 0.0020 0.0077 0.0036 0.0120 0.0023 0.0101 
        BW66  3 0.0009 0.0041 0.9766 0.0036 0.0012 0.0018 0.0038 0.0016 0.0026 0.0039 
        BW67  3 0.0007 0.1751 0.8155 0.0012 0.0009 0.0014 0.0012 0.0012 0.0013 0.0016 
        BW68  3 0.0010 0.0030 0.9731 0.0034 0.0029 0.0035 0.0013 0.0045 0.0020 0.0054 
        BW69  3 0.0008 0.0015 0.9425 0.0011 0.0009 0.0019 0.0019 0.0018 0.0007 0.0468 
        BW70  3 0.0013 0.0520 0.9326 0.0022 0.0011 0.0026 0.0025 0.0020 0.0018 0.0018 
        BW71  3 0.0005 0.0456 0.9450 0.0014 0.0006 0.0016 0.0015 0.0013 0.0010 0.0015 
        BW72  3 0.0038 0.0056 0.9423 0.0028 0.0134 0.0079 0.0033 0.0060 0.0057 0.0092 
        BW73  3 0.0007 0.0056 0.9076 0.0035 0.0011 0.0317 0.0143 0.0029 0.0041 0.0284 
        BW74  3 0.0008 0.0043 0.9780 0.0026 0.0010 0.0038 0.0023 0.0029 0.0018 0.0024 
        BW75  3 0.0022 0.0097 0.9476 0.0108 0.0030 0.0109 0.0105 0.0023 0.0011 0.0019 
        BW76  3 0.0011 0.0051 0.9771 0.0015 0.0022 0.0022 0.0023 0.0020 0.0008 0.0056 
        BW77  3 0.0024 0.0988 0.8486 0.0055 0.0007 0.0039 0.0014 0.0298 0.0049 0.0039 
        BW78  3 0.0006 0.0013 0.9860 0.0021 0.0008 0.0014 0.0022 0.0015 0.0022 0.0020 
        BW79  3 0.0006 0.0065 0.9514 0.0019 0.0008 0.0017 0.0017 0.0326 0.0009 0.0020 
        BW80  3 0.0009 0.0033 0.9826 0.0013 0.0022 0.0026 0.0014 0.0025 0.0012 0.0019 
        BW81  3 0.0008 0.0016 0.9877 0.0017 0.0008 0.0019 0.0011 0.0014 0.0008 0.0021 
       BWS05  3 0.0013 0.0111 0.9457 0.0033 0.0021 0.0056 0.0039 0.0091 0.0018 0.0160 
       BWS06  3 0.0009 0.0055 0.9818 0.0014 0.0010 0.0018 0.0025 0.0020 0.0010 0.0022 
       BWS07  3 0.0006 0.0298 0.9134 0.0070 0.0012 0.0435 0.0011 0.0012 0.0008 0.0015 
       BWS08  3 0.0031 0.0033 0.9408 0.0129 0.0054 0.0036 0.0040 0.0023 0.0037 0.0208 
       BWS09  3 0.0011 0.0370 0.9528 0.0013 0.0009 0.0013 0.0012 0.0020 0.0007 0.0017 
       BWS10  3 0.0010 0.0073 0.9635 0.0024 0.0133 0.0038 0.0022 0.0026 0.0014 0.0025 
       BWS11  3 0.0007 0.0029 0.9860 0.0011 0.0009 0.0019 0.0016 0.0024 0.0008 0.0017 
       BWS12  3 0.0010 0.0020 0.9842 0.0015 0.0009 0.0026 0.0026 0.0024 0.0010 0.0018 
       BWS13  3 0.0024 0.0010 0.9864 0.0010 0.0014 0.0020 0.0018 0.0015 0.0009 0.0016 
       BWS14  3 0.0007 0.0018 0.9858 0.0015 0.0009 0.0025 0.0012 0.0023 0.0010 0.0024 
       BWS15  3 0.0020 0.0042 0.9635 0.0028 0.0026 0.0046 0.0084 0.0071 0.0016 0.0033 
       BWS16  3 0.0007 0.0011 0.9753 0.0033 0.0013 0.0018 0.0013 0.0023 0.0109 0.0021 
       BWS17  3 0.0012 0.0016 0.9831 0.0012 0.0012 0.0019 0.0020 0.0025 0.0009 0.0043 
       BWS18  3 0.0245 0.0057 0.9508 0.0030 0.0017 0.0044 0.0033 0.0030 0.0013 0.0022 
       BWS19  3 0.0062 0.0127 0.9403 0.0021 0.0008 0.0119 0.0055 0.0035 0.0011 0.0158 
       BWS20  3 0.0009 0.0026 0.9846 0.0036 0.0007 0.0017 0.0012 0.0013 0.0018 0.0017 
       BWS21  3 0.0101 0.0014 0.8872 0.0040 0.0021 0.0043 0.0042 0.0826 0.0007 0.0032 
       BWS22  3 0.0017 0.0179 0.9684 0.0012 0.0013 0.0025 0.0013 0.0016 0.0017 0.0024 
       BWS23  3 0.0291 0.0032 0.9525 0.0022 0.0009 0.0031 0.0023 0.0028 0.0013 0.0027 
       BWS24  3 0.0011 0.0022 0.9650 0.0034 0.0026 0.0111 0.0043 0.0060 0.0020 0.0024 
       BWS25  3 0.0006 0.0013 0.9751 0.0011 0.0008 0.0116 0.0013 0.0023 0.0008 0.0051 
       BWS26  3 0.0008 0.0015 0.9842 0.0019 0.0009 0.0031 0.0016 0.0023 0.0011 0.0026 
       BWS27  3 0.0006 0.0018 0.9840 0.0028 0.0007 0.0035 0.0013 0.0016 0.0020 0.0016 
       BWS28  3 0.0009 0.0024 0.9562 0.0022 0.0039 0.0038 0.0019 0.0208 0.0037 0.0040 
       BWS29  3 0.0011 0.0016 0.9789 0.0024 0.0035 0.0023 0.0025 0.0019 0.0012 0.0046 
       BWS30  3 0.0022 0.0985 0.8862 0.0016 0.0008 0.0014 0.0013 0.0047 0.0009 0.0025 
       BWS31  3 0.0010 0.0034 0.9695 0.0078 0.0013 0.0027 0.0012 0.0019 0.0021 0.0091 
       BWS32  3 0.0007 0.0041 0.9760 0.0036 0.0020 0.0049 0.0024 0.0016 0.0028 0.0019 
       BWS33  3 0.0015 0.0017 0.9653 0.0013 0.0154 0.0033 0.0020 0.0028 0.0015 0.0052 
       BWS34  3 0.0019 0.0014 0.9818 0.0022 0.0023 0.0025 0.0021 0.0022 0.0008 0.0028 
       BWS35  3 0.0013 0.0015 0.9780 0.0023 0.0021 0.0031 0.0035 0.0047 0.0010 0.0026 
       BWS36  3 0.0006 0.0025 0.9873 0.0011 0.0007 0.0014 0.0024 0.0014 0.0008 0.0018 
       BWS37  3 0.0007 0.0026 0.9818 0.0018 0.0013 0.0021 0.0015 0.0016 0.0012 0.0054 
       BWS38  3 0.0014 0.0103 0.9696 0.0031 0.0018 0.0029 0.0033 0.0036 0.0017 0.0022 
       BWS39  3 0.0007 0.2428 0.7452 0.0019 0.0008 0.0017 0.0014 0.0016 0.0020 0.0018 
       BWS40  3 0.0007 0.0022 0.9844 0.0011 0.0009 0.0017 0.0037 0.0021 0.0009 0.0023 
       BWN01  3 0.0008 0.0026 0.9819 0.0017 0.0009 0.0016 0.0017 0.0017 0.0042 0.0029 
       BWN02  3 0.0007 0.0509 0.8878 0.0480 0.0009 0.0016 0.0012 0.0021 0.0047 0.0020 
       BWN03  3 0.0033 0.0026 0.9529 0.0018 0.0045 0.0074 0.0035 0.0081 0.0037 0.0120 
       BWN04  3 0.0008 0.0111 0.9722 0.0045 0.0008 0.0017 0.0039 0.0015 0.0014 0.0020 
        NC01  4 0.0007 0.0141 0.0525 0.8846 0.0053 0.0247 0.0016 0.0039 0.0108 0.0018 
        NC02  4 0.0011 0.0145 0.0110 0.9523 0.0017 0.0048 0.0023 0.0025 0.0029 0.0070 
        NC03  4 0.0043 0.0026 0.0024 0.9780 0.0009 0.0054 0.0011 0.0015 0.0020 0.0017 
        NC04  4 0.0009 0.0020 0.0045 0.9818 0.0012 0.0028 0.0019 0.0019 0.0009 0.0021 
        NC05  4 0.0032 0.0020 0.0124 0.9151 0.0108 0.0438 0.0041 0.0030 0.0015 0.0042 
        NC06  4 0.0009 0.0126 0.0379 0.8496 0.0008 0.0047 0.0017 0.0021 0.0629 0.0268 
        NC07  4 0.0006 0.0022 0.0050 0.9826 0.0008 0.0019 0.0021 0.0020 0.0010 0.0018 
        NC08  4 0.0019 0.0579 0.0104 0.9161 0.0015 0.0027 0.0021 0.0015 0.0013 0.0046 
        NC09  4 0.0018 0.0042 0.0088 0.9683 0.0033 0.0029 0.0044 0.0019 0.0023 0.0021 
        NC10  4 0.0007 0.0639 0.1371 0.7883 0.0008 0.0020 0.0015 0.0022 0.0016 0.0018 
        NC11  4 0.0014 0.0025 0.0242 0.9516 0.0025 0.0067 0.0029 0.0025 0.0019 0.0037 
        NC12  4 0.0008 0.0011 0.0048 0.9792 0.0018 0.0026 0.0012 0.0021 0.0014 0.0050 
        NC13  4 0.0117 0.0020 0.0040 0.9691 0.0015 0.0055 0.0013 0.0022 0.0011 0.0017 
        NC14  4 0.0008 0.0051 0.0068 0.9595 0.0013 0.0172 0.0020 0.0022 0.0029 0.0022 
        NC15  4 0.0017 0.0023 0.0055 0.9687 0.0025 0.0083 0.0020 0.0015 0.0015 0.0060 
        NC16  4 0.0008 0.0057 0.0130 0.9525 0.0035 0.0129 0.0017 0.0033 0.0048 0.0018 
        NC18  4 0.0012 0.0062 0.0065 0.9715 0.0016 0.0044 0.0032 0.0021 0.0012 0.0021 
        NC19  4 0.0008 0.0013 0.0021 0.9868 0.0016 0.0019 0.0010 0.0014 0.0013 0.0018 
        NC20  4 0.0080 0.0845 0.0541 0.8150 0.0026 0.0032 0.0109 0.0019 0.0067 0.0130 
        NC21  4 0.0034 0.0671 0.0055 0.9029 0.0040 0.0075 0.0013 0.0023 0.0037 0.0023 
        NC22  4 0.0016 0.0141 0.0233 0.9210 0.0009 0.0014 0.0022 0.0015 0.0022 0.0318 
        NC23  4 0.0012 0.0139 0.0123 0.9558 0.0012 0.0051 0.0020 0.0020 0.0047 0.0018 
        NC24  4 0.0007 0.0011 0.0030 0.9840 0.0010 0.0022 0.0024 0.0018 0.0011 0.0029 
      SAND01  4 0.0006 0.9880 0.0025 0.0013 0.0010 0.0014 0.0015 0.0013 0.0008 0.0015 
      SAND02  4 0.0005 0.9564 0.0075 0.0012 0.0034 0.0021 0.0014 0.0024 0.0007 0.0242 
      SAND03  4 0.0006 0.9901 0.0022 0.0008 0.0006 0.0012 0.0012 0.0011 0.0007 0.0015 
      SAND04  4 0.0008 0.9879 0.0017 0.0011 0.0007 0.0017 0.0012 0.0019 0.0009 0.0021 
      SAND05  4 0.0007 0.9883 0.0022 0.0010 0.0009 0.0015 0.0013 0.0015 0.0008 0.0019 
      SAND06  4 0.0007 0.9850 0.0026 0.0022 0.0008 0.0020 0.0011 0.0023 0.0010 0.0023 
      SAND07  4 0.0006 0.9869 0.0030 0.0012 0.0009 0.0014 0.0021 0.0014 0.0008 0.0017 
      SAND08  4 0.0006 0.9669 0.0051 0.0170 0.0008 0.0016 0.0014 0.0016 0.0019 0.0030 
      SAND09  4 0.0013 0.7931 0.1020 0.0741 0.0069 0.0044 0.0025 0.0090 0.0030 0.0037 
      SAND10  4 0.0006 0.9474 0.0053 0.0162 0.0057 0.0031 0.0053 0.0026 0.0016 0.0122 
      SAND11  4 0.0008 0.9858 0.0034 0.0010 0.0011 0.0020 0.0015 0.0015 0.0007 0.0022 
      SAND12  4 0.0007 0.9885 0.0020 0.0012 0.0010 0.0014 0.0014 0.0015 0.0007 0.0016 
      SAND13  4 0.0006 0.9471 0.0052 0.0168 0.0057 0.0032 0.0052 0.0025 0.0017 0.0120 
      SAND14  4 0.0009 0.9367 0.0101 0.0051 0.0073 0.0032 0.0036 0.0033 0.0013 0.0285 
      SAND15  4 0.0011 0.9873 0.0025 0.0012 0.0009 0.0015 0.0012 0.0014 0.0012 0.0017 
      SAND16  4 0.0009 0.9403 0.0058 0.0113 0.0029 0.0092 0.0012 0.0182 0.0084 0.0018 
      SAND17  4 0.0006 0.9863 0.0041 0.0013 0.0009 0.0015 0.0015 0.0014 0.0007 0.0017 
      SAND18  4 0.0006 0.9885 0.0027 0.0011 0.0008 0.0014 0.0010 0.0013 0.0008 0.0017 
      SAND19  4 0.0006 0.9896 0.0022 0.0009 0.0007 0.0013 0.0010 0.0013 0.0007 0.0015 
      SAND20  4 0.0006 0.9794 0.0032 0.0094 0.0008 0.0013 0.0019 0.0012 0.0008 0.0014 
      SAND21  4 0.0006 0.9855 0.0046 0.0016 0.0008 0.0014 0.0016 0.0014 0.0009 0.0017 
      SAND22  4 0.0006 0.9757 0.0100 0.0071 0.0008 0.0014 0.0012 0.0012 0.0007 0.0013 
      SAND23  4 0.0007 0.9858 0.0043 0.0010 0.0008 0.0017 0.0011 0.0015 0.0008 0.0024 
      SAND24  4 0.0009 0.0013 0.9832 0.0014 0.0012 0.0024 0.0016 0.0020 0.0011 0.0049 
      SAND25  4 0.0010 0.9701 0.0021 0.0050 0.0017 0.0050 0.0016 0.0073 0.0040 0.0024 
      SAND26  4 0.0006 0.9891 0.0019 0.0016 0.0007 0.0012 0.0012 0.0011 0.0009 0.0018 
      SAND27  4 0.0016 0.6657 0.0102 0.3098 0.0020 0.0028 0.0021 0.0021 0.0010 0.0027 
      SAND28  4 0.0007 0.9874 0.0030 0.0012 0.0007 0.0015 0.0012 0.0013 0.0007 0.0022 
      SAND29  4 0.0006 0.9891 0.0024 0.0010 0.0007 0.0014 0.0011 0.0014 0.0007 0.0016 
      SAND30  4 0.0011 0.9794 0.0077 0.0033 0.0010 0.0016 0.0012 0.0013 0.0020 0.0014 
      SAND31  4 0.0007 0.9866 0.0018 0.0024 0.0015 0.0016 0.0017 0.0014 0.0009 0.0015 
      SAND32  4 0.0007 0.8989 0.0046 0.0668 0.0021 0.0030 0.0021 0.0035 0.0094 0.0090 
      SAND33  4 0.0013 0.9749 0.0060 0.0026 0.0016 0.0019 0.0046 0.0023 0.0011 0.0037 
      SAND34  4 0.0007 0.9875 0.0028 0.0014 0.0011 0.0015 0.0010 0.0014 0.0008 0.0017 
      SAND35  4 0.0005 0.9911 0.0015 0.0009 0.0006 0.0011 0.0013 0.0011 0.0006 0.0014 
      SAND36  4 0.0006 0.9767 0.0127 0.0020 0.0009 0.0017 0.0012 0.0014 0.0007 0.0020 
      SAND37  4 0.0007 0.9699 0.0169 0.0046 0.0010 0.0017 0.0012 0.0015 0.0008 0.0017 
      SAND38  4 0.0007 0.9814 0.0044 0.0038 0.0008 0.0019 0.0019 0.0021 0.0011 0.0020 
      SAND39  4 0.0007 0.9677 0.0044 0.0189 0.0008 0.0018 0.0012 0.0013 0.0012 0.0021 
      SAND40  4 0.0013 0.9536 0.0068 0.0027 0.0057 0.0043 0.0021 0.0052 0.0011 0.0171 
      SAND41  4 0.0007 0.9745 0.0073 0.0024 0.0029 0.0023 0.0013 0.0019 0.0007 0.0060 
      SAND42  4 0.0013 0.9679 0.0099 0.0025 0.0020 0.0028 0.0036 0.0040 0.0016 0.0043 
      SAND43  4 0.0015 0.6583 0.3099 0.0151 0.0018 0.0031 0.0030 0.0026 0.0012 0.0036 
      SAND44  4 0.0006 0.9895 0.0019 0.0012 0.0006 0.0012 0.0017 0.0012 0.0007 0.0014 
       Hon01  5 0.0012 0.0111 0.0021 0.0151 0.0043 0.0044 0.0018 0.0019 0.9544 0.0037 
       Hon02  5 0.0013 0.0014 0.0016 0.0012 0.0007 0.0016 0.0011 0.0019 0.9873 0.0019 
       Hon03  5 0.1482 0.0830 0.0021 0.0015 0.0018 0.0083 0.0118 0.0013 0.7359 0.0060 
       Hon04  5 0.0007 0.0099 0.0014 0.0025 0.0010 0.0019 0.0021 0.0015 0.9765 0.0025 
       Hon05  5 0.0007 0.0012 0.0024 0.0043 0.0008 0.0020 0.0012 0.0016 0.9839 0.0018 
       Hon06  5 0.0005 0.0012 0.0014 0.1883 0.0033 0.0018 0.0025 0.0019 0.7975 0.0015 
       Hon07  5 0.0009 0.0011 0.0016 0.0046 0.0008 0.0027 0.0017 0.0016 0.9832 0.0019 
       Hon08  5 0.0009 0.0009 0.0029 0.0035 0.0011 0.0022 0.0014 0.0046 0.9803 0.0022 
       Hon09  5 0.0011 0.0594 0.0025 0.0041 0.0010 0.0020 0.0031 0.0019 0.9056 0.0194 
       Hon10  5 0.0039 0.0012 0.0052 0.0487 0.0028 0.0025 0.0083 0.0037 0.8690 0.0546 
       Hon11  5 0.0006 0.0015 0.0121 0.0030 0.0009 0.0073 0.0017 0.0054 0.9658 0.0017 
       Hon12  5 0.0009 0.0020 0.0014 0.0009 0.0007 0.0013 0.0014 0.0012 0.9881 0.0020 
       Hon13  5 0.0006 0.0008 0.0015 0.0012 0.0007 0.0015 0.0015 0.0012 0.9890 0.0020 
       Hon14  5 0.0029 0.0008 0.0021 0.0601 0.0038 0.0051 0.0027 0.0013 0.9074 0.0139 
       Hon15  5 0.0009 0.0012 0.0010 0.0012 0.0014 0.0015 0.0014 0.0016 0.9879 0.0019 
       Hon16  5 0.0009 0.0009 0.0030 0.0038 0.0012 0.0023 0.0014 0.0049 0.9796 0.0022 
       Hon17  5 0.0014 0.0021 0.0018 0.1164 0.0025 0.0030 0.0026 0.0124 0.8562 0.0016 
       Hon18  5 0.0048 0.0689 0.0093 0.0024 0.0008 0.0022 0.0012 0.0014 0.9075 0.0015 
       Hon19  5 0.0007 0.0009 0.0016 0.0014 0.0084 0.0023 0.0024 0.0026 0.9773 0.0024 
       Hon20  5 0.0007 0.0007 0.0016 0.0019 0.0010 0.0024 0.0025 0.0064 0.9805 0.0023 
      ERIN01  6 0.0008 0.0006 0.0010 0.0006 0.0008 0.0017 0.9902 0.0014 0.0007 0.0023 
      ERIN02  6 0.0008 0.0005 0.0010 0.0006 0.0008 0.0017 0.9901 0.0014 0.0007 0.0024 
      ERIN03  6 0.0008 0.0005 0.0010 0.0006 0.0007 0.0016 0.9901 0.0014 0.0007 0.0024 
      ERIN04  6 0.0008 0.0006 0.0010 0.0006 0.0008 0.0017 0.9901 0.0014 0.0007 0.0024 
      ERIN05  6 0.0009 0.0006 0.0010 0.0007 0.0008 0.0017 0.9900 0.0014 0.0007 0.0023 
      ERIN06  6 0.0008 0.0006 0.0010 0.0007 0.0008 0.0017 0.9902 0.0014 0.0007 0.0023 
      ERIN07  6 0.0008 0.0006 0.0010 0.0006 0.0008 0.0016 0.9901 0.0014 0.0007 0.0024 
      ERIN08  6 0.0008 0.0006 0.0010 0.0006 0.0008 0.0017 0.9901 0.0014 0.0007 0.0023 
      ERIN09  6 0.0008 0.0006 0.0010 0.0006 0.0008 0.0017 0.9901 0.0014 0.0007 0.0024 
      ERIN10  6 0.0008 0.0006 0.0010 0.0007 0.0008 0.0016 0.9901 0.0014 0.0007 0.0024 
      ERIN11  6 0.0008 0.0006 0.0010 0.0059 0.0030 0.0053 0.9675 0.0099 0.0008 0.0052 
      ERIN12  6 0.0008 0.0006 0.0010 0.0006 0.0008 0.0016 0.9902 0.0014 0.0007 0.0023 
      ERIN13  6 0.0008 0.0006 0.0010 0.0006 0.0008 0.0016 0.9903 0.0013 0.0007 0.0023 
      ERIN14  6 0.0008 0.0006 0.0010 0.0006 0.0008 0.0017 0.9901 0.0014 0.0007 0.0024 
      ERIN15  6 0.0008 0.0006 0.0010 0.0006 0.0008 0.0017 0.9901 0.0014 0.0007 0.0023 
      ERIN16  6 0.0008 0.0005 0.0010 0.0007 0.0008 0.0022 0.9893 0.0014 0.0009 0.0023 
      ERIN17  6 0.0008 0.0006 0.0010 0.0006 0.0008 0.0017 0.9902 0.0014 0.0007 0.0023 
      ERIN18  6 0.0008 0.0006 0.0010 0.0006 0.0008 0.0017 0.9902 0.0014 0.0007 0.0023 
      ERIN19  6 0.0008 0.0006 0.0010 0.0006 0.0008 0.0016 0.9901 0.0014 0.0007 0.0024 
      ERIN20  6 0.0008 0.0006 0.0010 0.0006 0.0008 0.0017 0.9903 0.0013 0.0007 0.0023 
      ERIN21  6 0.0008 0.0006 0.0010 0.0006 0.0008 0.0017 0.9898 0.0014 0.0007 0.0026 
      ERIN22  6 0.0008 0.0006 0.0010 0.0006 0.0008 0.0016 0.9901 0.0014 0.0007 0.0023 
      ERIN23  6 0.0008 0.0006 0.0010 0.0006 0.0008 0.0016 0.9901 0.0014 0.0007 0.0024 
      ERIN24  6 0.0008 0.0006 0.0010 0.0006 0.0008 0.0017 0.9901 0.0014 0.0007 0.0023 
      ERIN25  6 0.0008 0.0006 0.0010 0.0006 0.0008 0.0017 0.9897 0.0014 0.0007 0.0027 
      ERIN26  6 0.0008 0.0006 0.0010 0.0006 0.0008 0.0017 0.9902 0.0014 0.0007 0.0023 
      ERIN27  6 0.0008 0.0006 0.0010 0.0006 0.0008 0.0016 0.9902 0.0014 0.0007 0.0023 
      ERIN28  6 0.0009 0.0006 0.0010 0.0007 0.0008 0.0017 0.9899 0.0014 0.0007 0.0024 
      ERIN29  6 0.0007 0.0006 0.0010 0.0006 0.0008 0.0017 0.9902 0.0014 0.0007 0.0023 
      ERIN30  6 0.0008 0.0006 0.0010 0.0007 0.0008 0.0016 0.9901 0.0014 0.0007 0.0023 
      ERIN31  6 0.0008 0.0006 0.0010 0.0006 0.0008 0.0017 0.9902 0.0013 0.0007 0.0023 
      ERIN32  6 0.0008 0.0006 0.0010 0.0007 0.0008 0.0017 0.9900 0.0014 0.0007 0.0024 
      ERIN33  6 0.0008 0.0006 0.0010 0.0006 0.0008 0.0016 0.9902 0.0014 0.0007 0.0024 
      ERIN34  6 0.0008 0.0006 0.0010 0.0006 0.0008 0.0017 0.9902 0.0014 0.0007 0.0023 
      ERIN35  6 0.0008 0.0006 0.0010 0.0007 0.0008 0.0016 0.9902 0.0014 0.0007 0.0023 
      ERIN38  6 0.0008 0.0006 0.0010 0.0006 0.0008 0.0017 0.9901 0.0014 0.0007 0.0023 
      ERIN39  6 0.0008 0.0006 0.0010 0.0006 0.0008 0.0018 0.9901 0.0014 0.0007 0.0023 
      ERIN40  6 0.0008 0.0006 0.0010 0.0006 0.0008 0.0017 0.9902 0.0014 0.0007 0.0023 
      ERIN41  6 0.0008 0.0006 0.0010 0.0006 0.0008 0.0017 0.9901 0.0014 0.0007 0.0024 
      ERIN42  6 0.0007 0.0006 0.0010 0.0006 0.0008 0.0017 0.9903 0.0014 0.0007 0.0023 
      ERIN43  6 0.0008 0.0006 0.0010 0.0006 0.0008 0.0017 0.9901 0.0014 0.0007 0.0024 
      ERIN44  6 0.0008 0.0006 0.0010 0.0006 0.0008 0.0016 0.9902 0.0014 0.0007 0.0023 
      ERIN45  6 0.0008 0.0006 0.0010 0.0006 0.0008 0.0017 0.9900 0.0014 0.0007 0.0025 
      ERIN46  6 0.0008 0.0006 0.0010 0.0006 0.0008 0.0017 0.9902 0.0014 0.0007 0.0023 
      ERIN47  6 0.0008 0.0006 0.0010 0.0006 0.0008 0.0016 0.9902 0.0014 0.0007 0.0023 
       FDS01  6 0.0008 0.0006 0.0010 0.0006 0.0008 0.0017 0.9901 0.0014 0.0007 0.0024 
       FDS02  6 0.0008 0.0006 0.0010 0.0006 0.0008 0.0017 0.9901 0.0014 0.0007 0.0024 
       FDS03  6 0.0008 0.0006 0.0010 0.0007 0.0008 0.0022 0.9895 0.0014 0.0009 0.0023 
       FDS04  6 0.0008 0.0006 0.0010 0.0006 0.0008 0.0016 0.9902 0.0013 0.0007 0.0024 
       FDS05  6 0.0008 0.0006 0.0010 0.0006 0.0008 0.0017 0.9901 0.0013 0.0007 0.0023 
       FDS06  6 0.0008 0.0006 0.0010 0.0006 0.0008 0.0016 0.9901 0.0014 0.0007 0.0023 
       FDS07  6 0.0008 0.0006 0.0010 0.0006 0.0008 0.0017 0.9900 0.0014 0.0007 0.0024 
       FDS08  6 0.0008 0.0006 0.0010 0.0006 0.0008 0.0017 0.9901 0.0014 0.0007 0.0023 
       FDS09  6 0.0008 0.0006 0.0010 0.0006 0.0008 0.0017 0.9901 0.0014 0.0007 0.0024 
       FDS10  6 0.0008 0.0006 0.0010 0.0006 0.0008 0.0017 0.9902 0.0014 0.0007 0.0024 
       FDS11  6 0.0008 0.0006 0.0010 0.0006 0.0007 0.0017 0.9901 0.0014 0.0007 0.0023 
       FDS12  6 0.0008 0.0005 0.0010 0.0007 0.0008 0.0023 0.9894 0.0014 0.0008 0.0024 
       FDS13  6 0.0008 0.0006 0.0010 0.0006 0.0008 0.0017 0.9902 0.0014 0.0007 0.0023 
       FDS14  6 0.0007 0.0006 0.0010 0.0006 0.0008 0.0017 0.9901 0.0014 0.0007 0.0024 
       FDS15  6 0.0007 0.0006 0.0010 0.0006 0.0008 0.0016 0.9902 0.0014 0.0007 0.0024 
       FDS16  6 0.0008 0.0006 0.0010 0.0007 0.0008 0.0017 0.9901 0.0014 0.0007 0.0023 
       FDS17  6 0.0008 0.0006 0.0010 0.0007 0.0008 0.0017 0.9902 0.0014 0.0007 0.0023 
       FDS18  6 0.0008 0.0006 0.0010 0.0006 0.0008 0.0023 0.9893 0.0015 0.0008 0.0024 
       EPP01  6 0.0012 0.0006 0.0010 0.0006 0.0013 0.0018 0.9882 0.0022 0.0007 0.0024 
       EPP02  6 0.0013 0.0005 0.0010 0.0006 0.0013 0.0019 0.9881 0.0021 0.0007 0.0024 
       EPP03  6 0.0017 0.0005 0.0010 0.0006 0.0030 0.0026 0.9812 0.0033 0.0010 0.0050 
       EPP04  6 0.0012 0.0005 0.0010 0.0006 0.0012 0.0019 0.9883 0.0020 0.0007 0.0024 
       EPP05  6 0.0012 0.0005 0.0010 0.0006 0.0012 0.0023 0.9880 0.0021 0.0007 0.0024 
       EPP06  6 0.0012 0.0005 0.0010 0.0006 0.0013 0.0019 0.9882 0.0021 0.0007 0.0024 
       EPP07  6 0.0012 0.0006 0.0010 0.0006 0.0013 0.0019 0.9884 0.0020 0.0007 0.0024 
       EPP08  6 0.0012 0.0006 0.0010 0.0006 0.0013 0.0019 0.9880 0.0022 0.0007 0.0025 
       EPP09  6 0.0012 0.0005 0.0010 0.0006 0.0013 0.0019 0.9883 0.0021 0.0007 0.0023 
       EPP10  6 0.0012 0.0005 0.0010 0.0006 0.0013 0.0018 0.9882 0.0021 0.0007 0.0024 
       EPP11  6 0.0066 0.0006 0.0010 0.0008 0.0013 0.0089 0.9122 0.0648 0.0015 0.0024 
       EPP12  6 0.0012 0.0005 0.0010 0.0006 0.0013 0.0019 0.9881 0.0022 0.0007 0.0024 
       EPP13  6 0.0012 0.0006 0.0010 0.0006 0.0013 0.0019 0.9883 0.0022 0.0007 0.0024 
       EPP14  6 0.0012 0.0005 0.0010 0.0006 0.0013 0.0019 0.9882 0.0021 0.0007 0.0024 
       EPP15  6 0.0012 0.0083 0.0016 0.0024 0.0014 0.0020 0.9753 0.0024 0.0030 0.0024 
       EPP16  6 0.0012 0.0005 0.0010 0.0006 0.0012 0.0018 0.9882 0.0022 0.0008 0.0024 
       EPP17  6 0.0012 0.0005 0.0010 0.0006 0.0013 0.0019 0.9882 0.0022 0.0007 0.0024 
       EPP18  6 0.0012 0.0005 0.0010 0.0006 0.0013 0.0018 0.9882 0.0022 0.0007 0.0024 
       EPP19  6 0.0012 0.0006 0.0010 0.0006 0.0013 0.0023 0.9878 0.0021 0.0007 0.0025 
       EPP20  6 0.0019 0.0006 0.0010 0.0006 0.0029 0.0027 0.9811 0.0036 0.0010 0.0047 
       EPP21  6 0.0013 0.0005 0.0010 0.0006 0.0013 0.0019 0.9884 0.0019 0.0007 0.0024 
       EPP22  6 0.0011 0.0005 0.0010 0.0006 0.0013 0.0019 0.9883 0.0021 0.0007 0.0024 
       EPP23  6 0.0996 0.0006 0.0010 0.0010 0.0012 0.0185 0.8703 0.0047 0.0007 0.0024 
       EPP24  6 0.0012 0.0006 0.0010 0.0006 0.0013 0.0019 0.9881 0.0021 0.0007 0.0024 
       EPP25  6 0.0012 0.0005 0.0010 0.0007 0.0012 0.0024 0.9878 0.0020 0.0007 0.0024 
       EPP26  6 0.0012 0.0006 0.0010 0.0006 0.0013 0.0022 0.9879 0.0021 0.0007 0.0024 
       EPP27  6 0.0017 0.0005 0.0010 0.0006 0.0029 0.0027 0.9810 0.0034 0.0011 0.0050 
       EPP28  6 0.0012 0.0005 0.0010 0.0006 0.0013 0.0019 0.9881 0.0022 0.0007 0.0024 
       EPP29  6 0.0012 0.0005 0.0010 0.0006 0.0013 0.0019 0.9882 0.0022 0.0007 0.0024 
       EPP30  6 0.0012 0.0006 0.0010 0.0006 0.0013 0.0019 0.9883 0.0020 0.0007 0.0024 
       EPP31  6 0.0017 0.0005 0.0010 0.0006 0.0030 0.0027 0.9810 0.0034 0.0010 0.0050 
       EPP32  6 0.0012 0.0005 0.0010 0.0006 0.0013 0.0019 0.9883 0.0020 0.0007 0.0024 
       EPP33  6 0.0012 0.0006 0.0010 0.0006 0.0013 0.0021 0.9880 0.0022 0.0007 0.0024 
       EPP34  6 0.0012 0.0005 0.0010 0.0006 0.0013 0.0024 0.9878 0.0020 0.0007 0.0024 
       EPP35  6 0.0015 0.0015 0.0012 0.0020 0.0054 0.0032 0.8968 0.0032 0.0811 0.0042 
       EPP36  6 0.0012 0.0005 0.0010 0.0006 0.0013 0.0019 0.9882 0.0021 0.0007 0.0024 
       EPP37  6 0.0015 0.0005 0.0038 0.0007 0.0410 0.0075 0.9262 0.0135 0.0010 0.0043 
       EPP38  6 0.0018 0.0005 0.0010 0.0006 0.0030 0.0027 0.9811 0.0034 0.0010 0.0049 
       EPP39  6 0.0012 0.0005 0.0010 0.0006 0.0013 0.0019 0.9882 0.0021 0.0007 0.0024 
       EPP40  6 0.0012 0.0006 0.0010 0.0006 0.0013 0.0019 0.9882 0.0022 0.0007 0.0024 
       EPP41  6 0.0013 0.0005 0.0010 0.0006 0.0013 0.0019 0.9882 0.0022 0.0007 0.0023 
       EPP42  6 0.0012 0.0006 0.0010 0.0006 0.0013 0.0019 0.9882 0.0021 0.0007 0.0023 
       EPP43  6 0.0013 0.0005 0.0010 0.0006 0.0013 0.0019 0.9882 0.0021 0.0007 0.0023 
        ES68  6 0.0010 0.0006 0.0050 0.0082 0.0009 0.1001 0.8627 0.0035 0.0012 0.0170 
       ENW44  6 0.0012 0.0006 0.0010 0.0006 0.0013 0.0019 0.9884 0.0020 0.0007 0.0024 
       ENW45  6 0.0012 0.0005 0.0010 0.0006 0.0013 0.0019 0.9883 0.0021 0.0007 0.0024 
       ENW46  6 0.0012 0.0006 0.0010 0.0006 0.0013 0.0018 0.9884 0.0020 0.0007 0.0024 
       ENW48  6 0.0012 0.0006 0.0010 0.0006 0.0013 0.0019 0.9881 0.0022 0.0007 0.0024 
       ENW49  6 0.0012 0.0005 0.0010 0.0006 0.0013 0.0019 0.9883 0.0020 0.0007 0.0024 
       ENW50  6 0.0012 0.0006 0.0010 0.0006 0.0012 0.0019 0.9883 0.0021 0.0007 0.0025 
       ENW51  6 0.0009 0.0007 0.0013 0.0007 0.0014 0.0025 0.9872 0.0017 0.0008 0.0026 
       ENW52  6 0.0012 0.0006 0.0010 0.0006 0.0013 0.0019 0.9884 0.0020 0.0007 0.0024 
       ENW53  6 0.0009 0.0007 0.0013 0.0007 0.0015 0.0025 0.9872 0.0017 0.0008 0.0027 
       ENW54  6 0.0009 0.0007 0.0012 0.0008 0.0015 0.0025 0.9873 0.0017 0.0008 0.0026 
       ENW55  6 0.0008 0.0007 0.0013 0.0008 0.0015 0.0025 0.9872 0.0016 0.0008 0.0027 
       ENW56  6 0.0009 0.0007 0.0013 0.0007 0.0015 0.0026 0.9873 0.0017 0.0008 0.0026 
       ENW57  6 0.0009 0.0007 0.0013 0.0008 0.0015 0.0025 0.9871 0.0017 0.0008 0.0027 
       ENE58  6 0.0036 0.0019 0.0027 0.0009 0.0016 0.0040 0.9762 0.0022 0.0008 0.0061 
       ENE59  6 0.0009 0.0007 0.0014 0.0008 0.0015 0.0027 0.9868 0.0017 0.0008 0.0027 
       ENE60  6 0.0009 0.0007 0.0013 0.0007 0.0015 0.0025 0.9872 0.0018 0.0008 0.0027 
       ENE61  6 0.0036 0.0021 0.0026 0.0009 0.0016 0.0041 0.9761 0.0023 0.0008 0.0060 
       ENE62  6 0.0008 0.0007 0.0013 0.0007 0.0015 0.0025 0.9871 0.0017 0.0008 0.0027 
       ENE63  6 0.0009 0.0007 0.0013 0.0007 0.0014 0.0027 0.9871 0.0017 0.0008 0.0026 
       ENE64  6 0.0037 0.0018 0.0026 0.0009 0.0015 0.0042 0.9762 0.0021 0.0009 0.0061 
       ENE65  6 0.0009 0.0007 0.0013 0.0007 0.0015 0.0026 0.9872 0.0017 0.0008 0.0026 
       ENE66  6 0.0009 0.0007 0.0013 0.0007 0.0016 0.0025 0.9871 0.0017 0.0008 0.0027 
       ENE67  6 0.0009 0.0007 0.0014 0.0008 0.0016 0.0027 0.9867 0.0017 0.0008 0.0027 
         CC1  7 0.0024 0.0011 0.0019 0.0010 0.6340 0.0037 0.3439 0.0030 0.0012 0.0076 
        CC10  7 0.0024 0.0011 0.0019 0.0010 0.5649 0.0038 0.4171 0.0032 0.0011 0.0035 
        CC11  7 0.0010 0.0006 0.0010 0.0007 0.4750 0.0021 0.5133 0.0017 0.0007 0.0038 
        CC12  7 0.0011 0.0006 0.0012 0.0008 0.5479 0.0066 0.4342 0.0027 0.0012 0.0036 
        CC13  7 0.0023 0.0011 0.0019 0.0010 0.6346 0.0036 0.3433 0.0032 0.0012 0.0077 
        CC14  7 0.0024 0.0011 0.0020 0.0010 0.6339 0.0036 0.3441 0.0031 0.0013 0.0076 
        CC15  7 0.0022 0.0012 0.0040 0.0021 0.6343 0.0080 0.3364 0.0031 0.0014 0.0074 
        CC16  7 0.0010 0.0005 0.0010 0.0007 0.6138 0.0024 0.3635 0.0022 0.0008 0.0141 
        CC17  7 0.0026 0.0011 0.0020 0.0010 0.5876 0.0039 0.3936 0.0032 0.0012 0.0038 
         CC2  7 0.0024 0.0011 0.0019 0.0010 0.6338 0.0035 0.3440 0.0032 0.0013 0.0080 
         CC3  7 0.0015 0.0011 0.0018 0.0009 0.6354 0.0039 0.3452 0.0030 0.0012 0.0060 
         CC4  7 0.0038 0.0011 0.0049 0.0025 0.2095 0.0866 0.1916 0.2871 0.2037 0.0093 
         CC5  7 0.0009 0.0005 0.0010 0.0007 0.4861 0.0021 0.5015 0.0020 0.0007 0.0045 
         CC6  7 0.0009 0.0005 0.0010 0.0007 0.5056 0.0022 0.4813 0.0022 0.0007 0.0049 
         CC7  7 0.0009 0.0005 0.0010 0.0007 0.4862 0.0021 0.5014 0.0021 0.0007 0.0045 
         CC8  7 0.0009 0.0005 0.0010 0.0007 0.4866 0.0021 0.5013 0.0020 0.0007 0.0043 
         CC9  7 0.0010 0.0005 0.0010 0.0007 0.5057 0.0021 0.4814 0.0021 0.0007 0.0049 
       BUN01  8 0.0085 0.0006 0.0022 0.0010 0.0158 0.8468 0.0034 0.0140 0.0752 0.0324 
       BUN02  8 0.0049 0.0010 0.0025 0.0021 0.0048 0.7462 0.0215 0.0318 0.0021 0.1832 
       BUN03  8 0.0767 0.0009 0.0018 0.0020 0.0109 0.8753 0.0052 0.0233 0.0014 0.0024 
       BUN04  8 0.0025 0.0010 0.0017 0.0009 0.0083 0.9693 0.0042 0.0080 0.0009 0.0031 
       BUN05  8 0.4033 0.0009 0.0433 0.0009 0.0026 0.5252 0.0067 0.0023 0.0011 0.0137 
       BUN06  8 0.0050 0.0007 0.0012 0.0026 0.0038 0.8884 0.0121 0.0749 0.0009 0.0105 
       BUN07  8 0.0199 0.0006 0.0012 0.0019 0.0016 0.8805 0.0019 0.0640 0.0246 0.0037 
       SOB01  8 0.0012 0.0006 0.0018 0.0008 0.0019 0.9813 0.0026 0.0051 0.0009 0.0038 
       SOB02  8 0.0223 0.0008 0.0053 0.0335 0.0013 0.8797 0.0068 0.0036 0.0406 0.0061 
       SOB03  8 0.0039 0.0011 0.0018 0.0007 0.0013 0.9730 0.0100 0.0031 0.0009 0.0043 
       SOB04  8 0.0012 0.0014 0.0056 0.0253 0.0017 0.9487 0.0019 0.0029 0.0027 0.0086 
       SOB05  8 0.0009 0.0007 0.0016 0.0010 0.0078 0.7206 0.0111 0.2472 0.0011 0.0080 
       SOB06  8 0.0068 0.0006 0.0041 0.0035 0.0020 0.8153 0.0038 0.0220 0.0010 0.1409 
       SOB07  8 0.0111 0.0008 0.0013 0.0033 0.0081 0.7216 0.0131 0.0073 0.0024 0.2309 
       SOB08  8 0.0013 0.0008 0.0021 0.0008 0.0018 0.9700 0.0039 0.0039 0.0010 0.0145 
       SOB09  8 0.0021 0.0086 0.0465 0.0309 0.0064 0.5478 0.0512 0.2944 0.0040 0.0080 
       SOB10  8 0.0023 0.0007 0.0017 0.0010 0.0089 0.8354 0.0092 0.1264 0.0010 0.0137 
       SOB11  8 0.0688 0.0008 0.0031 0.0492 0.0013 0.8320 0.0046 0.0033 0.0301 0.0067 
       OSR01  8 0.0011 0.0033 0.0029 0.0068 0.1799 0.7496 0.0199 0.0027 0.0316 0.0023 
       OSR02  8 0.0041 0.0006 0.0017 0.0011 0.0142 0.6226 0.0027 0.0070 0.0025 0.3436 
       OSR03  8 0.0037 0.0006 0.0016 0.0012 0.0154 0.6227 0.0026 0.0073 0.0025 0.3425 
       OSR04  8 0.0511 0.0010 0.0012 0.0014 0.0492 0.6631 0.0073 0.0267 0.0030 0.1960 
       OSR05  8 0.0041 0.0006 0.0015 0.0012 0.0149 0.6228 0.0026 0.0073 0.0024 0.3425 
       OSR06  8 0.0019 0.0008 0.0013 0.0021 0.0011 0.9832 0.0022 0.0038 0.0013 0.0023 
       OSR07  8 0.2160 0.0013 0.0015 0.0017 0.0253 0.0214 0.0206 0.6948 0.0015 0.0160 
       OSR08  8 0.2162 0.0013 0.0015 0.0016 0.0273 0.0205 0.0206 0.6934 0.0015 0.0161 
       OSR09  8 0.0033 0.0009 0.0016 0.0020 0.0011 0.8599 0.1164 0.0027 0.0089 0.0032 
      Lion01  8 0.0032 0.0046 0.0012 0.0018 0.0030 0.5627 0.0898 0.3221 0.0055 0.0061 
      Lion02  8 0.0085 0.0011 0.0015 0.0015 0.0530 0.9176 0.0042 0.0046 0.0032 0.0048 
      Lion03  8 0.0526 0.0007 0.0012 0.0010 0.0933 0.8372 0.0019 0.0050 0.0008 0.0061 
      Lion04  8 0.0098 0.0010 0.0023 0.0017 0.0034 0.9604 0.0090 0.0065 0.0017 0.0042 
      Lion05  8 0.0014 0.0025 0.0052 0.0042 0.0016 0.8952 0.0090 0.0667 0.0034 0.0108 
      Lion06  8 0.0014 0.0032 0.0073 0.0046 0.0015 0.7507 0.0076 0.2095 0.0031 0.0110 
        TW01  8 0.0146 0.0007 0.0014 0.0010 0.0018 0.8864 0.0039 0.0832 0.0029 0.0042 
        TW02  8 0.0176 0.0007 0.0247 0.0011 0.0118 0.8510 0.0092 0.0083 0.0167 0.0590 
        TW03  8 0.0139 0.0007 0.0014 0.0010 0.0018 0.8868 0.0037 0.0846 0.0019 0.0043 
        TW04  8 0.0142 0.0007 0.0013 0.0010 0.0018 0.8863 0.0038 0.0838 0.0029 0.0043 
        CF01  8 0.0017 0.0007 0.0012 0.0009 0.9768 0.0034 0.0043 0.0054 0.0011 0.0045 
        CF02  8 0.0078 0.0015 0.0054 0.0015 0.4732 0.2132 0.0026 0.0237 0.0018 0.2693 
        CF03  8 0.0018 0.0007 0.0012 0.0009 0.9768 0.0035 0.0042 0.0054 0.0010 0.0044 
        CF04  8 0.0026 0.0009 0.0023 0.0012 0.0020 0.0031 0.0029 0.9815 0.0009 0.0025 
        CF05  8 0.0012 0.0007 0.0015 0.0010 0.0028 0.0035 0.0026 0.9812 0.0013 0.0043 
        CF06  8 0.0012 0.0008 0.0015 0.0011 0.0027 0.0034 0.0025 0.9814 0.0013 0.0043 
        CF07  8 0.0021 0.0162 0.0297 0.0060 0.0030 0.7885 0.0020 0.0074 0.1429 0.0022 
        CF08  8 0.0011 0.0007 0.0015 0.0011 0.0027 0.0036 0.0027 0.9812 0.0012 0.0042 
        CF09  8 0.0017 0.0007 0.0012 0.0009 0.9769 0.0035 0.0043 0.0054 0.0010 0.0043 
        CF10  8 0.0010 0.0007 0.0014 0.0009 0.0025 0.0034 0.0021 0.9826 0.0010 0.0044 
        CF11  8 0.0017 0.0208 0.0026 0.0060 0.0267 0.3225 0.1522 0.4409 0.0020 0.0246 
        CF12  8 0.0017 0.0008 0.0012 0.0009 0.9764 0.0036 0.0045 0.0053 0.0011 0.0045 
        CF13  8 0.0012 0.0008 0.0015 0.0010 0.0028 0.0036 0.0026 0.9811 0.0012 0.0043 
        CF14  8 0.0027 0.0009 0.0023 0.0012 0.0019 0.0031 0.0029 0.9814 0.0009 0.0026 
        CF15  8 0.0012 0.0010 0.0021 0.0011 0.0015 0.0032 0.0029 0.9840 0.0008 0.0022 
        CF16  8 0.0017 0.0008 0.0012 0.0009 0.9769 0.0036 0.0044 0.0051 0.0010 0.0045 
        CF17  8 0.0020 0.0007 0.0013 0.0009 0.9774 0.0034 0.0030 0.0051 0.0011 0.0051 
        CF18  8 0.0028 0.0009 0.0023 0.0012 0.0020 0.0030 0.0028 0.9815 0.0010 0.0026 
        CF19  8 0.0018 0.0116 0.0261 0.0463 0.0949 0.6404 0.0051 0.1545 0.0014 0.0178 
        CF20  8 0.0011 0.0008 0.0016 0.0011 0.0028 0.0037 0.0025 0.9806 0.0013 0.0045 
        CF21  8 0.0012 0.0008 0.0016 0.0010 0.0028 0.0036 0.0025 0.9807 0.0013 0.0046 
        CF22  8 0.0011 0.0008 0.0015 0.0010 0.0028 0.0034 0.0026 0.9813 0.0013 0.0043 
        CF23  8 0.0012 0.0007 0.0015 0.0010 0.0027 0.0035 0.0025 0.9813 0.0012 0.0043 
        CF24  8 0.0017 0.0008 0.0012 0.0009 0.9766 0.0035 0.0045 0.0053 0.0010 0.0044 
        CF25  8 0.0017 0.0007 0.0012 0.0009 0.9765 0.0035 0.0043 0.0055 0.0010 0.0045 
        CF26  8 0.0078 0.0015 0.0053 0.0015 0.4730 0.2144 0.0025 0.0234 0.0019 0.2688 
        CF27  8 0.0012 0.0007 0.0015 0.0010 0.0028 0.0036 0.0025 0.9813 0.0012 0.0042 
        CF28  8 0.0057 0.0111 0.0023 0.0025 0.0368 0.0110 0.0029 0.9244 0.0009 0.0024 
        CF29  8 0.0016 0.0007 0.0012 0.0009 0.9771 0.0036 0.0043 0.0051 0.0010 0.0045 
        CF30  8 0.0097 0.0009 0.0022 0.0018 0.0034 0.9600 0.0092 0.0068 0.0019 0.0041 
        CF31  8 0.0017 0.0008 0.0013 0.0009 0.9771 0.0035 0.0044 0.0051 0.0010 0.0043 
        CF32  8 0.0026 0.0007 0.0013 0.0011 0.4999 0.4704 0.0026 0.0059 0.0011 0.0144 
        CF33  8 0.0012 0.0007 0.0015 0.0297 0.0022 0.0036 0.0025 0.9530 0.0013 0.0043 
        CF34  8 0.0012 0.0008 0.0015 0.0010 0.0029 0.0034 0.0025 0.9813 0.0013 0.0042 
        CF35  8 0.0013 0.0010 0.0021 0.0011 0.0016 0.0031 0.0028 0.9840 0.0008 0.0022 
        CF36  8 0.0012 0.0006 0.0013 0.0008 0.0012 0.9849 0.0024 0.0034 0.0009 0.0034 
        BP01  8 0.0017 0.0009 0.0019 0.0011 0.0014 0.9412 0.0183 0.0130 0.0013 0.0191 
        BP02  8 0.0094 0.0009 0.0018 0.0012 0.0036 0.7343 0.0024 0.2424 0.0015 0.0025 
        BP03  8 0.0011 0.0006 0.0016 0.0008 0.0016 0.0036 0.0022 0.9843 0.0007 0.0036 
        BP04  8 0.0186 0.0007 0.0018 0.0009 0.0107 0.9201 0.0157 0.0120 0.0014 0.0181 
        BP06  8 0.0015 0.0008 0.0017 0.0010 0.0030 0.9588 0.0061 0.0171 0.0010 0.0091 
        BP07  8 0.0012 0.0165 0.0180 0.0010 0.0185 0.9203 0.0042 0.0049 0.0113 0.0040 
        BP08  8 0.0015 0.0009 0.0016 0.0010 0.0041 0.9559 0.0134 0.0123 0.0010 0.0084 
        BP09  8 0.0022 0.0012 0.0033 0.0019 0.0022 0.9594 0.0028 0.0093 0.0011 0.0167 
        BP10  8 0.0012 0.0007 0.0016 0.0009 0.0014 0.9832 0.0032 0.0049 0.0010 0.0019 
        BP11  8 0.0009 0.0006 0.0013 0.0006 0.0010 0.0028 0.0018 0.9873 0.0007 0.0030 
        BP12  8 0.0011 0.0006 0.0014 0.0010 0.0018 0.8615 0.0026 0.0100 0.0010 0.1191 
        BP14  8 0.0023 0.0018 0.0054 0.0028 0.0026 0.4338 0.0093 0.5343 0.0011 0.0065 
        BP16  8 0.0014 0.0007 0.0012 0.0008 0.0013 0.9858 0.0026 0.0028 0.0008 0.0025 
        BP17  8 0.0008 0.0011 0.0063 0.0009 0.0015 0.0209 0.0551 0.9083 0.0018 0.0033 
        BP18  8 0.0011 0.0007 0.0016 0.0009 0.0015 0.9833 0.0032 0.0047 0.0010 0.0020 
        BP19  8 0.0012 0.0021 0.0022 0.0012 0.0012 0.0147 0.0025 0.9668 0.0050 0.0029 
        BP20  8 0.0011 0.0007 0.0017 0.0010 0.0015 0.9831 0.0033 0.0046 0.0010 0.0019 
   BP2007-01  8 0.0009 0.0006 0.0013 0.0006 0.0010 0.0028 0.0018 0.9875 0.0007 0.0029 
   BP2007-02  8 0.0010 0.0009 0.0013 0.0007 0.0020 0.9833 0.0020 0.0043 0.0012 0.0033 
   BP2007-03  8 0.3078 0.0036 0.0013 0.0011 0.0157 0.4967 0.0025 0.1557 0.0011 0.0145 
   BP2007-04  8 0.0014 0.0018 0.0019 0.0012 0.0010 0.0115 0.0023 0.9707 0.0059 0.0024 
   BP2007-05  8 0.0015 0.0007 0.0012 0.2422 0.0048 0.3275 0.0041 0.2938 0.0013 0.1230 
   BP2007-06  8 0.0120 0.0008 0.0017 0.0018 0.0017 0.7825 0.0402 0.0572 0.0008 0.1012 
   BP2007-07  8 0.0011 0.0005 0.0016 0.0008 0.0016 0.0034 0.0021 0.9845 0.0007 0.0036 
   BP2007-08  8 0.0031 0.0046 0.0021 0.0010 0.0017 0.9669 0.0038 0.0036 0.0014 0.0118 
   BP2007-09  8 0.0032 0.0047 0.0021 0.0011 0.0018 0.9673 0.0037 0.0036 0.0013 0.0114 
   BP2007-10  8 0.0011 0.0005 0.0015 0.0008 0.0016 0.0037 0.0022 0.9843 0.0007 0.0036 
   BP2007-11  8 0.0012 0.0007 0.0015 0.0006 0.0010 0.0029 0.0017 0.9860 0.0008 0.0037 
   BP2007-12  8 0.0037 0.0008 0.0015 0.0007 0.0535 0.8565 0.0034 0.0592 0.0028 0.0179 
   BP2007-13  8 0.0031 0.0047 0.0021 0.0011 0.0018 0.9666 0.0039 0.0037 0.0013 0.0117 
   BP2007-14  8 0.0119 0.0113 0.0421 0.0366 0.0053 0.8038 0.0068 0.0762 0.0011 0.0049 
   BP2007-15  8 0.0009 0.0013 0.0019 0.0008 0.0070 0.0677 0.0045 0.9117 0.0010 0.0032 
   BP2007-16  8 0.0104 0.0019 0.0022 0.0014 0.0053 0.8123 0.0027 0.1567 0.0024 0.0047 
   BP2007-17  8 0.0016 0.0009 0.0016 0.0010 0.0041 0.9548 0.0141 0.0123 0.0010 0.0086 
   BP2007-18  8 0.0056 0.0242 0.0298 0.0188 0.0047 0.5628 0.0018 0.3464 0.0013 0.0044 
   BP2007-19  8 0.0196 0.0007 0.0018 0.0008 0.0104 0.9184 0.0155 0.0136 0.0013 0.0179 
   BP2007-20  8 0.0189 0.0007 0.0017 0.0008 0.0113 0.9192 0.0161 0.0120 0.0014 0.0178 
   BP2007-21  8 0.0009 0.0008 0.0014 0.0010 0.0019 0.0192 0.0021 0.9661 0.0011 0.0055 
   BP2007-22  8 0.0013 0.0007 0.0015 0.0006 0.0009 0.0030 0.0017 0.9859 0.0007 0.0037 
   BP2007-23  8 0.0009 0.0006 0.0013 0.0006 0.0010 0.0030 0.0018 0.9873 0.0007 0.0029 
   BP2007-24  8 0.0023 0.0016 0.0028 0.0025 0.0128 0.9223 0.0121 0.0297 0.0028 0.0111 
   BP2007-25  8 0.0008 0.0009 0.0014 0.0007 0.0016 0.9825 0.0021 0.0054 0.0012 0.0035 
   BP2007-26  8 0.0011 0.0006 0.0014 0.0010 0.0017 0.8615 0.0026 0.0091 0.0010 0.1201 
   BP2007-27  8 0.0011 0.0007 0.0016 0.0009 0.0015 0.9835 0.0032 0.0044 0.0010 0.0020 
   BP2007-28  8 0.0012 0.0007 0.0015 0.0006 0.0010 0.0030 0.0017 0.9860 0.0007 0.0037 
   BP2007-29  8 0.0010 0.0007 0.0014 0.0007 0.0008 0.0105 0.0021 0.9788 0.0012 0.0025 
   BP2007-30  8 0.0042 0.0010 0.0016 0.0008 0.0020 0.5070 0.0339 0.4381 0.0011 0.0102 
   BP2007-31  8 0.0017 0.0010 0.0013 0.0017 0.0029 0.1707 0.0067 0.7890 0.0015 0.0236 
   BP2007-32  8 0.0433 0.0029 0.0033 0.0482 0.0056 0.5076 0.0471 0.3380 0.0013 0.0028 
   BP2007-33  8 0.0012 0.0007 0.0014 0.0006 0.0010 0.0030 0.0017 0.9858 0.0007 0.0038 
   BP2007-34  8 0.0071 0.0008 0.0017 0.0008 0.0039 0.7724 0.0967 0.0241 0.0016 0.0909 
   BP2007-35  8 0.0201 0.0007 0.0018 0.0008 0.0102 0.9185 0.0166 0.0120 0.0014 0.0179 
   BP2007-36  8 0.0009 0.0009 0.0014 0.0007 0.0016 0.9822 0.0021 0.0057 0.0013 0.0033 
   BP2007-37  8 0.0009 0.0199 0.0084 0.2088 0.0088 0.2180 0.0020 0.5270 0.0015 0.0046 
   BP2007-38  8 0.0011 0.0006 0.0015 0.0008 0.0016 0.0037 0.0022 0.9842 0.0007 0.0037 
   BP2007-39  8 0.0009 0.0013 0.0018 0.0008 0.0073 0.0675 0.0043 0.9120 0.0009 0.0031 
   BP2007-40  8 0.0021 0.0011 0.0018 0.0010 0.0041 0.9562 0.0111 0.0104 0.0010 0.0112 
        BP21  8 0.0009 0.0009 0.0014 0.0007 0.0017 0.9820 0.0022 0.0056 0.0012 0.0034 
        BP22  8 0.0028 0.0007 0.0013 0.0010 0.0045 0.9645 0.0041 0.0036 0.0008 0.0167 
        BP23  8 0.0016 0.0005 0.0013 0.0009 0.0025 0.9363 0.0055 0.0129 0.0008 0.0376 
        BP24  8 0.0038 0.0007 0.0013 0.0009 0.0105 0.9519 0.0050 0.0091 0.0009 0.0160 
        BP25  8 0.0009 0.0009 0.0013 0.0007 0.0017 0.9825 0.0021 0.0053 0.0013 0.0033 
        BP26  8 0.0009 0.0009 0.0014 0.0007 0.0016 0.9822 0.0021 0.0056 0.0012 0.0033 
        BP27  8 0.0031 0.0051 0.0021 0.0011 0.0017 0.9446 0.0039 0.0035 0.0011 0.0337 
        BP28  8 0.0026 0.0007 0.0013 0.0010 0.0046 0.9652 0.0040 0.0037 0.0008 0.0161 
        BP29  8 0.0016 0.0006 0.0016 0.0007 0.0014 0.9848 0.0026 0.0032 0.0009 0.0025 
        BP30  8 0.0008 0.0008 0.0014 0.0007 0.0016 0.9809 0.0019 0.0073 0.0012 0.0034 
      NNKB01  8 0.0016 0.0009 0.0034 0.0026 0.0011 0.9645 0.0075 0.0141 0.0011 0.0032 
      NNKB02  8 0.0018 0.0019 0.0024 0.0010 0.0069 0.9694 0.0035 0.0067 0.0018 0.0047 
      NNKN01  8 0.0016 0.0016 0.0019 0.0102 0.2847 0.6217 0.0018 0.0052 0.0653 0.0061 
         SR1  9 0.0015 0.0007 0.0014 0.0009 0.0031 0.7031 0.0027 0.0032 0.0011 0.2824 
        SR10  9 0.0014 0.0008 0.0024 0.0011 0.0015 0.7275 0.1203 0.0079 0.1325 0.0046 
        SR11  9 0.2039 0.0005 0.0020 0.0011 0.0033 0.0184 0.0044 0.6866 0.0025 0.0774 
        SR12  9 0.0014 0.0007 0.0014 0.0009 0.0032 0.7025 0.0028 0.0032 0.0011 0.2828 
        SR13  9 0.0999 0.0022 0.0090 0.0135 0.0281 0.1035 0.1663 0.4606 0.0018 0.1150 
        SR15  9 0.0125 0.0122 0.0069 0.0132 0.0783 0.8123 0.0387 0.0137 0.0079 0.0043 
        SR16  9 0.0229 0.0006 0.0021 0.0023 0.0718 0.6794 0.0038 0.2034 0.0026 0.0112 
        SR17  9 0.0070 0.0008 0.0034 0.0019 0.2766 0.0165 0.2600 0.4263 0.0013 0.0063 
        SR18  9 0.0018 0.0008 0.0019 0.0013 0.0031 0.0278 0.1254 0.8258 0.0013 0.0108 
        SR19  9 0.0014 0.0006 0.0015 0.0326 0.1912 0.4971 0.0024 0.2083 0.0015 0.0634 
         SR2  9 0.2020 0.0006 0.0019 0.0010 0.0035 0.0213 0.0045 0.6847 0.0023 0.0781 
        SR20  9 0.0053 0.0007 0.0015 0.0010 0.0061 0.0108 0.3612 0.6080 0.0017 0.0038 
        SR21  9 0.0021 0.0009 0.0018 0.0011 0.2363 0.4583 0.0062 0.0253 0.0016 0.2665 
        SR22  9 0.0023 0.0006 0.0011 0.0010 0.2216 0.3709 0.0026 0.0122 0.0035 0.3843 
        SR23  9 0.0019 0.0017 0.0033 0.0013 0.4251 0.2137 0.0068 0.0470 0.0014 0.2977 
        SR24  9 0.0374 0.0024 0.0023 0.0046 0.2110 0.6705 0.0321 0.0094 0.0117 0.0185 
        SR25  9 0.0174 0.0008 0.0016 0.0019 0.0046 0.8794 0.0079 0.0045 0.0068 0.0750 
        SR26  9 0.0035 0.0007 0.0018 0.0131 0.1661 0.5558 0.2183 0.0228 0.0058 0.0120 
        SR27  9 0.0016 0.0007 0.0018 0.0062 0.0324 0.7067 0.0028 0.0387 0.0011 0.2079 
        SR28  9 0.0049 0.0007 0.0015 0.0013 0.0023 0.6596 0.0024 0.1316 0.1896 0.0062 
        SR29  9 0.0325 0.0010 0.0020 0.0020 0.0025 0.7453 0.1573 0.0045 0.0096 0.0433 
         SR3  9 0.3091 0.0005 0.0023 0.0012 0.0037 0.0165 0.0029 0.6004 0.0029 0.0605 
        SR30  9 0.0037 0.0006 0.0011 0.0012 0.0033 0.9587 0.0176 0.0050 0.0011 0.0077 
         SR5  9 0.0444 0.0008 0.0016 0.0013 0.0198 0.7245 0.0689 0.0089 0.0019 0.1278 
         SR6  9 0.0511 0.0010 0.0018 0.0015 0.0062 0.8192 0.0221 0.0090 0.0028 0.0853 
         SR7  9 0.0013 0.0006 0.0016 0.0015 0.0023 0.5494 0.4334 0.0043 0.0012 0.0045 
         SR8  9 0.2214 0.0005 0.0020 0.0011 0.0037 0.0176 0.0031 0.6576 0.0025 0.0905 
         SR9  9 0.0016 0.0006 0.0017 0.0016 0.0027 0.5656 0.4133 0.0060 0.0012 0.0057 
       HAM01 10 0.0660 0.0006 0.0013 0.0010 0.0024 0.8226 0.0036 0.0513 0.0007 0.0507 
       HAM02 10 0.3307 0.0008 0.0200 0.0049 0.0651 0.4938 0.0034 0.0675 0.0014 0.0124 
       HAM03 10 0.0709 0.0006 0.0013 0.0010 0.0021 0.8240 0.0034 0.0489 0.0007 0.0471 
       HAM07 10 0.0044 0.0023 0.0024 0.0016 0.0460 0.8479 0.0046 0.0044 0.0020 0.0844 
       HAM08 10 0.2345 0.0006 0.0014 0.0018 0.0039 0.5615 0.0059 0.1801 0.0019 0.0085 
       HAM09 10 0.0011 0.0009 0.0128 0.0196 0.0025 0.4521 0.0062 0.4993 0.0014 0.0041 
       HAM10 10 0.0034 0.0037 0.0020 0.0020 0.0242 0.6035 0.0162 0.3190 0.0082 0.0177 
      CRWL01 10 0.0019 0.0009 0.0015 0.0010 0.0022 0.9697 0.0064 0.0068 0.0011 0.0087 
      CRWL02 10 0.0016 0.0008 0.0014 0.0010 0.0019 0.9526 0.0085 0.0205 0.0011 0.0105 
      CRWL03 10 0.0012 0.0007 0.0016 0.0023 0.0023 0.7758 0.0411 0.1590 0.0023 0.0137 
      CRWL04 10 0.0011 0.0008 0.0016 0.0009 0.0022 0.9635 0.0108 0.0145 0.0009 0.0037 
      CRWL05 10 0.0012 0.0010 0.0015 0.0010 0.0011 0.9805 0.0026 0.0064 0.0009 0.0037 
      CRWL06 10 0.0040 0.0007 0.0014 0.0008 0.0018 0.9667 0.0048 0.0111 0.0010 0.0077 
      CRWL07 10 0.0040 0.0009 0.0018 0.0012 0.0011 0.8369 0.0016 0.1423 0.0012 0.0090 
      CRWL08 10 0.0032 0.0008 0.0015 0.0010 0.0047 0.9662 0.0045 0.0140 0.0009 0.0031 
      CRWL09 10 0.0032 0.0006 0.0013 0.0058 0.0018 0.9720 0.0022 0.0036 0.0014 0.0081 
      CRWL10 10 0.0324 0.0007 0.0017 0.0012 0.0031 0.9255 0.0021 0.0080 0.0012 0.0241 
      CRWL11 10 0.0496 0.0017 0.0025 0.0024 0.0078 0.7525 0.0066 0.0655 0.0011 0.1103 
      CRWL12 10 0.0025 0.0010 0.0052 0.0010 0.0089 0.8098 0.1600 0.0064 0.0016 0.0037 
      CRWL13 10 0.0024 0.0006 0.0014 0.0008 0.0022 0.9388 0.0053 0.0432 0.0010 0.0043 
      CRWL14 10 0.0028 0.0009 0.0023 0.0012 0.0029 0.9732 0.0035 0.0081 0.0019 0.0031 
      CRWL15 10 0.0179 0.0007 0.0010 0.0009 0.0023 0.5121 0.0118 0.4487 0.0010 0.0036 
      CRWL16 10 0.0032 0.0009 0.0022 0.0012 0.0035 0.8118 0.0042 0.1664 0.0017 0.0048 
      CRWL17 10 0.0380 0.0014 0.0023 0.0021 0.0035 0.9122 0.0066 0.0125 0.0010 0.0203 
      CRWL18 10 0.0030 0.0006 0.0013 0.0010 0.0018 0.9771 0.0024 0.0035 0.0012 0.0082 
      CRWL19 10 0.0031 0.0006 0.0013 0.0010 0.0018 0.9773 0.0024 0.0036 0.0012 0.0077 
      CRWL20 10 0.0023 0.0008 0.0012 0.0010 0.0025 0.9755 0.0024 0.0069 0.0012 0.0063 
      CRWL21 10 0.0793 0.0006 0.0025 0.0031 0.0030 0.8701 0.0027 0.0253 0.0080 0.0055 
       MES01 11 0.0010 0.0006 0.0009 0.0007 0.0011 0.0023 0.0016 0.0023 0.0008 0.9887 
       MES02 11 0.0010 0.0006 0.0011 0.0007 0.0011 0.0023 0.0016 0.0021 0.0011 0.9884 
       MES03 11 0.0008 0.0008 0.0010 0.0012 0.0021 0.0017 0.0564 0.0039 0.0007 0.9315 
       MES04 11 0.0010 0.0006 0.0010 0.0007 0.0011 0.0023 0.0017 0.0020 0.0010 0.9886 
       MES05 11 0.0008 0.0006 0.0011 0.0007 0.0009 0.0025 0.0016 0.0049 0.0007 0.9862 
       MES06 11 0.0011 0.0006 0.0010 0.0007 0.0011 0.0022 0.0016 0.0022 0.0007 0.9888 
       MES07 11 0.0011 0.0006 0.0009 0.0006 0.0010 0.0022 0.0017 0.0023 0.0007 0.9888 
       MES08 11 0.0012 0.0006 0.0010 0.0007 0.0011 0.0022 0.0016 0.0021 0.0007 0.9888 
       MES09 11 0.0011 0.0006 0.0010 0.0007 0.0010 0.0022 0.0016 0.0022 0.0007 0.9889 
       MES10 11 0.0010 0.0006 0.0011 0.0007 0.0011 0.0023 0.0017 0.0021 0.0010 0.9884 
       MES11 11 0.0010 0.0006 0.0011 0.0020 0.0012 0.0091 0.0017 0.0019 0.0099 0.9714 
       MES12 11 0.0012 0.0006 0.0010 0.0007 0.0010 0.0022 0.0016 0.0022 0.0007 0.9888 
       MES13 11 0.0011 0.0006 0.0010 0.0006 0.0011 0.0022 0.0017 0.0021 0.0007 0.9889 
       MES14 11 0.0008 0.0005 0.0010 0.0006 0.0009 0.0015 0.0016 0.0015 0.0006 0.9910 
       MES15 11 0.0008 0.0248 0.0104 0.0011 0.0010 0.0015 0.0016 0.0045 0.0007 0.9536 
       MES16 11 0.0010 0.0006 0.0011 0.0007 0.0012 0.0022 0.0016 0.0021 0.0011 0.9885 
       MES17 11 0.0011 0.0006 0.0010 0.0007 0.0010 0.0023 0.0016 0.0022 0.0007 0.9887 
       MES18 11 0.0011 0.0006 0.0010 0.0006 0.0010 0.0022 0.0017 0.0022 0.0007 0.9889 
       MES19 11 0.0011 0.0006 0.0010 0.0007 0.0010 0.0021 0.0016 0.0023 0.0007 0.9889 
       MES20 11 0.0010 0.0006 0.0009 0.0007 0.0012 0.0022 0.0016 0.0021 0.0007 0.9889 
       MES21 11 0.0008 0.0005 0.0010 0.0006 0.0010 0.0015 0.0017 0.0014 0.0007 0.9909 
       MES22 11 0.0011 0.0006 0.0010 0.0006 0.0011 0.0023 0.0016 0.0022 0.0008 0.9888 
       SAX01 11 0.0009 0.0005 0.0010 0.0006 0.0009 0.0017 0.0016 0.0014 0.0007 0.9906 
       SAX02 11 0.0008 0.0005 0.0010 0.0006 0.0009 0.0015 0.0016 0.0014 0.0006 0.9912 
       SAX03 11 0.0020 0.0023 0.0010 0.0009 0.0103 0.0023 0.0016 0.0014 0.0007 0.9775 
       SAX04 11 0.0098 0.0005 0.0013 0.0020 0.0472 0.1001 0.0021 0.0017 0.0009 0.8344 
       SAX05 11 0.0009 0.0006 0.0010 0.0007 0.0012 0.0024 0.0017 0.0028 0.0008 0.9881 
       SAX06 11 0.0010 0.0006 0.0009 0.0006 0.0012 0.0024 0.0017 0.0029 0.0008 0.9880 
       SAX07 11 0.0007 0.0005 0.0010 0.0006 0.0009 0.0016 0.0015 0.0017 0.0006 0.9908 
       SAX08 11 0.0046 0.0005 0.0010 0.0008 0.0009 0.0078 0.0016 0.0372 0.0018 0.9436 
       SAX09 11 0.0008 0.0005 0.0010 0.0006 0.0009 0.0015 0.0016 0.0014 0.0006 0.9911 
       SAX10 11 0.0072 0.0005 0.0010 0.0011 0.0036 0.0023 0.0517 0.0032 0.0008 0.9286 
       SAX11 11 0.0010 0.0005 0.0010 0.0006 0.0478 0.0027 0.0016 0.0029 0.0008 0.9410 
       SAX12 11 0.0008 0.0005 0.0010 0.0006 0.0009 0.0015 0.0016 0.0014 0.0006 0.9910 
       SAX13 11 0.0008 0.0005 0.0009 0.0006 0.0009 0.0016 0.0013 0.0014 0.0006 0.9914 
       SAX14 11 0.0009 0.0006 0.0010 0.0006 0.0010 0.0026 0.0016 0.0025 0.0008 0.9884 
       SAX15 11 0.0198 0.0005 0.0010 0.0044 0.0009 0.0138 0.0016 0.0137 0.0007 0.9436 
       SAX16 11 0.0009 0.0005 0.0010 0.0006 0.0010 0.0018 0.0016 0.0014 0.0007 0.9906 
       SAX17 11 0.0007 0.0005 0.0010 0.0006 0.0009 0.0017 0.0015 0.0018 0.0006 0.9908 
       SAX18 11 0.0007 0.0005 0.0010 0.0006 0.0009 0.0016 0.0015 0.0017 0.0007 0.9908 
       SAX19 11 0.0008 0.0005 0.0011 0.0019 0.0010 0.0248 0.0039 0.0016 0.0006 0.9639 
       IRP01 11 0.0008 0.0005 0.0010 0.0006 0.0011 0.0015 0.0014 0.0015 0.0006 0.9910 
       IRP02 11 0.0009 0.0005 0.0010 0.0005 0.0012 0.0015 0.0015 0.0016 0.0007 0.9906 
       IRP03 11 0.0009 0.0005 0.0010 0.0006 0.0013 0.0014 0.0016 0.0016 0.0007 0.9904 
       IRP04 11 0.0010 0.0005 0.0010 0.0006 0.0013 0.0015 0.0016 0.0016 0.0007 0.9903 
       IRP05 11 0.0009 0.0005 0.0010 0.0006 0.0013 0.0015 0.0015 0.0016 0.0007 0.9904 
       IRP06 11 0.0008 0.0005 0.0010 0.0006 0.0011 0.0015 0.0015 0.0015 0.0006 0.9910 
       IRP07 11 0.0009 0.0005 0.0010 0.0006 0.0013 0.0014 0.0016 0.0016 0.0007 0.9904 
       IRP08 11 0.0008 0.0005 0.0010 0.0006 0.0011 0.0015 0.0015 0.0015 0.0006 0.9909 
       IRP09 11 0.0009 0.0005 0.0010 0.0006 0.0013 0.0015 0.0016 0.0016 0.0007 0.9904 
       IRP10 11 0.0009 0.0005 0.0010 0.0005 0.0010 0.0016 0.0015 0.0015 0.0006 0.9910 
       IRP11 11 0.0008 0.0005 0.0010 0.0006 0.0010 0.0015 0.0015 0.0014 0.0006 0.9911 
       IRP12 11 0.0008 0.0005 0.0010 0.0006 0.0011 0.0015 0.0014 0.0014 0.0006 0.9910 
       IRP13 11 0.0008 0.0005 0.0010 0.0006 0.0011 0.0015 0.0015 0.0015 0.0006 0.9910 
       IRP14 11 0.0009 0.0005 0.0010 0.0006 0.0013 0.0014 0.0016 0.0016 0.0007 0.9905 
       IRP15 11 0.0010 0.0005 0.0010 0.0006 0.0013 0.0015 0.0015 0.0016 0.0007 0.9904 
       IRP16 11 0.0012 0.0006 0.0011 0.0007 0.0014 0.0029 0.0022 0.9844 0.0010 0.0044 
     IRP16-2 11 0.0012 0.0006 0.0011 0.0007 0.0014 0.0029 0.0021 0.9844 0.0010 0.0044 
       IRP17 11 0.0009 0.0005 0.0010 0.0006 0.0013 0.0015 0.0015 0.0016 0.0007 0.9905 
       MRT01 11 0.0008 0.0005 0.0010 0.0006 0.0010 0.0016 0.0015 0.0016 0.0007 0.9907 
       MRT02 11 0.0008 0.0005 0.0009 0.0005 0.0010 0.0015 0.0016 0.0014 0.0006 0.9910 
       MRT03 11 0.0008 0.0005 0.0009 0.0005 0.0009 0.0016 0.0014 0.0015 0.0007 0.9912 
       MRT04 11 0.0008 0.0005 0.0010 0.0006 0.0011 0.0016 0.0015 0.0016 0.0007 0.9907 
       MRT05 11 0.0008 0.0005 0.0010 0.0006 0.0010 0.0017 0.0015 0.0016 0.0007 0.9907 
       MRT06 11 0.0008 0.0005 0.0009 0.0005 0.0010 0.0016 0.0015 0.0015 0.0007 0.9911 
       MRT07 11 0.0008 0.0005 0.0010 0.0006 0.0010 0.0015 0.0016 0.0015 0.0006 0.9910 
       MRT08 11 0.0008 0.0005 0.0011 0.0007 0.0010 0.0026 0.0015 0.0061 0.0007 0.9851 
       MRT09 11 0.0008 0.0005 0.0010 0.0006 0.0009 0.0015 0.0016 0.0015 0.0007 0.9909 
       MRT10 11 0.0008 0.0005 0.0010 0.0006 0.0010 0.0015 0.0016 0.0015 0.0007 0.9909 
       MRT11 11 0.0008 0.0005 0.0010 0.0006 0.0010 0.0015 0.0016 0.0015 0.0007 0.9909 
       MRT12 11 0.0008 0.0005 0.0009 0.0006 0.0010 0.0016 0.0015 0.0017 0.0007 0.9908 
       MRT13 11 0.0187 0.0005 0.0010 0.0006 0.0087 0.0088 0.0246 0.0014 0.0006 0.9350 
       MRT14 11 0.0008 0.0005 0.0010 0.0006 0.0010 0.0016 0.0015 0.0016 0.0007 0.9908 
       MRT15 11 0.0008 0.0005 0.0010 0.0006 0.0010 0.0016 0.0015 0.0016 0.0007 0.9908 
       MRT16 11 0.0008 0.0005 0.0009 0.0005 0.0010 0.0015 0.0014 0.0015 0.0007 0.9910 
       MRT17 11 0.0008 0.0005 0.0009 0.0006 0.0010 0.0015 0.0014 0.0015 0.0006 0.9912 
       MRT18 11 0.0008 0.0005 0.0010 0.0006 0.0010 0.0016 0.0016 0.0016 0.0006 0.9907 
       MRT19 11 0.0008 0.0005 0.0009 0.0006 0.0010 0.0017 0.0014 0.0016 0.0007 0.9908 
       MRT20 11 0.0009 0.0005 0.0010 0.0006 0.0010 0.0016 0.0016 0.0015 0.0006 0.9908 
       MRT21 11 0.0008 0.0005 0.0010 0.0006 0.0010 0.0016 0.0015 0.0016 0.0007 0.9907 
       MRT22 11 0.0008 0.0005 0.0010 0.0006 0.0010 0.0016 0.0014 0.0015 0.0006 0.9909 
       MRT23 11 0.0008 0.0005 0.0009 0.0006 0.0010 0.0016 0.0015 0.0016 0.0007 0.9907 
       MRT24 11 0.0008 0.0005 0.0010 0.0006 0.0010 0.0016 0.0016 0.0015 0.0007 0.9909 
       MRT25 11 0.0008 0.0005 0.0010 0.0006 0.0009 0.0016 0.0015 0.0016 0.0007 0.9909 
       MRT26 11 0.0008 0.0005 0.0010 0.0006 0.0011 0.0016 0.0015 0.0015 0.0007 0.9908 
       MRT27 11 0.0008 0.0005 0.0010 0.0006 0.0010 0.0016 0.0014 0.0015 0.0007 0.9908 
       MRT28 11 0.0008 0.0005 0.0010 0.0006 0.0010 0.0015 0.0016 0.0014 0.0007 0.9911 
       MRT29 11 0.0008 0.0005 0.0010 0.0006 0.0011 0.0017 0.0015 0.0016 0.0007 0.9907 
       MRT30 11 0.0008 0.0005 0.0009 0.0005 0.0010 0.0015 0.0014 0.0015 0.0007 0.9911 
       MRT31 11 0.0008 0.0005 0.0010 0.0006 0.0010 0.0016 0.0015 0.0016 0.0007 0.9908 
       MRT32 11 0.0008 0.0005 0.0010 0.0006 0.0010 0.0017 0.0014 0.0015 0.0007 0.9908 
       MRT33 11 0.0017 0.0015 0.0010 0.0009 0.0041 0.0024 0.0016 0.0015 0.0007 0.9847 
        LK01 10 0.0026 0.0226 0.0069 0.0008 0.0030 0.9074 0.0155 0.0344 0.0012 0.0058 
        LK02 10 0.0020 0.0006 0.0012 0.0012 0.2518 0.7155 0.0027 0.0083 0.0022 0.0145 
        LK05 10 0.0017 0.0009 0.0017 0.0009 0.0076 0.9752 0.0026 0.0053 0.0009 0.0032 
        LK06 10 0.0054 0.0007 0.0027 0.0012 0.0060 0.7214 0.0053 0.2464 0.0012 0.0096 
        LK07 10 0.0012 0.0026 0.0022 0.0022 0.0012 0.9580 0.0018 0.0024 0.0024 0.0261 
     LK07-01 10 0.0017 0.0009 0.0017 0.0009 0.0071 0.9758 0.0025 0.0053 0.0008 0.0033 
     LK07-02 10 0.0024 0.0083 0.0025 0.0015 0.0362 0.9135 0.0037 0.0160 0.0021 0.0138 
     LK07-03 10 0.2042 0.0009 0.0015 0.0029 0.0037 0.6988 0.0064 0.0660 0.0053 0.0105 
     LK07-04 10 0.0022 0.0009 0.0012 0.0010 0.0196 0.9677 0.0015 0.0032 0.0009 0.0018 
     LK07-05 10 0.0042 0.0007 0.0023 0.0010 0.0016 0.6943 0.0033 0.2825 0.0010 0.0090 
     LK07-06 10 0.0012 0.0012 0.0016 0.0019 0.0018 0.9567 0.0021 0.0027 0.0015 0.0293 
        LK08 10 0.0010 0.0007 0.0037 0.0019 0.0031 0.8874 0.0036 0.0786 0.0122 0.0079 
        LK09 10 0.0020 0.0008 0.0013 0.0020 0.0194 0.9452 0.0021 0.0172 0.0073 0.0026 
        LK11 10 0.0037 0.0028 0.0052 0.0064 0.0012 0.9690 0.0024 0.0051 0.0014 0.0029 
        LK12 10 0.0015 0.0008 0.0011 0.0012 0.0016 0.9757 0.0110 0.0030 0.0010 0.0031 
        LK13 10 0.0017 0.0017 0.0135 0.0252 0.0027 0.9320 0.0027 0.0102 0.0066 0.0038 
        LK14 10 0.0020 0.0014 0.0018 0.0010 0.0016 0.9811 0.0042 0.0023 0.0009 0.0037 
        LK15 10 0.0016 0.0007 0.0012 0.0009 0.0012 0.9862 0.0021 0.0022 0.0010 0.0031 
        LK16 10 0.0022 0.0007 0.0021 0.0010 0.0035 0.9813 0.0021 0.0026 0.0010 0.0034 
        LK17 10 0.0013 0.0006 0.0012 0.0008 0.0012 0.9829 0.0025 0.0031 0.0007 0.0057 
        LK18 10 0.0025 0.0007 0.0016 0.0007 0.0066 0.9707 0.0018 0.0022 0.0010 0.0123 
        LK19 10 0.0012 0.0012 0.0016 0.0020 0.0018 0.9564 0.0022 0.0027 0.0015 0.0295 
        LK20 10 0.0027 0.0007 0.0014 0.0011 0.0070 0.8788 0.0041 0.0931 0.0084 0.0029 
        LK21 10 0.0021 0.0018 0.0020 0.0019 0.0820 0.9025 0.0020 0.0024 0.0010 0.0025 
        LK22 10 0.0012 0.0008 0.0016 0.0008 0.0111 0.9578 0.0026 0.0177 0.0008 0.0056 
        LK23 10 0.0016 0.0014 0.0021 0.0013 0.0015 0.9838 0.0024 0.0022 0.0010 0.0028 
        LK24 10 0.0079 0.0011 0.0018 0.0117 0.2667 0.6713 0.0045 0.0292 0.0014 0.0043 
        LK25 10 0.0029 0.0007 0.0013 0.0010 0.5002 0.4686 0.0027 0.0059 0.0012 0.0154 
       LMC01 10 0.3440 0.0006 0.0012 0.0014 0.0545 0.5877 0.0048 0.0022 0.0010 0.0025 
       LMC02 10 0.1124 0.0006 0.0010 0.0007 0.0032 0.8714 0.0050 0.0023 0.0008 0.0025 
       LMC03 10 0.1407 0.0006 0.0010 0.0007 0.0018 0.8376 0.0029 0.0028 0.0008 0.0111 
       LMC04 10 0.0126 0.0019 0.0035 0.0125 0.0048 0.9293 0.0150 0.0109 0.0044 0.0050 
        UM01 10 0.0035 0.0008 0.0506 0.0138 0.0009 0.8282 0.0307 0.0121 0.0575 0.0019 
        UM02 10 0.0469 0.0007 0.0016 0.0011 0.0020 0.7404 0.1929 0.0033 0.0089 0.0023 
        UM03 10 0.2045 0.0008 0.0017 0.0008 0.0010 0.6024 0.1777 0.0042 0.0046 0.0022 
        UM04 10 0.0917 0.0018 0.0024 0.0020 0.0066 0.8058 0.0355 0.0321 0.0196 0.0027 
        UM05 10 0.0055 0.0013 0.0021 0.0019 0.0032 0.7814 0.0056 0.0064 0.1893 0.0034 
        UM06 10 0.0032 0.0057 0.0179 0.0048 0.0023 0.3088 0.1055 0.2194 0.3290 0.0035 
        UM07 10 0.0016 0.0009 0.0035 0.0052 0.0342 0.8601 0.0860 0.0043 0.0011 0.0032 
        UM08 10 0.0030 0.0094 0.0978 0.0033 0.0077 0.8645 0.0026 0.0061 0.0011 0.0046 
        UM09 10 0.0016 0.0115 0.0793 0.0077 0.0013 0.8094 0.0359 0.0057 0.0428 0.0048 
        UM10 10 0.0082 0.0013 0.0021 0.0021 0.0033 0.7897 0.0051 0.0055 0.1796 0.0032 
       PLT01 10 0.0023 0.0007 0.0019 0.0012 0.1906 0.6804 0.0080 0.0090 0.0040 0.1019 
       PLT02 10 0.0012 0.0400 0.0396 0.0040 0.0032 0.5354 0.0035 0.3267 0.0410 0.0056 
       PLT03 10 0.0013 0.0007 0.0016 0.0017 0.0614 0.9014 0.0022 0.0184 0.0026 0.0087 
        DC01 10 0.0019 0.0019 0.0030 0.0088 0.0568 0.8494 0.0022 0.0671 0.0014 0.0074 
        DC02 10 0.0010 0.0033 0.0046 0.0048 0.1071 0.6346 0.0057 0.2314 0.0029 0.0047 
        DC03 10 0.0035 0.0009 0.0019 0.0423 0.0550 0.8855 0.0023 0.0043 0.0016 0.0027 
        DC04 10 0.0040 0.0025 0.0239 0.0097 0.0049 0.9022 0.0067 0.0031 0.0320 0.0110 
        DC05 10 0.0165 0.0006 0.0017 0.0015 0.0013 0.9589 0.0022 0.0036 0.0026 0.0111 
        DC06 10 0.0016 0.0052 0.0125 0.0044 0.1257 0.6774 0.0042 0.1640 0.0009 0.0042 
        DC07 10 0.0019 0.0049 0.0032 0.0054 0.0418 0.7751 0.1464 0.0153 0.0017 0.0044 
        DC08 10 0.0022 0.0010 0.0016 0.0013 0.0346 0.9247 0.0015 0.0269 0.0013 0.0050 
        DC09 10 0.0010 0.0125 0.0814 0.0076 0.0014 0.8791 0.0023 0.0061 0.0030 0.0056 
        DC10 10 0.0049 0.0027 0.0129 0.1012 0.0197 0.8128 0.0250 0.0092 0.0055 0.0061 
        DC11 10 0.0010 0.0028 0.0081 0.0031 0.1632 0.7872 0.0059 0.0200 0.0027 0.0059 
        DC12 10 0.0029 0.0034 0.0023 0.0012 0.0014 0.9808 0.0018 0.0024 0.0009 0.0030 
        DC13 10 0.0011 0.0010 0.0017 0.0033 0.1247 0.7687 0.0016 0.0043 0.0018 0.0919 
        DC14 10 0.0041 0.0025 0.0242 0.0104 0.0049 0.9016 0.0066 0.0033 0.0316 0.0108 
        DC15 10 0.0023 0.0038 0.0022 0.0022 0.0038 0.9426 0.0114 0.0265 0.0013 0.0040 
        DC16 10 0.0011 0.0384 0.0162 0.0015 0.2584 0.5966 0.0369 0.0430 0.0009 0.0069 
        DC17 10 0.0025 0.0010 0.0021 0.0014 0.0023 0.9706 0.0039 0.0099 0.0014 0.0049 
        DC18 10 0.0018 0.0007 0.0040 0.1259 0.0095 0.8240 0.0022 0.0258 0.0018 0.0044 
        DC19 10 0.0013 0.0017 0.0018 0.0014 0.0992 0.7923 0.0222 0.0754 0.0011 0.0036 
        DC20 10 0.0020 0.0011 0.0015 0.0011 0.0887 0.4829 0.0203 0.2893 0.0009 0.1122 
        DC21 10 0.0013 0.0009 0.0018 0.0011 0.0013 0.9845 0.0022 0.0035 0.0013 0.0022 
        DC22 10 0.0020 0.0019 0.0296 0.0200 0.0122 0.7206 0.1524 0.0109 0.0475 0.0028 
        DC23 10 0.0026 0.0018 0.0026 0.0015 0.0655 0.9062 0.0080 0.0043 0.0010 0.0064 
        DC24 10 0.0018 0.0007 0.0039 0.1263 0.0097 0.8245 0.0022 0.0250 0.0017 0.0043 
        DC25 10 0.0214 0.0009 0.0018 0.0021 0.0180 0.9180 0.0042 0.0195 0.0112 0.0028 
        DC26 10 0.0031 0.0034 0.0022 0.0012 0.0014 0.9807 0.0019 0.0023 0.0008 0.0029 
        PC02 12 0.0012 0.0006 0.0011 0.0007 0.0014 0.0028 0.0022 0.9843 0.0009 0.0047 
        PC03 12 0.0013 0.0006 0.0011 0.0008 0.0013 0.0029 0.0021 0.9846 0.0009 0.0044 
        PC04 12 0.0013 0.0006 0.0011 0.0007 0.0013 0.0028 0.0022 0.9846 0.0010 0.0044 
        PC05 12 0.0013 0.0006 0.0011 0.0007 0.0014 0.0027 0.0021 0.9846 0.0010 0.0045 
        PC06 12 0.0013 0.0006 0.0011 0.0007 0.0014 0.0028 0.0021 0.9845 0.0010 0.0045 
        PC07 12 0.0014 0.0005 0.0014 0.0008 0.0013 0.5432 0.0038 0.2938 0.0007 0.1530 
        PC08 12 0.0013 0.0006 0.0011 0.0007 0.0014 0.0028 0.0022 0.9845 0.0009 0.0045 
        PC09 12 0.0013 0.0006 0.0011 0.0007 0.0014 0.0028 0.0022 0.9846 0.0010 0.0044 
        PC10 12 0.0301 0.0006 0.0011 0.0008 0.0129 0.0204 0.0234 0.9052 0.0010 0.0045 
        PC11 12 0.0013 0.0006 0.0011 0.0007 0.0014 0.0029 0.0022 0.9844 0.0010 0.0045 
        PC12 12 0.0012 0.0006 0.0011 0.0007 0.0014 0.0028 0.0021 0.9846 0.0009 0.0045 
        PC13 12 0.0012 0.0006 0.0011 0.0007 0.0014 0.0030 0.0022 0.9842 0.0009 0.0046 
        PC14 12 0.0012 0.0006 0.0011 0.0008 0.0014 0.0029 0.0021 0.9844 0.0010 0.0045 
        PC01 12 0.0012 0.0006 0.0011 0.0007 0.0014 0.0028 0.0021 0.9845 0.0010 0.0044 
      Nuke10 13 0.0011 0.0005 0.0010 0.0007 0.9872 0.0022 0.0014 0.0020 0.0006 0.0033 
      Nuke11 13 0.0008 0.0006 0.0011 0.0006 0.9875 0.0018 0.0015 0.0016 0.0006 0.0040 
      Nuke12 13 0.0053 0.0007 0.0013 0.0009 0.9761 0.0040 0.0034 0.0040 0.0009 0.0035 
      Nuke13 13 0.0014 0.0006 0.0010 0.0008 0.9858 0.0021 0.0016 0.0016 0.0011 0.0040 
      Nuke01 13 0.0033 0.0007 0.0011 0.0010 0.9703 0.0047 0.0032 0.0060 0.0009 0.0088 
      Nuke02 13 0.0052 0.0007 0.0013 0.0009 0.9761 0.0039 0.0035 0.0041 0.0009 0.0035 
      Nuke03 13 0.0011 0.0005 0.0010 0.0007 0.9865 0.0018 0.0016 0.0018 0.0007 0.0043 
      Nuke04 13 0.0020 0.0005 0.0010 0.0007 0.9869 0.0018 0.0014 0.0015 0.0009 0.0032 
      Nuke05 13 0.0017 0.0005 0.0011 0.0007 0.9850 0.0022 0.0018 0.0022 0.0008 0.0041 
      Nuke06 13 0.0015 0.0006 0.0011 0.0008 0.9820 0.0025 0.0020 0.0019 0.0009 0.0066 
      Nuke07 13 0.0110 0.0007 0.0014 0.0015 0.9554 0.0027 0.0021 0.0148 0.0008 0.0097 
      Nuke08 13 0.0010 0.0006 0.0010 0.0007 0.9889 0.0017 0.0016 0.0015 0.0007 0.0024 
      Nuke09 13 0.0009 0.0006 0.0010 0.0006 0.9890 0.0016 0.0016 0.0016 0.0007 0.0024 
       Rad01 13 0.0009 0.0006 0.0010 0.0008 0.9746 0.0113 0.0035 0.0042 0.0007 0.0023 
       Rad02 13 0.0011 0.0006 0.0012 0.0009 0.8558 0.0024 0.0019 0.0034 0.0008 0.1318 
       Rad03 13 0.0031 0.0006 0.0010 0.0008 0.9823 0.0024 0.0020 0.0021 0.0009 0.0049 
       Rad04 13 0.0014 0.0006 0.0010 0.0008 0.9781 0.0021 0.0025 0.0018 0.0009 0.0108 
       Rad05 13 0.0016 0.0005 0.0139 0.0008 0.9723 0.0023 0.0017 0.0027 0.0011 0.0031 
       Rad06 13 0.0018 0.0006 0.0010 0.0007 0.9847 0.0016 0.0037 0.0019 0.0012 0.0027 
       Rad07 13 0.0010 0.0006 0.0010 0.0007 0.9884 0.0018 0.0016 0.0016 0.0007 0.0027 
       Rad08 13 0.0409 0.0007 0.0012 0.0014 0.9253 0.0075 0.0046 0.0036 0.0017 0.0132 
       Rad09 13 0.0017 0.0006 0.0011 0.0007 0.9834 0.0021 0.0020 0.0022 0.0009 0.0055 
       Rad10 13 0.0017 0.0005 0.0010 0.0006 0.9845 0.0019 0.0019 0.0018 0.0008 0.0053 
       Rad11 13 0.0049 0.0005 0.0012 0.0008 0.9801 0.0032 0.0029 0.0026 0.0007 0.0032 
       Rad12 13 0.0010 0.0005 0.0009 0.0006 0.9876 0.0015 0.0018 0.0015 0.0008 0.0038 
       Rad13 13 0.0009 0.0005 0.0010 0.0006 0.9889 0.0017 0.0017 0.0016 0.0007 0.0023 
       Rad14 13 0.0015 0.0006 0.0010 0.0008 0.9784 0.0021 0.0024 0.0018 0.0009 0.0106 
       Rad15 13 0.0129 0.0007 0.0013 0.0011 0.9638 0.0045 0.0039 0.0055 0.0013 0.0050 
       Rad16 13 0.0010 0.0006 0.0010 0.0006 0.9890 0.0018 0.0016 0.0015 0.0007 0.0023 
       HTB16 14 0.0022 0.0006 0.0020 0.0021 0.6476 0.0577 0.0030 0.2382 0.0422 0.0044 
       HTB17 14 0.0015 0.0158 0.0018 0.0117 0.6116 0.0325 0.0031 0.1867 0.0012 0.1341 
       HTB18 14 0.0048 0.0006 0.0015 0.0008 0.8168 0.0131 0.1491 0.0050 0.0013 0.0070 
       HTB19 14 0.0011 0.0009 0.0023 0.0012 0.5046 0.4565 0.0017 0.0186 0.0103 0.0028 
       HTB20 14 0.0008 0.0013 0.0032 0.0009 0.6145 0.0033 0.0019 0.2514 0.0011 0.1217 
       HTB21 14 0.0011 0.0029 0.0095 0.0047 0.8318 0.0414 0.0233 0.0029 0.0763 0.0062 
       HTB22 14 0.0012 0.0008 0.0021 0.0013 0.5591 0.4049 0.0020 0.0174 0.0047 0.0065 
       HTB23 14 0.0024 0.0009 0.0024 0.0011 0.3678 0.5639 0.0033 0.0038 0.0470 0.0075 
       HTB11 14 0.0014 0.0050 0.0059 0.0030 0.4417 0.5257 0.0059 0.0057 0.0027 0.0030 
       HTB12 14 0.0016 0.0527 0.0032 0.0017 0.6003 0.0754 0.0749 0.1751 0.0126 0.0025 
       HTB13 14 0.0030 0.0036 0.0018 0.0016 0.6616 0.0224 0.0744 0.1978 0.0316 0.0023 
       HTB14 14 0.0028 0.0010 0.0031 0.1203 0.0990 0.7272 0.0025 0.0352 0.0016 0.0072 
       HTB15 14 0.0011 0.0077 0.0076 0.0074 0.9323 0.0093 0.0220 0.0027 0.0040 0.0060 
       Nel01 15 0.0038 0.0007 0.0015 0.0008 0.1710 0.0035 0.0102 0.4397 0.3671 0.0018 
       Nel02 15 0.2721 0.0012 0.0064 0.1854 0.3984 0.0034 0.0049 0.1199 0.0011 0.0071 
       Nel03 15 0.0040 0.0006 0.0015 0.0008 0.1716 0.0036 0.0099 0.4389 0.3673 0.0019 
       Nel04 15 0.0041 0.0007 0.0016 0.0008 0.1712 0.0038 0.0100 0.4391 0.3670 0.0018 
       Nel05 15 0.0027 0.0006 0.0012 0.0008 0.0014 0.0024 0.0059 0.9822 0.0008 0.0021 
       Nel06 15 0.0026 0.0006 0.0012 0.0009 0.0014 0.0024 0.0061 0.9820 0.0008 0.0020 
       Nel07 15 0.0026 0.0006 0.0012 0.0009 0.0014 0.0024 0.0057 0.9824 0.0007 0.0020 
       Nel08 15 0.0286 0.0014 0.0056 0.0270 0.0128 0.0758 0.0029 0.6471 0.1959 0.0029 
       Nel09 15 0.0026 0.0006 0.0012 0.0009 0.0014 0.0024 0.0060 0.9822 0.0007 0.0021 
       Nel10 15 0.0314 0.0006 0.0045 0.0042 0.3168 0.0362 0.0790 0.5230 0.0015 0.0028 
       Nel11 15 0.0041 0.0006 0.0015 0.0008 0.1713 0.0035 0.0099 0.4395 0.3669 0.0018 
       Nel12 15 0.0024 0.0006 0.0012 0.0009 0.0014 0.0023 0.0061 0.9823 0.0007 0.0020 
       Nel13 15 0.0064 0.0011 0.0013 0.0011 0.3284 0.0036 0.0362 0.4618 0.1584 0.0016 
       Nel14 15 0.0026 0.0006 0.0012 0.0009 0.0014 0.0025 0.0059 0.9822 0.0008 0.0021 
         EI1 16 0.0054 0.0008 0.0011 0.0006 0.0044 0.0045 0.0030 0.0044 0.9684 0.0074 
        EI10 16 0.0026 0.0006 0.0011 0.0006 0.0022 0.0028 0.0020 0.0025 0.9814 0.0042 
        EI11 16 0.0033 0.0008 0.0012 0.0007 0.0051 0.0051 0.0020 0.0061 0.9666 0.0091 
        EI12 16 0.0093 0.0011 0.0013 0.0007 0.0107 0.0084 0.0038 0.0219 0.9260 0.0169 
         EI2 16 0.0046 0.0006 0.0010 0.0006 0.0043 0.0081 0.0030 0.0041 0.9661 0.0077 
         EI3 16 0.0092 0.0011 0.0012 0.0007 0.0102 0.0085 0.0036 0.0225 0.9253 0.0177 
         EI4 16 0.0030 0.0007 0.0012 0.0007 0.0052 0.0057 0.0020 0.0064 0.9657 0.0093 
         EI5 16 0.0032 0.0009 0.0012 0.0007 0.0035 0.0045 0.0041 0.0060 0.9680 0.0077 
         EI6 16 0.0025 0.0006 0.0010 0.0007 0.0025 0.0029 0.0021 0.0025 0.9808 0.0043 
         EI7 16 0.0016 0.0007 0.0017 0.0007 0.0020 0.0053 0.0025 0.0036 0.9774 0.0045 
         EI8 16 0.0014 0.0089 0.0058 0.0014 0.0018 0.0043 0.0022 0.0026 0.9681 0.0035 
         EI9 16 0.0026 0.0007 0.0010 0.0006 0.0034 0.0039 0.0033 0.0047 0.9723 0.0074 
        OL01 17 0.9876 0.0006 0.0011 0.0006 0.0010 0.0020 0.0017 0.0016 0.0007 0.0031 
        OL02 17 0.9073 0.0007 0.0016 0.0012 0.0020 0.0372 0.0211 0.0223 0.0011 0.0054 
        OL03 17 0.9875 0.0006 0.0011 0.0006 0.0010 0.0021 0.0017 0.0016 0.0007 0.0031 
        OL04 17 0.9875 0.0006 0.0011 0.0006 0.0010 0.0020 0.0017 0.0017 0.0008 0.0031 
        OL06 17 0.9873 0.0006 0.0011 0.0006 0.0010 0.0020 0.0018 0.0017 0.0008 0.0031 
       OSP01 17 0.9874 0.0006 0.0011 0.0006 0.0010 0.0020 0.0017 0.0016 0.0008 0.0032 
       OSP02 17 0.9874 0.0006 0.0011 0.0006 0.0010 0.0020 0.0018 0.0016 0.0008 0.0031 
       OSP03 17 0.9875 0.0006 0.0011 0.0006 0.0010 0.0020 0.0017 0.0016 0.0007 0.0031 
       OSP04 17 0.9871 0.0006 0.0012 0.0006 0.0011 0.0020 0.0018 0.0017 0.0008 0.0031 
       OSP05 17 0.9875 0.0006 0.0011 0.0006 0.0010 0.0020 0.0018 0.0017 0.0008 0.0031 
       OSP06 17 0.9874 0.0006 0.0011 0.0006 0.0010 0.0020 0.0017 0.0016 0.0008 0.0032 
       OSP07 17 0.9873 0.0006 0.0011 0.0006 0.0010 0.0020 0.0017 0.0017 0.0008 0.0031 
       OSP10 17 0.9874 0.0006 0.0011 0.0006 0.0010 0.0020 0.0017 0.0016 0.0008 0.0031 
       OSP11 17 0.9875 0.0006 0.0011 0.0006 0.0011 0.0020 0.0017 0.0016 0.0007 0.0031 
       OSP12 17 0.9874 0.0006 0.0011 0.0006 0.0010 0.0021 0.0017 0.0017 0.0008 0.0031 
       OSP13 17 0.9874 0.0006 0.0011 0.0006 0.0010 0.0020 0.0017 0.0016 0.0008 0.0031 
       OSP14 17 0.9874 0.0006 0.0011 0.0006 0.0010 0.0020 0.0017 0.0017 0.0008 0.0032 
        OY02 17 0.9801 0.0007 0.0018 0.0011 0.0022 0.0027 0.0038 0.0022 0.0011 0.0043 
        OY04 17 0.9801 0.0007 0.0017 0.0010 0.0022 0.0031 0.0026 0.0027 0.0011 0.0048 
        OY05 17 0.6216 0.0008 0.0054 0.0044 0.0014 0.0072 0.0029 0.3522 0.0012 0.0030 
        OY06 17 0.7028 0.0007 0.0024 0.0031 0.0011 0.2775 0.0018 0.0067 0.0016 0.0024 
        OY07 17 0.9042 0.0024 0.0052 0.0021 0.0018 0.0031 0.0633 0.0054 0.0019 0.0106 
        OY08 17 0.9081 0.0024 0.0051 0.0020 0.0020 0.0029 0.0601 0.0052 0.0020 0.0102 
        OY10 17 0.8059 0.0289 0.0045 0.0033 0.0064 0.1103 0.0068 0.0064 0.0024 0.0250 
        OY12 17 0.8774 0.0007 0.0129 0.0017 0.0011 0.0054 0.0019 0.0933 0.0012 0.0044 
        OY15 17 0.7287 0.0007 0.0029 0.0079 0.0013 0.1872 0.0021 0.0627 0.0042 0.0023 
        OY16 17 0.4128 0.0011 0.1371 0.1011 0.0010 0.0973 0.0099 0.0027 0.2341 0.0029 
        OY20 17 0.7137 0.0007 0.0099 0.0051 0.0013 0.1169 0.0063 0.1394 0.0011 0.0055 
        OY26 17 0.9306 0.0007 0.0032 0.0012 0.0013 0.0530 0.0015 0.0022 0.0012 0.0050 
        OY27 17 0.5879 0.0007 0.0019 0.0023 0.0012 0.3868 0.0030 0.0102 0.0031 0.0031 
       RHL02 17 0.3360 0.0005 0.0012 0.0007 0.0016 0.0048 0.0079 0.6346 0.0012 0.0115 
       RHL03 17 0.3350 0.0005 0.0012 0.0007 0.0014 0.0056 0.0081 0.6319 0.0012 0.0144 
       RHL05 17 0.3354 0.0005 0.0012 0.0007 0.0013 0.0051 0.0083 0.6324 0.0012 0.0139 
       RHL06 17 0.3656 0.0006 0.0012 0.0008 0.0021 0.0064 0.0087 0.6032 0.0012 0.0103 
       RHL07 17 0.3143 0.0005 0.0012 0.0007 0.0013 0.0048 0.0064 0.6577 0.0011 0.0120 
       RHL09 17 0.3328 0.0005 0.0012 0.0008 0.0014 0.0053 0.0082 0.6349 0.0012 0.0138 
       RHL11 17 0.3142 0.0005 0.0012 0.0008 0.0013 0.0045 0.0066 0.6583 0.0011 0.0116 
       RHL12 17 0.4017 0.0005 0.0012 0.0008 0.0015 0.0044 0.0044 0.5747 0.0013 0.0095 
       RHL13 17 0.3351 0.0005 0.0011 0.0007 0.0014 0.0051 0.0083 0.6325 0.0012 0.0140 
       RHL14 17 0.3357 0.0005 0.0012 0.0008 0.0014 0.0051 0.0083 0.6322 0.0012 0.0136 
       MOON1 17 0.5251 0.0006 0.0014 0.0046 0.0080 0.0475 0.0021 0.3924 0.0010 0.0173 
       Cre01 17 0.9883 0.0006 0.0010 0.0007 0.0010 0.0019 0.0017 0.0019 0.0008 0.0022 
       Cre02 17 0.9885 0.0005 0.0010 0.0006 0.0010 0.0020 0.0017 0.0018 0.0007 0.0021 
       Cre03 17 0.9885 0.0005 0.0010 0.0006 0.0010 0.0020 0.0017 0.0017 0.0008 0.0022 
       Cre04 17 0.9883 0.0006 0.0010 0.0006 0.0011 0.0020 0.0017 0.0018 0.0008 0.0022 
       Cre05 17 0.9885 0.0006 0.0010 0.0006 0.0010 0.0020 0.0016 0.0017 0.0008 0.0022 
       Cre06 17 0.9885 0.0006 0.0009 0.0006 0.0011 0.0019 0.0018 0.0018 0.0008 0.0020 
       Cre07 17 0.9884 0.0005 0.0009 0.0006 0.0011 0.0019 0.0017 0.0017 0.0008 0.0022 
       Cre08 17 0.9850 0.0005 0.0009 0.0006 0.0011 0.0019 0.0018 0.0017 0.0008 0.0056 
       Cre09 17 0.9885 0.0006 0.0009 0.0006 0.0011 0.0019 0.0017 0.0018 0.0008 0.0020 
       Cre10 17 0.9888 0.0005 0.0009 0.0006 0.0010 0.0018 0.0016 0.0020 0.0008 0.0020 
       Cre11 17 0.9885 0.0006 0.0010 0.0006 0.0010 0.0019 0.0017 0.0017 0.0008 0.0022 
       SSN31 17 0.9845 0.0005 0.0009 0.0006 0.0012 0.0020 0.0016 0.0021 0.0009 0.0057 
       SSN32 17 0.9883 0.0006 0.0009 0.0006 0.0012 0.0019 0.0018 0.0018 0.0008 0.0021 
       SSN33 17 0.9852 0.0005 0.0010 0.0006 0.0012 0.0018 0.0015 0.0022 0.0009 0.0052 
       SSN34 17 0.9886 0.0006 0.0009 0.0006 0.0012 0.0018 0.0017 0.0018 0.0007 0.0020 
       SSN35 17 0.9885 0.0005 0.0010 0.0006 0.0010 0.0019 0.0017 0.0017 0.0008 0.0022 
       SSN36 17 0.9884 0.0005 0.0009 0.0006 0.0011 0.0020 0.0016 0.0018 0.0008 0.0023 
       SSN38 17 0.5217 0.0006 0.0011 0.0010 0.0021 0.0030 0.0030 0.4634 0.0012 0.0029 
       SSN39 17 0.9894 0.0005 0.0009 0.0006 0.0009 0.0019 0.0015 0.0016 0.0007 0.0020 
       SSN40 17 0.9057 0.0005 0.0009 0.0014 0.0823 0.0016 0.0015 0.0016 0.0008 0.0037 
       SSN41 17 0.9892 0.0005 0.0009 0.0006 0.0009 0.0020 0.0015 0.0016 0.0007 0.0020 
       BCV44 17 0.9879 0.0005 0.0009 0.0006 0.0012 0.0017 0.0020 0.0016 0.0007 0.0028 
       BCV45 17 0.9880 0.0005 0.0010 0.0006 0.0012 0.0015 0.0020 0.0016 0.0007 0.0027 
       BCV46 17 0.9879 0.0005 0.0009 0.0007 0.0012 0.0016 0.0021 0.0016 0.0007 0.0027 
       BCV47 17 0.9880 0.0005 0.0009 0.0006 0.0012 0.0015 0.0020 0.0016 0.0008 0.0028 
       BCV48 17 0.9880 0.0005 0.0009 0.0006 0.0013 0.0016 0.0021 0.0016 0.0007 0.0027 
       BCV49 17 0.9878 0.0005 0.0010 0.0006 0.0013 0.0016 0.0021 0.0016 0.0007 0.0027 
       BCV50 17 0.9879 0.0005 0.0009 0.0006 0.0012 0.0016 0.0021 0.0016 0.0007 0.0028 
       BCV51 17 0.9879 0.0005 0.0009 0.0007 0.0012 0.0016 0.0021 0.0016 0.0007 0.0027 
       BCV52 17 0.9880 0.0005 0.0009 0.0006 0.0012 0.0015 0.0020 0.0016 0.0007 0.0027 
       BCV53 17 0.9880 0.0005 0.0009 0.0006 0.0012 0.0016 0.0021 0.0016 0.0007 0.0028 
      SSBC01 17 0.9880 0.0005 0.0009 0.0006 0.0012 0.0016 0.0021 0.0017 0.0007 0.0027 
      SSBC02 17 0.9878 0.0005 0.0009 0.0006 0.0012 0.0016 0.0021 0.0017 0.0007 0.0028 
      SSBC03 17 0.9879 0.0005 0.0009 0.0006 0.0013 0.0016 0.0021 0.0017 0.0007 0.0027 
      SSBC04 17 0.9881 0.0005 0.0010 0.0006 0.0012 0.0015 0.0020 0.0017 0.0007 0.0026 
      SSBC05 17 0.9880 0.0005 0.0010 0.0006 0.0012 0.0016 0.0020 0.0016 0.0007 0.0028 
      SSBC06 17 0.9524 0.0005 0.0011 0.0015 0.0172 0.0153 0.0022 0.0017 0.0054 0.0027 
      SSBC07 17 0.9880 0.0005 0.0009 0.0006 0.0012 0.0016 0.0021 0.0016 0.0007 0.0027 
       LCV01 17 0.9861 0.0008 0.0010 0.0008 0.0010 0.0024 0.0021 0.0031 0.0007 0.0020 
       LCV02 17 0.9859 0.0008 0.0010 0.0007 0.0010 0.0024 0.0022 0.0033 0.0007 0.0019 
