        TC01  1 0.0023 0.9599 0.0019 0.0085 0.0008 0.0034 0.0081 0.0125 0.0028 
        TC02  1 0.0026 0.9675 0.0011 0.0022 0.0012 0.0028 0.0120 0.0066 0.0039 
        TC03  1 0.0058 0.9706 0.0013 0.0037 0.0008 0.0036 0.0061 0.0024 0.0056 
        TC04  1 0.0234 0.9044 0.0010 0.0210 0.0027 0.0028 0.0335 0.0024 0.0088 
        TC05  1 0.0041 0.9629 0.0006 0.0010 0.0007 0.0011 0.0136 0.0013 0.0147 
        TC06  1 0.0775 0.9013 0.0024 0.0019 0.0014 0.0012 0.0107 0.0014 0.0023 
        TC07  1 0.0036 0.9565 0.0008 0.0013 0.0005 0.0009 0.0132 0.0132 0.0100 
        TC08  1 0.0050 0.9733 0.0006 0.0008 0.0056 0.0015 0.0060 0.0019 0.0051 
        TC09  1 0.0196 0.9291 0.0133 0.0014 0.0210 0.0008 0.0105 0.0014 0.0030 
        TC10  1 0.0074 0.8932 0.0712 0.0010 0.0006 0.0047 0.0032 0.0080 0.0107 
        TC11  1 0.0015 0.9837 0.0010 0.0016 0.0008 0.0016 0.0025 0.0041 0.0032 
        TC12  1 0.0053 0.9353 0.0010 0.0103 0.0011 0.0018 0.0229 0.0055 0.0170 
        TC13  1 0.0037 0.9830 0.0022 0.0009 0.0014 0.0014 0.0036 0.0014 0.0022 
        TC14  1 0.0913 0.8728 0.0044 0.0058 0.0012 0.0024 0.0112 0.0028 0.0082 
        TC15  1 0.0504 0.9120 0.0049 0.0027 0.0030 0.0031 0.0179 0.0011 0.0049 
        TC16  1 0.0399 0.8797 0.0041 0.0021 0.0416 0.0017 0.0143 0.0017 0.0148 
        TC17  1 0.0147 0.8411 0.0165 0.0042 0.0012 0.0085 0.0948 0.0033 0.0156 
        TC18  1 0.0056 0.8852 0.0013 0.0519 0.0009 0.0162 0.0194 0.0034 0.0162 
        TC19  1 0.0019 0.9781 0.0058 0.0009 0.0052 0.0015 0.0028 0.0015 0.0023 
        TC20  1 0.0037 0.9784 0.0014 0.0046 0.0024 0.0015 0.0034 0.0017 0.0029 
        TC21  1 0.0044 0.7155 0.0008 0.0122 0.0022 0.0016 0.2463 0.0058 0.0111 
        TC22  1 0.0080 0.9240 0.0006 0.0015 0.0041 0.0256 0.0281 0.0030 0.0050 
        TC23  1 0.0049 0.9750 0.0012 0.0018 0.0008 0.0021 0.0035 0.0057 0.0050 
        TC24  1 0.0019 0.9857 0.0021 0.0006 0.0010 0.0009 0.0024 0.0010 0.0044 
        TC25  1 0.2345 0.6921 0.0061 0.0197 0.0017 0.0015 0.0060 0.0310 0.0076 
        TC26  1 0.0188 0.9521 0.0145 0.0009 0.0009 0.0010 0.0075 0.0011 0.0032 
        TC27  1 0.0321 0.8968 0.0009 0.0015 0.0008 0.0493 0.0130 0.0016 0.0040 
        TC28  1 0.0254 0.9450 0.0018 0.0020 0.0007 0.0018 0.0080 0.0026 0.0127 
        TC29  1 0.0594 0.8931 0.0030 0.0065 0.0007 0.0010 0.0249 0.0049 0.0063 
        TC30  1 0.0050 0.9793 0.0020 0.0010 0.0028 0.0012 0.0043 0.0015 0.0028 
        TC31  1 0.0024 0.9199 0.0011 0.0170 0.0024 0.0049 0.0064 0.0312 0.0146 
        TC32  1 0.1440 0.7627 0.0019 0.0016 0.0012 0.0010 0.0695 0.0023 0.0158 
        TC33  1 0.0055 0.9603 0.0016 0.0018 0.0008 0.0021 0.0087 0.0102 0.0090 
        TC34  1 0.1179 0.8525 0.0066 0.0013 0.0016 0.0032 0.0056 0.0020 0.0095 
        TC35  1 0.0030 0.9616 0.0013 0.0071 0.0023 0.0014 0.0047 0.0148 0.0037 
        TC36  1 0.0041 0.9758 0.0014 0.0012 0.0010 0.0019 0.0090 0.0019 0.0037 
        TC37  1 0.0012 0.9809 0.0006 0.0019 0.0007 0.0013 0.0047 0.0022 0.0065 
        TC38  1 0.0068 0.9447 0.0066 0.0214 0.0056 0.0010 0.0053 0.0054 0.0034 
        TC39  1 0.0259 0.9214 0.0342 0.0036 0.0011 0.0012 0.0064 0.0018 0.0044 
        TC40  1 0.0583 0.8924 0.0042 0.0019 0.0010 0.0025 0.0075 0.0018 0.0303 
        TC41  1 0.0025 0.9798 0.0012 0.0011 0.0007 0.0036 0.0052 0.0015 0.0044 
        TC42  1 0.0094 0.9783 0.0015 0.0008 0.0009 0.0020 0.0040 0.0010 0.0022 
        TC43  1 0.0075 0.9777 0.0007 0.0021 0.0007 0.0016 0.0037 0.0013 0.0047 
        TC44  1 0.0065 0.9495 0.0064 0.0013 0.0077 0.0095 0.0068 0.0081 0.0041 
        TC45  1 0.0014 0.9754 0.0024 0.0106 0.0006 0.0008 0.0044 0.0021 0.0023 
        TC46  1 0.0025 0.9511 0.0022 0.0086 0.0007 0.0071 0.0117 0.0016 0.0145 
        TC47  1 0.0067 0.9629 0.0032 0.0020 0.0039 0.0083 0.0047 0.0023 0.0060 
        TC48  1 0.0069 0.9106 0.0024 0.0077 0.0008 0.0044 0.0402 0.0019 0.0251 
        TC49  1 0.0040 0.9668 0.0023 0.0018 0.0007 0.0020 0.0144 0.0024 0.0057 
        TC50  1 0.0026 0.9527 0.0009 0.0040 0.0013 0.0058 0.0200 0.0031 0.0095 
        TC51  1 0.0712 0.8890 0.0012 0.0024 0.0094 0.0025 0.0090 0.0107 0.0046 
        TC52  1 0.0117 0.9451 0.0011 0.0056 0.0015 0.0010 0.0053 0.0011 0.0277 
        TC53  1 0.0070 0.9705 0.0013 0.0007 0.0009 0.0066 0.0098 0.0009 0.0021 
        TC54  1 0.0159 0.8998 0.0023 0.0027 0.0011 0.0024 0.0330 0.0030 0.0397 
        TC55  1 0.0268 0.9191 0.0117 0.0037 0.0008 0.0020 0.0237 0.0020 0.0103 
        TC56  1 0.0163 0.9271 0.0007 0.0178 0.0007 0.0046 0.0109 0.0075 0.0143 
        TC57  1 0.0019 0.9575 0.0018 0.0019 0.0008 0.0112 0.0134 0.0018 0.0097 
        TC58  1 0.0040 0.9429 0.0096 0.0016 0.0016 0.0022 0.0081 0.0268 0.0032 
        TC59  1 0.0038 0.9841 0.0010 0.0007 0.0007 0.0011 0.0042 0.0016 0.0028 
        TA01  2 0.0048 0.9736 0.0037 0.0009 0.0036 0.0021 0.0072 0.0017 0.0024 
        TA02  2 0.0021 0.9742 0.0010 0.0013 0.0007 0.0010 0.0056 0.0011 0.0131 
        TA03  2 0.0026 0.9634 0.0017 0.0014 0.0017 0.0135 0.0067 0.0024 0.0066 
        TA04  2 0.0284 0.8279 0.0011 0.0010 0.1307 0.0022 0.0036 0.0014 0.0036 
        TA05  2 0.0019 0.9776 0.0011 0.0023 0.0011 0.0019 0.0071 0.0022 0.0048 
        TA06  2 0.0062 0.9789 0.0024 0.0009 0.0019 0.0014 0.0026 0.0027 0.0030 
        TA07  2 0.0019 0.9711 0.0012 0.0014 0.0013 0.0020 0.0119 0.0043 0.0048 
        TA08  2 0.0118 0.9517 0.0012 0.0026 0.0014 0.0238 0.0028 0.0014 0.0033 
        TA09  2 0.0043 0.9823 0.0014 0.0007 0.0017 0.0014 0.0035 0.0012 0.0035 
        TA10  2 0.0041 0.9112 0.0011 0.0010 0.0014 0.0022 0.0092 0.0671 0.0027 
        TA11  2 0.0039 0.8158 0.0496 0.0039 0.0040 0.0132 0.0063 0.0949 0.0085 
        TA12  2 0.0014 0.9082 0.0010 0.0010 0.0007 0.0109 0.0594 0.0127 0.0048 
        TA13  2 0.0099 0.7965 0.0008 0.0013 0.0076 0.0027 0.1562 0.0158 0.0091 
        TA14  2 0.0073 0.9798 0.0033 0.0006 0.0010 0.0008 0.0026 0.0009 0.0035 
        TA15  2 0.0082 0.9776 0.0009 0.0007 0.0010 0.0010 0.0061 0.0018 0.0029 
        TA16  2 0.0123 0.9369 0.0024 0.0010 0.0021 0.0016 0.0143 0.0263 0.0031 
        TA17  2 0.0080 0.9564 0.0009 0.0010 0.0009 0.0103 0.0121 0.0018 0.0087 
        TA18  2 0.0032 0.8971 0.0006 0.0008 0.0016 0.0016 0.0789 0.0122 0.0039 
        TA19  2 0.0108 0.8649 0.0014 0.0010 0.0279 0.0695 0.0101 0.0067 0.0076 
        TA20  2 0.0034 0.9353 0.0039 0.0019 0.0006 0.0031 0.0160 0.0018 0.0340 
        TA21  2 0.0084 0.9385 0.0212 0.0019 0.0010 0.0020 0.0125 0.0026 0.0119 
        TA22  2 0.0364 0.9474 0.0009 0.0010 0.0006 0.0012 0.0040 0.0010 0.0075 
        TA23  2 0.0212 0.9674 0.0010 0.0008 0.0008 0.0011 0.0035 0.0013 0.0030 
        TA24  2 0.0031 0.9600 0.0009 0.0011 0.0010 0.0077 0.0201 0.0017 0.0043 
        TA25  2 0.0081 0.8170 0.0011 0.0011 0.0016 0.0026 0.0127 0.1531 0.0026 
        TA26  2 0.0080 0.9486 0.0186 0.0023 0.0018 0.0046 0.0078 0.0056 0.0029 
        TA27  2 0.0041 0.9594 0.0013 0.0007 0.0028 0.0042 0.0203 0.0022 0.0051 
        TA28  2 0.0024 0.9354 0.0018 0.0091 0.0011 0.0014 0.0108 0.0013 0.0367 
        TA29  2 0.0323 0.9439 0.0014 0.0011 0.0012 0.0081 0.0063 0.0022 0.0035 
        TA30  2 0.0076 0.7499 0.1102 0.0021 0.1029 0.0085 0.0090 0.0022 0.0077 
      BERM01  3 0.9366 0.0014 0.0013 0.0006 0.0542 0.0008 0.0022 0.0012 0.0017 
      BERM02  3 0.9875 0.0021 0.0014 0.0007 0.0026 0.0007 0.0023 0.0010 0.0018 
      BERM03  3 0.9896 0.0012 0.0014 0.0007 0.0008 0.0010 0.0023 0.0013 0.0017 
      BERM04  3 0.9879 0.0010 0.0022 0.0008 0.0019 0.0011 0.0019 0.0015 0.0016 
      BERM05  3 0.9874 0.0011 0.0010 0.0010 0.0025 0.0012 0.0024 0.0015 0.0020 
      BERM06  3 0.9758 0.0020 0.0099 0.0009 0.0054 0.0010 0.0023 0.0010 0.0018 
      BERM07  3 0.9839 0.0019 0.0016 0.0007 0.0043 0.0016 0.0022 0.0019 0.0018 
      BERM08  3 0.9890 0.0014 0.0007 0.0008 0.0034 0.0008 0.0017 0.0010 0.0013 
      BERM09  3 0.6847 0.2076 0.0012 0.0006 0.0995 0.0010 0.0022 0.0014 0.0018 
      BERM10  3 0.9757 0.0022 0.0064 0.0013 0.0060 0.0019 0.0033 0.0013 0.0019 
      BERM11  3 0.9863 0.0035 0.0013 0.0008 0.0023 0.0008 0.0019 0.0014 0.0019 
      BERM12  3 0.9625 0.0038 0.0019 0.0182 0.0008 0.0062 0.0022 0.0023 0.0020 
      BERM13  3 0.9869 0.0016 0.0006 0.0007 0.0029 0.0012 0.0024 0.0016 0.0022 
      BERM14  3 0.9798 0.0025 0.0085 0.0007 0.0022 0.0010 0.0020 0.0016 0.0018 
      CROC01  3 0.9744 0.0017 0.0009 0.0011 0.0026 0.0036 0.0048 0.0023 0.0087 
      CROC02  3 0.9737 0.0025 0.0066 0.0020 0.0010 0.0010 0.0058 0.0019 0.0055 
      CROC03  3 0.9811 0.0030 0.0040 0.0022 0.0016 0.0014 0.0025 0.0014 0.0028 
      CROC04  3 0.9458 0.0334 0.0007 0.0006 0.0015 0.0010 0.0087 0.0013 0.0070 
      CROC05  3 0.9839 0.0015 0.0025 0.0008 0.0026 0.0008 0.0035 0.0023 0.0020 
      CROC06  3 0.9310 0.0045 0.0021 0.0013 0.0029 0.0012 0.0089 0.0331 0.0148 
      CROC07  3 0.9809 0.0044 0.0014 0.0008 0.0024 0.0017 0.0040 0.0016 0.0030 
      CROC08  3 0.9650 0.0018 0.0012 0.0019 0.0019 0.0019 0.0033 0.0031 0.0200 
      CROC09  3 0.9209 0.0014 0.0063 0.0011 0.0619 0.0007 0.0031 0.0011 0.0034 
      CROC10  3 0.9264 0.0015 0.0010 0.0009 0.0635 0.0008 0.0025 0.0020 0.0015 
      CROC11  3 0.9218 0.0015 0.0062 0.0012 0.0611 0.0007 0.0030 0.0010 0.0035 
     CROC110  3 0.9582 0.0057 0.0025 0.0007 0.0067 0.0016 0.0185 0.0015 0.0045 
     CROC116  3 0.9719 0.0036 0.0047 0.0020 0.0014 0.0019 0.0076 0.0017 0.0053 
      CROC12  3 0.9874 0.0013 0.0014 0.0007 0.0029 0.0007 0.0027 0.0011 0.0018 
     CROC123  3 0.9861 0.0016 0.0033 0.0008 0.0033 0.0006 0.0019 0.0008 0.0015 
      CROC13  3 0.9844 0.0013 0.0040 0.0020 0.0012 0.0012 0.0023 0.0020 0.0016 
      CROC14  3 0.8996 0.0024 0.0048 0.0011 0.0019 0.0006 0.0047 0.0826 0.0022 
      CROC15  3 0.8794 0.0025 0.0012 0.0069 0.0012 0.0011 0.0133 0.0129 0.0816 
      CROC16  3 0.9432 0.0012 0.0084 0.0052 0.0291 0.0013 0.0058 0.0018 0.0040 
      CROC17  3 0.9649 0.0226 0.0010 0.0008 0.0010 0.0007 0.0066 0.0010 0.0015 
      CROC18  3 0.9705 0.0028 0.0013 0.0071 0.0011 0.0022 0.0046 0.0011 0.0093 
      CROC19  3 0.9844 0.0026 0.0007 0.0009 0.0018 0.0017 0.0036 0.0017 0.0026 
     CROC198  3 0.9771 0.0014 0.0068 0.0008 0.0058 0.0019 0.0026 0.0018 0.0017 
      CROC20  3 0.9832 0.0014 0.0020 0.0013 0.0022 0.0012 0.0036 0.0016 0.0037 
     CROC202  3 0.9804 0.0015 0.0049 0.0030 0.0018 0.0019 0.0024 0.0020 0.0019 
      CROC21  3 0.9860 0.0018 0.0008 0.0009 0.0034 0.0010 0.0028 0.0015 0.0018 
     CROC216  3 0.9410 0.0233 0.0011 0.0012 0.0034 0.0010 0.0094 0.0014 0.0182 
      CROC22  3 0.9432 0.0058 0.0109 0.0011 0.0023 0.0209 0.0125 0.0015 0.0019 
      CROC23  3 0.9237 0.0089 0.0007 0.0010 0.0569 0.0011 0.0037 0.0015 0.0026 
      CROC24  3 0.9693 0.0023 0.0089 0.0017 0.0109 0.0009 0.0026 0.0012 0.0022 
      CROC25  3 0.9881 0.0016 0.0023 0.0007 0.0013 0.0008 0.0020 0.0014 0.0019 
     CROC259  3 0.9731 0.0085 0.0011 0.0010 0.0026 0.0010 0.0026 0.0085 0.0017 
      CROC26  3 0.9501 0.0378 0.0014 0.0009 0.0023 0.0015 0.0021 0.0018 0.0021 
      CROC27  3 0.9586 0.0243 0.0032 0.0009 0.0033 0.0014 0.0033 0.0013 0.0038 
      CROC28  3 0.8281 0.0295 0.1069 0.0007 0.0284 0.0008 0.0024 0.0015 0.0017 
      CROC29  3 0.9880 0.0016 0.0014 0.0009 0.0009 0.0009 0.0025 0.0012 0.0025 
      CROC30  3 0.9695 0.0024 0.0050 0.0016 0.0047 0.0010 0.0084 0.0015 0.0060 
      CROC31  3 0.9249 0.0277 0.0021 0.0009 0.0165 0.0011 0.0226 0.0017 0.0026 
      CROC32  3 0.9819 0.0014 0.0077 0.0007 0.0018 0.0010 0.0024 0.0015 0.0016 
      CROC33  3 0.9462 0.0080 0.0007 0.0013 0.0010 0.0010 0.0064 0.0008 0.0344 
      CROC34  3 0.9880 0.0017 0.0007 0.0008 0.0013 0.0012 0.0022 0.0017 0.0023 
      CROC35  3 0.9697 0.0132 0.0012 0.0011 0.0020 0.0006 0.0096 0.0012 0.0013 
      CROC36  3 0.9656 0.0012 0.0019 0.0009 0.0239 0.0008 0.0023 0.0016 0.0018 
      CROC57  3 0.9881 0.0012 0.0009 0.0008 0.0011 0.0010 0.0023 0.0026 0.0020 
      CROC81  3 0.9757 0.0016 0.0051 0.0045 0.0018 0.0010 0.0034 0.0015 0.0053 
      CROC84  3 0.9781 0.0030 0.0022 0.0038 0.0060 0.0021 0.0021 0.0013 0.0013 
        FW01  3 0.0011 0.0009 0.9913 0.0008 0.0006 0.0008 0.0018 0.0011 0.0016 
        FW02  3 0.0009 0.0008 0.0005 0.0005 0.9932 0.0006 0.0014 0.0009 0.0012 
        FW03  3 0.0010 0.0008 0.9926 0.0006 0.0007 0.0006 0.0014 0.0009 0.0013 
        FW04  3 0.0009 0.0007 0.0006 0.0005 0.9932 0.0006 0.0014 0.0009 0.0012 
        FW05  3 0.0010 0.0007 0.0005 0.0005 0.9932 0.0006 0.0014 0.0009 0.0012 
        FW06  3 0.0010 0.0008 0.0005 0.0005 0.9931 0.0006 0.0014 0.0009 0.0012 
        FW07  3 0.0010 0.0008 0.9927 0.0006 0.0006 0.0006 0.0014 0.0009 0.0013 
        FW08  3 0.0009 0.0007 0.0005 0.0005 0.9932 0.0006 0.0014 0.0009 0.0012 
        FW09  3 0.0010 0.0007 0.0005 0.0005 0.9932 0.0006 0.0014 0.0009 0.0012 
        FW10  3 0.0010 0.0008 0.9926 0.0006 0.0006 0.0006 0.0015 0.0009 0.0014 
       FW100  3 0.0010 0.0008 0.9925 0.0006 0.0008 0.0006 0.0014 0.0009 0.0013 
       FW101  3 0.0010 0.0008 0.9926 0.0006 0.0007 0.0006 0.0015 0.0009 0.0013 
       FW102  3 0.0010 0.0008 0.0005 0.0005 0.9932 0.0006 0.0014 0.0009 0.0012 
       FW103  3 0.0010 0.0007 0.0006 0.0005 0.9931 0.0006 0.0014 0.0009 0.0012 
       FW104  3 0.0012 0.0009 0.9912 0.0008 0.0006 0.0009 0.0018 0.0011 0.0016 
       FW105  3 0.0009 0.0008 0.9926 0.0006 0.0006 0.0007 0.0015 0.0009 0.0013 
       FW106  3 0.9568 0.0054 0.0019 0.0020 0.0140 0.0016 0.0056 0.0014 0.0113 
       FW107  3 0.0012 0.0009 0.9912 0.0008 0.0006 0.0008 0.0018 0.0011 0.0016 
       FW108  3 0.0010 0.0008 0.0005 0.0005 0.9930 0.0006 0.0014 0.0009 0.0012 
       FW109  3 0.0010 0.0008 0.9926 0.0006 0.0007 0.0006 0.0014 0.0009 0.0014 
        FW11  3 0.0010 0.0008 0.9924 0.0006 0.0008 0.0007 0.0015 0.0009 0.0013 
       FW110  3 0.0010 0.0009 0.9926 0.0006 0.0006 0.0007 0.0014 0.0009 0.0013 
       FW111  3 0.0009 0.0008 0.0005 0.0005 0.9932 0.0006 0.0014 0.0009 0.0012 
       FW112  3 0.0010 0.0009 0.9923 0.0006 0.0009 0.0007 0.0015 0.0009 0.0013 
       FW113  3 0.0010 0.0008 0.0005 0.0005 0.9932 0.0006 0.0014 0.0009 0.0012 
       FW114  3 0.0015 0.0022 0.9896 0.0007 0.0006 0.0007 0.0021 0.0009 0.0016 
       FW115  3 0.0010 0.0008 0.9927 0.0006 0.0006 0.0006 0.0014 0.0009 0.0013 
       FW116  3 0.0010 0.0008 0.0005 0.0005 0.9932 0.0006 0.0014 0.0009 0.0012 
        FW12  3 0.0010 0.0008 0.0005 0.0005 0.9932 0.0006 0.0014 0.0009 0.0012 
        FW13  3 0.0009 0.0008 0.0006 0.0005 0.9932 0.0006 0.0014 0.0009 0.0012 
        FW14  3 0.0012 0.0009 0.9912 0.0008 0.0006 0.0008 0.0018 0.0011 0.0016 
        FW15  3 0.0012 0.0009 0.9912 0.0008 0.0006 0.0008 0.0018 0.0011 0.0016 
        FW16  3 0.0010 0.0008 0.9926 0.0006 0.0007 0.0007 0.0014 0.0009 0.0013 
        FW17  3 0.0010 0.0009 0.9925 0.0006 0.0007 0.0007 0.0015 0.0009 0.0013 
        FW18  3 0.0010 0.0009 0.9923 0.0006 0.0008 0.0007 0.0015 0.0009 0.0013 
        FW19  3 0.0010 0.0008 0.0005 0.0005 0.9932 0.0006 0.0014 0.0009 0.0012 
        FW20  3 0.0010 0.0008 0.0005 0.0005 0.9932 0.0006 0.0014 0.0009 0.0012 
        FW21  3 0.0009 0.0007 0.0006 0.0005 0.9932 0.0006 0.0014 0.0009 0.0012 
        FW22  3 0.0010 0.0008 0.9924 0.0006 0.0008 0.0007 0.0015 0.0009 0.0013 
        FW23  3 0.0009 0.0008 0.0005 0.0005 0.9932 0.0006 0.0014 0.0009 0.0012 
        FW24  3 0.0009 0.0008 0.0006 0.0005 0.9932 0.0006 0.0014 0.0009 0.0012 
        FW25  3 0.0009 0.0008 0.0005 0.0005 0.9932 0.0006 0.0014 0.0009 0.0012 
        FW26  3 0.0010 0.0007 0.0005 0.0005 0.9932 0.0006 0.0013 0.0009 0.0012 
        FW27  3 0.0009 0.0008 0.9926 0.0006 0.0007 0.0006 0.0015 0.0009 0.0013 
        FW28  3 0.0009 0.0008 0.0005 0.0005 0.9932 0.0006 0.0014 0.0009 0.0012 
        FW29  3 0.0010 0.0008 0.0005 0.0005 0.9931 0.0006 0.0014 0.0009 0.0012 
        FW30  3 0.9563 0.0054 0.0019 0.0020 0.0147 0.0016 0.0057 0.0013 0.0109 
        FW32  3 0.0012 0.0009 0.9913 0.0008 0.0006 0.0008 0.0018 0.0010 0.0016 
        FW33  3 0.0094 0.0027 0.0006 0.0005 0.9729 0.0006 0.0112 0.0009 0.0012 
        FW34  3 0.0010 0.0007 0.0005 0.0005 0.9932 0.0006 0.0013 0.0009 0.0012 
        FW35  3 0.0010 0.0008 0.0005 0.0005 0.9932 0.0006 0.0014 0.0009 0.0012 
        FW36  3 0.0010 0.0007 0.0006 0.0005 0.9932 0.0006 0.0014 0.0009 0.0012 
        FW37  3 0.0009 0.0008 0.9926 0.0006 0.0006 0.0006 0.0015 0.0009 0.0013 
        FW51  3 0.0009 0.0007 0.0005 0.0005 0.9932 0.0006 0.0014 0.0009 0.0012 
        FW52  3 0.0009 0.0009 0.9925 0.0007 0.0006 0.0007 0.0015 0.0009 0.0014 
        FW53  3 0.0010 0.0008 0.0006 0.0005 0.9931 0.0006 0.0014 0.0009 0.0012 
        FW54  3 0.0010 0.0008 0.9926 0.0006 0.0007 0.0007 0.0014 0.0009 0.0013 
        FW55  3 0.0010 0.0008 0.0005 0.0005 0.9932 0.0006 0.0014 0.0009 0.0012 
        FW56  3 0.0009 0.0007 0.0005 0.0005 0.9932 0.0006 0.0014 0.0009 0.0012 
        FW57  3 0.0009 0.0008 0.0006 0.0005 0.9932 0.0006 0.0013 0.0009 0.0012 
        FW78  3 0.0009 0.0008 0.0005 0.0005 0.9932 0.0006 0.0013 0.0009 0.0012 
        FW79  3 0.0010 0.0008 0.0006 0.0005 0.9932 0.0006 0.0014 0.0009 0.0012 
        FW80  3 0.0009 0.0008 0.0005 0.0005 0.9932 0.0006 0.0014 0.0009 0.0012 
        FW81  3 0.0009 0.0008 0.9926 0.0006 0.0007 0.0007 0.0015 0.0009 0.0013 
        FW82  3 0.0010 0.0008 0.9926 0.0006 0.0007 0.0006 0.0015 0.0009 0.0013 
        FW83  3 0.0012 0.0009 0.9912 0.0008 0.0006 0.0008 0.0018 0.0011 0.0016 
        FW84  3 0.0010 0.0008 0.0005 0.0005 0.9931 0.0006 0.0014 0.0009 0.0012 
        FW85  3 0.0011 0.0043 0.9689 0.0101 0.0007 0.0006 0.0056 0.0009 0.0077 
        FW86  3 0.0010 0.0009 0.9924 0.0006 0.0008 0.0007 0.0014 0.0009 0.0013 
        FW87  3 0.0010 0.0008 0.9924 0.0006 0.0008 0.0006 0.0015 0.0009 0.0013 
        FW88  3 0.0009 0.0008 0.0005 0.0005 0.9932 0.0006 0.0014 0.0009 0.0012 
        FW89  3 0.0010 0.0008 0.0005 0.0005 0.9932 0.0006 0.0014 0.0009 0.0012 
        FW90  3 0.0009 0.0008 0.0005 0.0005 0.9932 0.0006 0.0014 0.0009 0.0012 
        FW91  3 0.0009 0.0008 0.9926 0.0006 0.0006 0.0006 0.0015 0.0009 0.0013 
        FW92  3 0.0010 0.0008 0.0006 0.0005 0.9932 0.0006 0.0014 0.0009 0.0012 
        FW93  3 0.0009 0.0008 0.0005 0.0005 0.9932 0.0006 0.0014 0.0009 0.0012 
        FW94  3 0.0010 0.0008 0.9926 0.0006 0.0006 0.0006 0.0015 0.0009 0.0013 
        FW95  3 0.0010 0.0008 0.0005 0.0005 0.9931 0.0006 0.0014 0.0009 0.0012 
        FW96  3 0.0010 0.0008 0.0006 0.0005 0.9931 0.0006 0.0014 0.0009 0.0012 
        FW97  3 0.9705 0.0024 0.0056 0.0014 0.0055 0.0031 0.0037 0.0038 0.0040 
        FW98  3 0.0009 0.0008 0.9927 0.0006 0.0007 0.0006 0.0014 0.0009 0.0013 
        FW99  3 0.0010 0.0007 0.0005 0.0005 0.9932 0.0006 0.0014 0.0009 0.0012 
       Cal01  3 0.7780 0.0022 0.0008 0.0009 0.2096 0.0012 0.0028 0.0015 0.0031 
       Cal02  3 0.9835 0.0015 0.0017 0.0010 0.0049 0.0010 0.0030 0.0014 0.0021 
       Cal03  3 0.9098 0.0016 0.0444 0.0012 0.0353 0.0008 0.0031 0.0008 0.0029 
       Cal04  3 0.9849 0.0014 0.0015 0.0014 0.0007 0.0027 0.0033 0.0014 0.0027 
       Cal05  3 0.9851 0.0036 0.0031 0.0007 0.0030 0.0008 0.0016 0.0008 0.0014 
       Cal06  3 0.9840 0.0028 0.0007 0.0008 0.0026 0.0008 0.0039 0.0021 0.0023 
       Cal07  3 0.9744 0.0053 0.0009 0.0006 0.0137 0.0006 0.0018 0.0010 0.0015 
       Cal08  3 0.9399 0.0020 0.0075 0.0012 0.0361 0.0024 0.0045 0.0033 0.0031 
       Cal09  3 0.9280 0.0167 0.0016 0.0020 0.0417 0.0011 0.0059 0.0012 0.0017 
       Cal10  3 0.9858 0.0018 0.0020 0.0010 0.0008 0.0012 0.0034 0.0010 0.0030 
       Cal11  3 0.9512 0.0037 0.0058 0.0009 0.0091 0.0021 0.0038 0.0207 0.0026 
      Cal197  3 0.6536 0.0022 0.0009 0.0006 0.3352 0.0006 0.0035 0.0010 0.0024 
      Cal198  3 0.8870 0.0175 0.0199 0.0007 0.0047 0.0017 0.0065 0.0010 0.0609 
      Cal199  3 0.9689 0.0015 0.0012 0.0010 0.0011 0.0203 0.0023 0.0011 0.0026 
      Cal200  3 0.9495 0.0211 0.0048 0.0020 0.0026 0.0007 0.0073 0.0019 0.0102 
      Cal201  3 0.9731 0.0043 0.0036 0.0006 0.0122 0.0007 0.0027 0.0012 0.0016 
      Cal202  3 0.9446 0.0019 0.0015 0.0068 0.0044 0.0066 0.0133 0.0013 0.0197 
      Cal203  3 0.9832 0.0014 0.0056 0.0009 0.0009 0.0011 0.0023 0.0025 0.0021 
      Cal204  3 0.9889 0.0016 0.0006 0.0010 0.0011 0.0009 0.0023 0.0015 0.0021 
      Cal205  3 0.9873 0.0016 0.0015 0.0008 0.0022 0.0010 0.0026 0.0008 0.0021 
      Cal206  3 0.9844 0.0017 0.0024 0.0013 0.0026 0.0009 0.0032 0.0012 0.0023 
      Cal207  3 0.9864 0.0019 0.0006 0.0006 0.0021 0.0007 0.0022 0.0009 0.0046 
      Cal208  3 0.9725 0.0011 0.0070 0.0008 0.0110 0.0012 0.0025 0.0015 0.0024 
      Cal209  3 0.9832 0.0013 0.0013 0.0008 0.0080 0.0009 0.0019 0.0011 0.0015 
      Cal210  3 0.9685 0.0015 0.0013 0.0010 0.0010 0.0207 0.0023 0.0011 0.0026 
      Cal211  3 0.9804 0.0024 0.0007 0.0006 0.0102 0.0008 0.0022 0.0011 0.0018 
      Cal212  3 0.9858 0.0021 0.0027 0.0008 0.0015 0.0010 0.0025 0.0010 0.0025 
      Cal213  3 0.7789 0.0845 0.0658 0.0008 0.0111 0.0010 0.0130 0.0008 0.0441 
      Cal214  3 0.9749 0.0011 0.0013 0.0010 0.0005 0.0104 0.0068 0.0012 0.0028 
      Cal215  3 0.9733 0.0016 0.0017 0.0018 0.0114 0.0030 0.0030 0.0017 0.0024 
      Cal216  3 0.9150 0.0034 0.0075 0.0012 0.0639 0.0007 0.0035 0.0014 0.0035 
      Cal217  3 0.9802 0.0019 0.0014 0.0006 0.0103 0.0007 0.0023 0.0012 0.0015 
      Cal218  3 0.9811 0.0032 0.0047 0.0008 0.0037 0.0010 0.0025 0.0010 0.0021 
      Cal219  3 0.9710 0.0018 0.0035 0.0008 0.0151 0.0012 0.0033 0.0014 0.0019 
      Cal220  3 0.9710 0.0020 0.0010 0.0007 0.0061 0.0031 0.0048 0.0035 0.0078 
      Cal221  3 0.9842 0.0019 0.0034 0.0008 0.0026 0.0016 0.0021 0.0009 0.0024 
      Cal222  3 0.9845 0.0019 0.0019 0.0008 0.0015 0.0037 0.0022 0.0012 0.0023 
      Cal223  3 0.9140 0.0557 0.0036 0.0009 0.0010 0.0023 0.0094 0.0028 0.0103 
      Cal224  3 0.9154 0.0021 0.0008 0.0043 0.0009 0.0013 0.0031 0.0024 0.0696 
       Cal33  3 0.9878 0.0014 0.0017 0.0008 0.0018 0.0009 0.0030 0.0010 0.0017 
       Cal34  3 0.9844 0.0023 0.0028 0.0011 0.0014 0.0010 0.0034 0.0011 0.0025 
       Cal35  3 0.9896 0.0017 0.0009 0.0008 0.0015 0.0007 0.0022 0.0010 0.0017 
       Cal37  3 0.9800 0.0037 0.0014 0.0009 0.0017 0.0008 0.0082 0.0010 0.0024 
       Cal38  3 0.7074 0.0022 0.0007 0.0005 0.2837 0.0009 0.0020 0.0011 0.0015 
       Cal39  3 0.9492 0.0025 0.0248 0.0014 0.0150 0.0019 0.0021 0.0014 0.0016 
       Cal40  3 0.9827 0.0013 0.0013 0.0008 0.0084 0.0009 0.0019 0.0012 0.0015 
       Cal41  3 0.9869 0.0014 0.0014 0.0008 0.0040 0.0009 0.0019 0.0012 0.0015 
       Cal42  3 0.9880 0.0012 0.0009 0.0009 0.0022 0.0011 0.0024 0.0017 0.0017 
       Cal43  3 0.9877 0.0017 0.0016 0.0006 0.0014 0.0010 0.0026 0.0012 0.0022 
       Cal44  3 0.9713 0.0024 0.0048 0.0010 0.0047 0.0014 0.0029 0.0015 0.0100 
        BW41  3 0.9587 0.0027 0.0010 0.0241 0.0012 0.0016 0.0043 0.0015 0.0049 
        BW42  3 0.9635 0.0025 0.0216 0.0008 0.0014 0.0009 0.0053 0.0013 0.0026 
        BW44  3 0.9863 0.0041 0.0014 0.0006 0.0007 0.0008 0.0023 0.0015 0.0022 
        BW45  3 0.9892 0.0026 0.0011 0.0005 0.0018 0.0006 0.0016 0.0011 0.0014 
        BW46  3 0.9520 0.0026 0.0322 0.0015 0.0020 0.0009 0.0041 0.0011 0.0036 
        BW47  3 0.9194 0.0057 0.0012 0.0127 0.0364 0.0014 0.0040 0.0010 0.0183 
        BW48  3 0.9751 0.0035 0.0062 0.0016 0.0015 0.0027 0.0044 0.0023 0.0028 
        BW49  3 0.9766 0.0055 0.0007 0.0006 0.0099 0.0008 0.0026 0.0017 0.0016 
        BW50  3 0.9808 0.0014 0.0036 0.0010 0.0070 0.0009 0.0023 0.0013 0.0019 
        BW51  3 0.9014 0.0361 0.0344 0.0008 0.0207 0.0010 0.0026 0.0012 0.0019 
        BW52  3 0.9830 0.0014 0.0022 0.0007 0.0026 0.0009 0.0023 0.0052 0.0017 
        BW53  3 0.9693 0.0034 0.0013 0.0008 0.0020 0.0007 0.0083 0.0010 0.0131 
        BW54  3 0.8592 0.0092 0.0044 0.0028 0.0034 0.0050 0.0061 0.0017 0.1081 
        BW55  3 0.9677 0.0033 0.0157 0.0015 0.0015 0.0012 0.0033 0.0019 0.0040 
        BW56  3 0.9888 0.0016 0.0007 0.0014 0.0018 0.0007 0.0022 0.0012 0.0017 
        BW57  3 0.9838 0.0020 0.0011 0.0008 0.0046 0.0008 0.0034 0.0011 0.0024 
        BW58  3 0.9800 0.0027 0.0061 0.0008 0.0031 0.0009 0.0028 0.0011 0.0025 
        BW59  3 0.9189 0.0020 0.0028 0.0008 0.0690 0.0009 0.0031 0.0010 0.0015 
        BW60  3 0.9852 0.0016 0.0053 0.0008 0.0011 0.0008 0.0021 0.0013 0.0018 
        BW61  3 0.8907 0.0056 0.0102 0.0630 0.0096 0.0009 0.0158 0.0018 0.0023 
        BW62  3 0.9734 0.0030 0.0098 0.0018 0.0014 0.0008 0.0029 0.0012 0.0056 
        BW63  3 0.8878 0.0192 0.0133 0.0010 0.0010 0.0013 0.0068 0.0012 0.0683 
        BW64  3 0.9356 0.0021 0.0129 0.0007 0.0426 0.0007 0.0022 0.0011 0.0020 
        BW65  3 0.9684 0.0055 0.0012 0.0040 0.0008 0.0018 0.0071 0.0021 0.0090 
        BW66  3 0.9787 0.0043 0.0044 0.0015 0.0018 0.0010 0.0021 0.0040 0.0022 
        BW67  3 0.9197 0.0679 0.0013 0.0007 0.0027 0.0007 0.0020 0.0012 0.0038 
        BW68  3 0.9818 0.0035 0.0021 0.0016 0.0019 0.0009 0.0042 0.0010 0.0030 
        BW69  3 0.9491 0.0016 0.0040 0.0371 0.0011 0.0012 0.0024 0.0014 0.0020 
        BW70  3 0.9769 0.0045 0.0025 0.0007 0.0067 0.0014 0.0029 0.0017 0.0028 
        BW71  3 0.9668 0.0017 0.0006 0.0006 0.0251 0.0008 0.0018 0.0014 0.0012 
        BW72  3 0.9689 0.0026 0.0011 0.0034 0.0040 0.0018 0.0072 0.0028 0.0082 
        BW73  3 0.9286 0.0032 0.0007 0.0140 0.0042 0.0012 0.0177 0.0284 0.0018 
        BW74  3 0.9570 0.0093 0.0168 0.0018 0.0018 0.0019 0.0066 0.0014 0.0033 
        BW75  3 0.9533 0.0051 0.0008 0.0007 0.0101 0.0010 0.0087 0.0161 0.0041 
        BW76  3 0.9863 0.0019 0.0007 0.0018 0.0011 0.0016 0.0025 0.0015 0.0026 
        BW77  3 0.9092 0.0383 0.0018 0.0017 0.0069 0.0007 0.0217 0.0014 0.0183 
        BW78  3 0.9864 0.0025 0.0028 0.0008 0.0008 0.0016 0.0018 0.0014 0.0018 
        BW79  3 0.9695 0.0021 0.0018 0.0008 0.0169 0.0012 0.0042 0.0013 0.0022 
        BW80  3 0.9843 0.0017 0.0042 0.0007 0.0017 0.0007 0.0032 0.0012 0.0023 
        BW81  3 0.9781 0.0025 0.0092 0.0008 0.0015 0.0007 0.0031 0.0011 0.0030 
       BWS05  3 0.9366 0.0104 0.0210 0.0078 0.0046 0.0022 0.0088 0.0026 0.0060 
       BWS06  3 0.8116 0.0030 0.1735 0.0009 0.0019 0.0022 0.0026 0.0016 0.0026 
       BWS07  3 0.9477 0.0040 0.0010 0.0006 0.0226 0.0009 0.0206 0.0008 0.0017 
       BWS08  3 0.9656 0.0121 0.0006 0.0063 0.0008 0.0014 0.0036 0.0044 0.0051 
       BWS09  3 0.9731 0.0015 0.0009 0.0006 0.0182 0.0008 0.0018 0.0010 0.0020 
       BWS10  3 0.9593 0.0047 0.0022 0.0009 0.0020 0.0016 0.0030 0.0015 0.0248 
       BWS11  3 0.9875 0.0012 0.0005 0.0007 0.0038 0.0009 0.0024 0.0012 0.0017 
       BWS12  3 0.9780 0.0026 0.0049 0.0010 0.0012 0.0011 0.0043 0.0028 0.0040 
       BWS13  3 0.8923 0.0014 0.0952 0.0007 0.0009 0.0011 0.0023 0.0015 0.0048 
       BWS14  3 0.7895 0.0020 0.1986 0.0010 0.0015 0.0009 0.0034 0.0009 0.0021 
       BWS15  3 0.9767 0.0021 0.0005 0.0011 0.0040 0.0033 0.0045 0.0039 0.0039 
       BWS16  3 0.9813 0.0072 0.0026 0.0009 0.0011 0.0010 0.0022 0.0011 0.0026 
       BWS17  3 0.9875 0.0016 0.0009 0.0015 0.0009 0.0011 0.0024 0.0015 0.0025 
       BWS18  3 0.9594 0.0026 0.0014 0.0009 0.0043 0.0039 0.0045 0.0010 0.0220 
       BWS19  3 0.9522 0.0028 0.0024 0.0101 0.0079 0.0028 0.0133 0.0013 0.0071 
       BWS20  3 0.9827 0.0055 0.0023 0.0007 0.0031 0.0007 0.0020 0.0013 0.0017 
       BWS21  3 0.9031 0.0096 0.0122 0.0016 0.0007 0.0038 0.0187 0.0020 0.0482 
       BWS22  3 0.9834 0.0020 0.0019 0.0008 0.0043 0.0008 0.0027 0.0011 0.0030 
       BWS23  3 0.9699 0.0024 0.0014 0.0010 0.0014 0.0018 0.0037 0.0010 0.0175 
       BWS24  3 0.9768 0.0034 0.0007 0.0010 0.0010 0.0028 0.0099 0.0017 0.0028 
       BWS25  3 0.9796 0.0012 0.0013 0.0016 0.0011 0.0010 0.0117 0.0010 0.0014 
       BWS26  3 0.9853 0.0019 0.0027 0.0010 0.0012 0.0008 0.0031 0.0019 0.0021 
       BWS27  3 0.9871 0.0031 0.0017 0.0006 0.0012 0.0008 0.0028 0.0010 0.0016 
       BWS28  3 0.9323 0.0030 0.0372 0.0016 0.0018 0.0013 0.0121 0.0015 0.0092 
       BWS29  3 0.9744 0.0045 0.0088 0.0018 0.0007 0.0017 0.0032 0.0021 0.0029 
       BWS30  3 0.9130 0.0018 0.0009 0.0008 0.0766 0.0008 0.0022 0.0012 0.0027 
       BWS31  3 0.9795 0.0072 0.0011 0.0034 0.0016 0.0010 0.0027 0.0009 0.0025 
       BWS32  3 0.9738 0.0055 0.0078 0.0008 0.0017 0.0020 0.0044 0.0018 0.0022 
       BWS33  3 0.9793 0.0014 0.0020 0.0018 0.0030 0.0016 0.0046 0.0015 0.0047 
       BWS34  3 0.9333 0.0038 0.0455 0.0019 0.0008 0.0010 0.0040 0.0021 0.0077 
       BWS35  3 0.9755 0.0025 0.0055 0.0011 0.0013 0.0038 0.0036 0.0019 0.0048 
       BWS36  3 0.9848 0.0013 0.0027 0.0009 0.0035 0.0009 0.0019 0.0025 0.0015 
       BWS37  3 0.9795 0.0039 0.0036 0.0035 0.0011 0.0011 0.0034 0.0010 0.0029 
       BWS38  3 0.9740 0.0038 0.0029 0.0011 0.0080 0.0015 0.0034 0.0023 0.0031 
       BWS39  3 0.9615 0.0054 0.0009 0.0007 0.0247 0.0009 0.0023 0.0015 0.0021 
       BWS40  3 0.9831 0.0013 0.0026 0.0011 0.0035 0.0019 0.0021 0.0026 0.0019 
       BWN01  3 0.9813 0.0040 0.0049 0.0012 0.0020 0.0012 0.0022 0.0014 0.0019 
       BWN02  3 0.9235 0.0413 0.0011 0.0008 0.0275 0.0008 0.0021 0.0010 0.0018 
       BWN03  3 0.9725 0.0020 0.0008 0.0031 0.0020 0.0016 0.0063 0.0036 0.0082 
       BWN04  3 0.9733 0.0063 0.0033 0.0016 0.0023 0.0007 0.0032 0.0065 0.0027 
        NC01  4 0.0375 0.8699 0.0084 0.0007 0.0087 0.0007 0.0681 0.0017 0.0043 
        NC02  4 0.0045 0.9776 0.0021 0.0026 0.0021 0.0011 0.0049 0.0023 0.0029 
        NC03  4 0.0019 0.9697 0.0008 0.0007 0.0012 0.0008 0.0083 0.0010 0.0155 
        NC04  4 0.0039 0.9829 0.0012 0.0009 0.0007 0.0021 0.0048 0.0013 0.0021 
        NC05  4 0.0345 0.8807 0.0009 0.0018 0.0010 0.0073 0.0608 0.0029 0.0102 
        NC06  4 0.0203 0.9406 0.0016 0.0219 0.0030 0.0015 0.0078 0.0010 0.0023 
        NC07  4 0.0043 0.9778 0.0055 0.0009 0.0014 0.0024 0.0046 0.0012 0.0020 
        NC08  4 0.0034 0.9806 0.0011 0.0012 0.0013 0.0014 0.0049 0.0030 0.0031 
        NC09  4 0.0036 0.9787 0.0009 0.0008 0.0008 0.0018 0.0039 0.0033 0.0062 
        NC10  4 0.0346 0.9541 0.0014 0.0007 0.0021 0.0006 0.0025 0.0022 0.0018 
        NC11  4 0.0459 0.9234 0.0028 0.0018 0.0019 0.0029 0.0125 0.0035 0.0052 
        NC12  4 0.0045 0.9802 0.0027 0.0031 0.0006 0.0009 0.0040 0.0010 0.0031 
        NC13  4 0.0031 0.9100 0.0010 0.0007 0.0010 0.0015 0.0072 0.0009 0.0746 
        NC14  4 0.0030 0.9501 0.0019 0.0010 0.0010 0.0011 0.0375 0.0020 0.0024 
        NC15  4 0.0063 0.9657 0.0019 0.0027 0.0012 0.0018 0.0078 0.0018 0.0109 
        NC16  4 0.0255 0.9168 0.0011 0.0007 0.0038 0.0007 0.0460 0.0016 0.0039 
        NC18  4 0.0033 0.9733 0.0015 0.0009 0.0012 0.0009 0.0051 0.0104 0.0035 
        NC19  4 0.0016 0.9896 0.0013 0.0007 0.0006 0.0007 0.0023 0.0010 0.0021 
        NC20  4 0.0149 0.9601 0.0018 0.0015 0.0025 0.0017 0.0036 0.0091 0.0047 
        NC21  4 0.0031 0.9629 0.0032 0.0009 0.0063 0.0009 0.0080 0.0010 0.0137 
        NC22  4 0.0029 0.9835 0.0040 0.0016 0.0010 0.0014 0.0019 0.0018 0.0019 
        NC23  4 0.0026 0.9777 0.0014 0.0008 0.0010 0.0011 0.0086 0.0037 0.0032 
        NC24  4 0.0024 0.9807 0.0043 0.0017 0.0008 0.0023 0.0035 0.0022 0.0021 
      SAND01  4 0.0084 0.9798 0.0007 0.0007 0.0043 0.0012 0.0019 0.0011 0.0019 
      SAND02  4 0.0113 0.9418 0.0199 0.0021 0.0184 0.0015 0.0021 0.0010 0.0018 
      SAND03  4 0.0123 0.9484 0.0115 0.0007 0.0219 0.0009 0.0019 0.0010 0.0015 
      SAND04  4 0.0024 0.9145 0.0716 0.0008 0.0050 0.0010 0.0020 0.0009 0.0018 
      SAND05  4 0.0054 0.9711 0.0124 0.0008 0.0043 0.0009 0.0021 0.0011 0.0018 
      SAND06  4 0.0049 0.8824 0.0107 0.0009 0.0952 0.0008 0.0023 0.0009 0.0019 
      SAND07  4 0.0349 0.8990 0.0023 0.0008 0.0558 0.0017 0.0021 0.0015 0.0019 
      SAND08  4 0.0076 0.9590 0.0197 0.0009 0.0077 0.0007 0.0018 0.0012 0.0015 
      SAND09  4 0.0530 0.9270 0.0045 0.0010 0.0073 0.0011 0.0024 0.0012 0.0025 
      SAND10  4 0.0048 0.9346 0.0025 0.0008 0.0509 0.0009 0.0022 0.0016 0.0017 
      SAND11  4 0.0085 0.9787 0.0026 0.0012 0.0015 0.0011 0.0025 0.0013 0.0025 
      SAND12  4 0.0063 0.9427 0.0083 0.0008 0.0359 0.0008 0.0021 0.0013 0.0019 
      SAND13  4 0.0050 0.9393 0.0026 0.0008 0.0460 0.0009 0.0022 0.0015 0.0016 
      SAND14  4 0.0179 0.9004 0.0025 0.0012 0.0715 0.0011 0.0023 0.0015 0.0018 
      SAND15  4 0.0082 0.9635 0.0066 0.0008 0.0152 0.0009 0.0020 0.0009 0.0019 
      SAND16  4 0.0976 0.8597 0.0018 0.0008 0.0335 0.0010 0.0028 0.0009 0.0020 
      SAND17  4 0.0516 0.9346 0.0014 0.0009 0.0049 0.0013 0.0023 0.0012 0.0019 
      SAND18  4 0.0147 0.8645 0.0122 0.0009 0.1019 0.0007 0.0023 0.0010 0.0018 
      SAND19  4 0.0064 0.7910 0.0110 0.0007 0.1853 0.0009 0.0021 0.0008 0.0018 
      SAND20  4 0.0065 0.9764 0.0043 0.0006 0.0064 0.0010 0.0017 0.0016 0.0016 
      SAND21  4 0.0260 0.7071 0.0037 0.0009 0.2555 0.0013 0.0022 0.0013 0.0019 
      SAND22  4 0.0045 0.9835 0.0027 0.0005 0.0040 0.0008 0.0016 0.0010 0.0015 
      SAND23  4 0.0376 0.6239 0.0967 0.0018 0.2327 0.0009 0.0029 0.0009 0.0026 
      SAND24  4 0.9783 0.0018 0.0059 0.0031 0.0010 0.0012 0.0042 0.0012 0.0033 
      SAND25  4 0.0041 0.9824 0.0024 0.0009 0.0033 0.0010 0.0025 0.0014 0.0019 
      SAND26  4 0.0048 0.9840 0.0010 0.0006 0.0044 0.0009 0.0017 0.0010 0.0015 
      SAND27  4 0.0048 0.9713 0.0135 0.0009 0.0018 0.0008 0.0026 0.0017 0.0027 
      SAND28  4 0.0110 0.9363 0.0395 0.0009 0.0062 0.0008 0.0022 0.0013 0.0018 
      SAND29  4 0.0100 0.7354 0.0105 0.0007 0.2372 0.0008 0.0023 0.0012 0.0019 
      SAND30  4 0.0317 0.9247 0.0019 0.0006 0.0351 0.0008 0.0023 0.0011 0.0018 
      SAND31  4 0.0054 0.9786 0.0010 0.0005 0.0086 0.0008 0.0020 0.0015 0.0016 
      SAND32  4 0.0016 0.9785 0.0113 0.0009 0.0020 0.0008 0.0021 0.0010 0.0018 
      SAND33  4 0.0144 0.8839 0.0253 0.0007 0.0695 0.0015 0.0017 0.0013 0.0017 
      SAND34  4 0.0069 0.9646 0.0075 0.0008 0.0140 0.0007 0.0025 0.0009 0.0020 
      SAND35  4 0.0021 0.9309 0.0028 0.0006 0.0584 0.0011 0.0015 0.0011 0.0014 
      SAND36  4 0.0462 0.9265 0.0153 0.0011 0.0048 0.0008 0.0023 0.0011 0.0018 
      SAND37  4 0.1008 0.7995 0.0098 0.0009 0.0821 0.0008 0.0028 0.0011 0.0022 
      SAND38  4 0.0043 0.9815 0.0025 0.0008 0.0045 0.0011 0.0021 0.0014 0.0018 
      SAND39  4 0.0067 0.9693 0.0026 0.0007 0.0148 0.0007 0.0025 0.0010 0.0016 
      SAND40  4 0.0062 0.8661 0.0229 0.0014 0.0959 0.0008 0.0029 0.0014 0.0024 
      SAND41  4 0.0035 0.9764 0.0082 0.0008 0.0055 0.0009 0.0019 0.0011 0.0018 
      SAND42  4 0.0392 0.9289 0.0125 0.0009 0.0119 0.0011 0.0025 0.0012 0.0019 
      SAND43  4 0.1555 0.8104 0.0137 0.0011 0.0110 0.0016 0.0029 0.0013 0.0026 
      SAND44  4 0.0028 0.9804 0.0048 0.0006 0.0059 0.0008 0.0017 0.0015 0.0015 
       Hon01  5 0.0011 0.9809 0.0006 0.0017 0.0006 0.0032 0.0042 0.0033 0.0044 
       Hon02  5 0.0128 0.9369 0.0008 0.0016 0.0366 0.0008 0.0043 0.0012 0.0050 
       Hon03  5 0.0017 0.7979 0.0005 0.0311 0.0491 0.0337 0.0226 0.0144 0.0492 
       Hon04  5 0.0020 0.9767 0.0006 0.0010 0.0018 0.0020 0.0052 0.0023 0.0085 
       Hon05  5 0.0021 0.9840 0.0009 0.0021 0.0009 0.0011 0.0038 0.0023 0.0029 
       Hon06  5 0.0010 0.9873 0.0008 0.0006 0.0012 0.0023 0.0029 0.0014 0.0025 
       Hon07  5 0.0018 0.9834 0.0007 0.0014 0.0009 0.0020 0.0030 0.0037 0.0030 
       Hon08  5 0.0016 0.9858 0.0009 0.0008 0.0007 0.0010 0.0030 0.0012 0.0050 
       Hon09  5 0.0019 0.8116 0.0005 0.0024 0.1712 0.0015 0.0028 0.0033 0.0047 
       Hon10  5 0.0016 0.8995 0.0009 0.0039 0.0011 0.0104 0.0037 0.0737 0.0053 
       Hon11  5 0.0080 0.8834 0.0008 0.0017 0.0007 0.0077 0.0881 0.0041 0.0054 
       Hon12  5 0.0069 0.9247 0.0006 0.0025 0.0442 0.0036 0.0025 0.0082 0.0069 
       Hon13  5 0.0025 0.9820 0.0007 0.0024 0.0007 0.0012 0.0055 0.0026 0.0024 
       Hon14  5 0.0015 0.9514 0.0008 0.0202 0.0008 0.0012 0.0087 0.0027 0.0128 
       Hon15  5 0.0009 0.9726 0.0005 0.0012 0.0013 0.0037 0.0041 0.0018 0.0138 
       Hon16  5 0.0016 0.9857 0.0009 0.0008 0.0007 0.0009 0.0032 0.0012 0.0050 
       Hon17  5 0.0013 0.9868 0.0009 0.0007 0.0008 0.0009 0.0036 0.0015 0.0035 
       Hon18  5 0.0031 0.9798 0.0007 0.0008 0.0029 0.0011 0.0050 0.0019 0.0046 
       Hon19  5 0.0021 0.9399 0.0008 0.0009 0.0011 0.0017 0.0037 0.0127 0.0371 
       Hon20  5 0.0018 0.9504 0.0010 0.0009 0.0007 0.0094 0.0253 0.0044 0.0059 
      ERIN01  6 0.0008 0.0007 0.0004 0.0008 0.0005 0.0010 0.0018 0.9923 0.0016 
      ERIN02  6 0.0008 0.0007 0.0004 0.0008 0.0005 0.0010 0.0018 0.9923 0.0016 
      ERIN03  6 0.0008 0.0007 0.0004 0.0008 0.0005 0.0010 0.0018 0.9924 0.0016 
      ERIN04  6 0.0008 0.0007 0.0005 0.0008 0.0005 0.0010 0.0018 0.9923 0.0016 
      ERIN05  6 0.0008 0.0007 0.0004 0.0008 0.0005 0.0010 0.0018 0.9922 0.0017 
      ERIN06  6 0.0008 0.0007 0.0004 0.0008 0.0005 0.0010 0.0018 0.9923 0.0016 
      ERIN07  6 0.0008 0.0007 0.0004 0.0008 0.0005 0.0010 0.0018 0.9924 0.0016 
      ERIN08  6 0.0008 0.0007 0.0004 0.0008 0.0005 0.0010 0.0018 0.9924 0.0016 
      ERIN09  6 0.0008 0.0007 0.0005 0.0008 0.0005 0.0010 0.0018 0.9923 0.0016 
      ERIN10  6 0.0008 0.0007 0.0004 0.0008 0.0005 0.0010 0.0018 0.9923 0.0016 
      ERIN11  6 0.0008 0.0031 0.0004 0.0009 0.0005 0.0010 0.0171 0.9745 0.0016 
      ERIN12  6 0.0008 0.0007 0.0004 0.0008 0.0005 0.0010 0.0018 0.9923 0.0016 
      ERIN13  6 0.0008 0.0007 0.0004 0.0008 0.0005 0.0010 0.0018 0.9923 0.0016 
      ERIN14  6 0.0008 0.0007 0.0004 0.0008 0.0005 0.0010 0.0018 0.9924 0.0016 
      ERIN15  6 0.0008 0.0007 0.0004 0.0008 0.0005 0.0010 0.0018 0.9923 0.0017 
      ERIN16  6 0.0008 0.0007 0.0004 0.0008 0.0005 0.0010 0.0020 0.9922 0.0016 
      ERIN17  6 0.0008 0.0007 0.0005 0.0008 0.0005 0.0010 0.0018 0.9923 0.0016 
      ERIN18  6 0.0008 0.0007 0.0004 0.0008 0.0005 0.0011 0.0018 0.9923 0.0016 
      ERIN19  6 0.0008 0.0007 0.0004 0.0008 0.0005 0.0010 0.0018 0.9923 0.0016 
      ERIN20  6 0.0008 0.0007 0.0004 0.0008 0.0005 0.0010 0.0018 0.9923 0.0016 
      ERIN21  6 0.0008 0.0010 0.0004 0.0088 0.0005 0.0083 0.0022 0.9763 0.0016 
      ERIN22  6 0.0008 0.0007 0.0004 0.0008 0.0005 0.0010 0.0018 0.9924 0.0016 
      ERIN23  6 0.0008 0.0007 0.0004 0.0008 0.0005 0.0010 0.0018 0.9922 0.0016 
      ERIN24  6 0.0008 0.0007 0.0004 0.0008 0.0005 0.0010 0.0018 0.9923 0.0016 
      ERIN25  6 0.0008 0.0010 0.0004 0.0081 0.0005 0.0092 0.0022 0.9761 0.0016 
      ERIN26  6 0.0008 0.0007 0.0004 0.0008 0.0005 0.0010 0.0018 0.9923 0.0016 
      ERIN27  6 0.0008 0.0007 0.0004 0.0008 0.0005 0.0010 0.0018 0.9924 0.0016 
      ERIN28  6 0.0008 0.0007 0.0004 0.0008 0.0005 0.0011 0.0018 0.9922 0.0016 
      ERIN29  6 0.0008 0.0007 0.0004 0.0008 0.0005 0.0010 0.0018 0.9923 0.0016 
      ERIN30  6 0.0008 0.0007 0.0004 0.0008 0.0005 0.0010 0.0018 0.9923 0.0016 
      ERIN31  6 0.0008 0.0007 0.0004 0.0008 0.0005 0.0011 0.0018 0.9923 0.0016 
      ERIN32  6 0.0008 0.0007 0.0004 0.0008 0.0005 0.0010 0.0018 0.9924 0.0016 
      ERIN33  6 0.0008 0.0007 0.0004 0.0008 0.0005 0.0010 0.0018 0.9924 0.0016 
      ERIN34  6 0.0008 0.0007 0.0004 0.0008 0.0005 0.0011 0.0018 0.9923 0.0016 
      ERIN35  6 0.0008 0.0007 0.0004 0.0008 0.0005 0.0010 0.0018 0.9923 0.0016 
      ERIN38  6 0.0008 0.0007 0.0004 0.0008 0.0005 0.0010 0.0019 0.9922 0.0017 
      ERIN39  6 0.0008 0.0007 0.0004 0.0008 0.0005 0.0010 0.0019 0.9923 0.0016 
      ERIN40  6 0.0008 0.0007 0.0004 0.0008 0.0005 0.0010 0.0018 0.9923 0.0016 
      ERIN41  6 0.0008 0.0007 0.0004 0.0008 0.0005 0.0011 0.0018 0.9923 0.0016 
      ERIN42  6 0.0008 0.0007 0.0004 0.0008 0.0005 0.0011 0.0018 0.9923 0.0016 
      ERIN43  6 0.0008 0.0007 0.0004 0.0008 0.0005 0.0010 0.0018 0.9923 0.0016 
      ERIN44  6 0.0008 0.0007 0.0004 0.0008 0.0005 0.0010 0.0018 0.9924 0.0016 
      ERIN45  6 0.0008 0.0007 0.0004 0.0008 0.0005 0.0010 0.0018 0.9923 0.0016 
      ERIN46  6 0.0008 0.0007 0.0004 0.0008 0.0005 0.0010 0.0018 0.9924 0.0016 
      ERIN47  6 0.0008 0.0007 0.0004 0.0008 0.0005 0.0010 0.0018 0.9924 0.0016 
       FDS01  6 0.0008 0.0007 0.0004 0.0008 0.0005 0.0010 0.0018 0.9924 0.0016 
       FDS02  6 0.0008 0.0007 0.0004 0.0008 0.0005 0.0010 0.0018 0.9923 0.0016 
       FDS03  6 0.0008 0.0007 0.0004 0.0008 0.0005 0.0010 0.0020 0.9921 0.0016 
       FDS04  6 0.0008 0.0007 0.0004 0.0008 0.0005 0.0010 0.0018 0.9923 0.0016 
       FDS05  6 0.0008 0.0007 0.0004 0.0008 0.0005 0.0010 0.0018 0.9923 0.0016 
       FDS06  6 0.0008 0.0007 0.0004 0.0008 0.0005 0.0010 0.0018 0.9924 0.0016 
       FDS07  6 0.0008 0.0007 0.0004 0.0008 0.0005 0.0010 0.0018 0.9923 0.0016 
       FDS08  6 0.0008 0.0007 0.0004 0.0008 0.0005 0.0010 0.0018 0.9923 0.0015 
       FDS09  6 0.0008 0.0007 0.0004 0.0008 0.0005 0.0010 0.0018 0.9923 0.0016 
       FDS10  6 0.0008 0.0007 0.0004 0.0008 0.0005 0.0010 0.0018 0.9923 0.0016 
       FDS11  6 0.0008 0.0007 0.0004 0.0008 0.0005 0.0010 0.0018 0.9923 0.0016 
       FDS12  6 0.0008 0.0007 0.0005 0.0008 0.0005 0.0010 0.0020 0.9921 0.0016 
       FDS13  6 0.0008 0.0007 0.0004 0.0008 0.0005 0.0011 0.0018 0.9923 0.0016 
       FDS14  6 0.0008 0.0007 0.0005 0.0008 0.0005 0.0010 0.0018 0.9923 0.0016 
       FDS15  6 0.0008 0.0007 0.0004 0.0008 0.0005 0.0010 0.0018 0.9923 0.0016 
       FDS16  6 0.0008 0.0007 0.0004 0.0008 0.0005 0.0010 0.0018 0.9923 0.0016 
       FDS17  6 0.0008 0.0007 0.0004 0.0008 0.0005 0.0010 0.0018 0.9923 0.0016 
       FDS18  6 0.0008 0.0007 0.0005 0.0008 0.0005 0.0010 0.0020 0.9921 0.0016 
       EPP01  6 0.0008 0.0007 0.0005 0.0008 0.0005 0.9912 0.0020 0.0015 0.0020 
       EPP02  6 0.0008 0.0007 0.0005 0.0008 0.0005 0.9912 0.0020 0.0015 0.0020 
       EPP03  6 0.0008 0.0007 0.0005 0.0010 0.0005 0.9907 0.0021 0.0015 0.0022 
       EPP04  6 0.0008 0.0007 0.0005 0.0009 0.0005 0.9911 0.0020 0.0015 0.0021 
       EPP05  6 0.0008 0.0007 0.0005 0.0008 0.0005 0.9910 0.0021 0.0015 0.0021 
       EPP06  6 0.0008 0.0007 0.0005 0.0008 0.0005 0.9912 0.0020 0.0015 0.0020 
       EPP07  6 0.0008 0.0007 0.0005 0.0008 0.0005 0.9911 0.0020 0.0015 0.0021 
       EPP08  6 0.0008 0.0007 0.0005 0.0008 0.0005 0.9911 0.0020 0.0015 0.0020 
       EPP09  6 0.0008 0.0007 0.0005 0.0008 0.0005 0.9912 0.0020 0.0015 0.0021 
       EPP10  6 0.0008 0.0007 0.0005 0.0009 0.0005 0.9911 0.0020 0.0015 0.0021 
       EPP11  6 0.0008 0.0011 0.0005 0.0009 0.0005 0.9417 0.0128 0.0015 0.0402 
       EPP12  6 0.0008 0.0007 0.0005 0.0008 0.0005 0.9911 0.0020 0.0015 0.0020 
       EPP13  6 0.0008 0.0007 0.0005 0.0008 0.0005 0.9911 0.0020 0.0015 0.0020 
       EPP14  6 0.0008 0.0007 0.0005 0.0009 0.0005 0.9911 0.0020 0.0015 0.0021 
       EPP15  6 0.0009 0.0010 0.0005 0.0008 0.0005 0.9908 0.0020 0.0014 0.0020 
       EPP16  6 0.0008 0.0007 0.0005 0.0008 0.0005 0.9911 0.0020 0.0015 0.0021 
       EPP17  6 0.0007 0.0007 0.0005 0.0008 0.0005 0.9913 0.0020 0.0015 0.0020 
       EPP18  6 0.0008 0.0007 0.0005 0.0008 0.0005 0.9911 0.0020 0.0015 0.0021 
       EPP19  6 0.0008 0.0007 0.0004 0.0008 0.0005 0.9909 0.0021 0.0016 0.0020 
       EPP20  6 0.0008 0.0007 0.0005 0.0009 0.0005 0.9908 0.0022 0.0015 0.0022 
       EPP21  6 0.0008 0.0007 0.0005 0.0008 0.0005 0.9285 0.0044 0.0573 0.0065 
       EPP22  6 0.0008 0.0007 0.0005 0.0008 0.0005 0.9911 0.0020 0.0015 0.0021 
       EPP23  6 0.0008 0.0011 0.0005 0.0008 0.0005 0.9003 0.0132 0.0016 0.0812 
       EPP24  6 0.0008 0.0007 0.0005 0.0008 0.0005 0.9910 0.0020 0.0016 0.0021 
       EPP25  6 0.0008 0.0007 0.0005 0.0009 0.0005 0.9910 0.0021 0.0015 0.0021 
       EPP26  6 0.0008 0.0007 0.0005 0.0008 0.0005 0.9910 0.0022 0.0015 0.0021 
       EPP27  6 0.0008 0.0007 0.0005 0.0009 0.0005 0.9909 0.0021 0.0015 0.0021 
       EPP28  6 0.0008 0.0007 0.0005 0.0008 0.0005 0.9911 0.0020 0.0015 0.0021 
       EPP29  6 0.0008 0.0007 0.0005 0.0008 0.0005 0.9913 0.0020 0.0015 0.0020 
       EPP30  6 0.0008 0.0007 0.0005 0.0008 0.0005 0.9911 0.0020 0.0015 0.0021 
       EPP31  6 0.0008 0.0007 0.0005 0.0009 0.0005 0.9908 0.0021 0.0015 0.0022 
       EPP32  6 0.0008 0.0007 0.0005 0.0008 0.0005 0.9912 0.0020 0.0015 0.0020 
       EPP33  6 0.0008 0.0007 0.0005 0.0008 0.0005 0.9910 0.0021 0.0015 0.0021 
       EPP34  6 0.0008 0.0007 0.0005 0.0008 0.0005 0.9911 0.0021 0.0015 0.0021 
       EPP35  6 0.0008 0.0024 0.0005 0.0009 0.0005 0.9797 0.0117 0.0014 0.0022 
       EPP36  6 0.0008 0.0007 0.0005 0.0008 0.0005 0.9911 0.0020 0.0015 0.0021 
       EPP37  6 0.0029 0.0008 0.0073 0.0010 0.0005 0.9651 0.0074 0.0015 0.0135 
       EPP38  6 0.0008 0.0007 0.0005 0.0010 0.0005 0.9907 0.0021 0.0015 0.0023 
       EPP39  6 0.0008 0.0007 0.0005 0.0008 0.0005 0.9912 0.0020 0.0015 0.0020 
       EPP40  6 0.0008 0.0007 0.0005 0.0009 0.0005 0.9912 0.0020 0.0015 0.0020 
       EPP41  6 0.0008 0.0007 0.0005 0.0009 0.0005 0.9911 0.0020 0.0015 0.0021 
       EPP42  6 0.0008 0.0007 0.0005 0.0008 0.0005 0.9912 0.0020 0.0015 0.0020 
       EPP43  6 0.0008 0.0007 0.0005 0.0008 0.0005 0.9911 0.0020 0.0016 0.0020 
        ES68  6 0.0024 0.0094 0.0123 0.0165 0.0005 0.6087 0.0749 0.2731 0.0022 
       ENW44  6 0.0008 0.0007 0.0005 0.0008 0.0005 0.9912 0.0020 0.0014 0.0021 
       ENW45  6 0.0008 0.0007 0.0005 0.0008 0.0005 0.9912 0.0020 0.0015 0.0021 
       ENW46  6 0.0008 0.0007 0.0005 0.0008 0.0005 0.9911 0.0020 0.0016 0.0021 
       ENW48  6 0.0008 0.0007 0.0005 0.0008 0.0005 0.9913 0.0020 0.0015 0.0020 
       ENW49  6 0.0008 0.0007 0.0005 0.0008 0.0005 0.9912 0.0020 0.0015 0.0021 
       ENW50  6 0.0008 0.0007 0.0005 0.0008 0.0005 0.9910 0.0020 0.0015 0.0021 
       ENW51  6 0.0009 0.0009 0.0007 0.0009 0.0006 0.9876 0.0025 0.0040 0.0019 
       ENW52  6 0.0008 0.0007 0.0005 0.0008 0.0005 0.9912 0.0020 0.0015 0.0021 
       ENW53  6 0.0010 0.0009 0.0007 0.0009 0.0006 0.9876 0.0025 0.0040 0.0019 
       ENW54  6 0.0009 0.0009 0.0007 0.0009 0.0006 0.9877 0.0024 0.0039 0.0019 
       ENW55  6 0.0009 0.0009 0.0007 0.0009 0.0006 0.9874 0.0024 0.0042 0.0020 
       ENW56  6 0.0009 0.0009 0.0007 0.0009 0.0006 0.9875 0.0025 0.0041 0.0019 
       ENW57  6 0.0009 0.0009 0.0007 0.0008 0.0006 0.9876 0.0025 0.0040 0.0019 
       ENE58  6 0.0009 0.0014 0.0133 0.0015 0.0006 0.9712 0.0031 0.0049 0.0031 
       ENE59  6 0.0010 0.0009 0.0007 0.0009 0.0006 0.9876 0.0024 0.0041 0.0019 
       ENE60  6 0.0009 0.0009 0.0007 0.0009 0.0006 0.9875 0.0024 0.0041 0.0019 
       ENE61  6 0.0009 0.0013 0.0133 0.0014 0.0006 0.9715 0.0032 0.0047 0.0030 
       ENE62  6 0.0009 0.0009 0.0007 0.0009 0.0006 0.9877 0.0025 0.0039 0.0019 
       ENE63  6 0.0010 0.0009 0.0007 0.0009 0.0006 0.9873 0.0025 0.0042 0.0020 
       ENE64  6 0.0009 0.0014 0.0135 0.0014 0.0006 0.9708 0.0032 0.0051 0.0030 
       ENE65  6 0.0009 0.0009 0.0007 0.0009 0.0006 0.9875 0.0024 0.0042 0.0019 
       ENE66  6 0.0009 0.0009 0.0007 0.0009 0.0006 0.9875 0.0024 0.0041 0.0020 
       ENE67  6 0.0010 0.0009 0.0008 0.0009 0.0006 0.9878 0.0023 0.0037 0.0020 
         CC1  7 0.0042 0.0018 0.0008 0.0102 0.0012 0.8189 0.0075 0.1464 0.0090 
        CC10  7 0.0024 0.0015 0.0008 0.0026 0.0011 0.8023 0.0067 0.1744 0.0081 
        CC11  7 0.0009 0.0083 0.0006 0.0055 0.0005 0.7447 0.0115 0.1730 0.0551 
        CC12  7 0.0013 0.0018 0.0006 0.0022 0.0005 0.6165 0.1414 0.2131 0.0227 
        CC13  7 0.0043 0.0017 0.0008 0.0098 0.0011 0.8190 0.0072 0.1466 0.0094 
        CC14  7 0.0041 0.0019 0.0008 0.0102 0.0012 0.8194 0.0074 0.1466 0.0085 
        CC15  7 0.0255 0.0060 0.0008 0.0087 0.0011 0.7983 0.0269 0.1245 0.0082 
        CC16  7 0.0009 0.0030 0.0005 0.0359 0.0005 0.8198 0.0150 0.0841 0.0403 
        CC17  7 0.0032 0.0016 0.0009 0.0029 0.0011 0.7993 0.0078 0.1729 0.0103 
         CC2  7 0.0041 0.0017 0.0008 0.0097 0.0011 0.8196 0.0074 0.1467 0.0090 
         CC3  7 0.0037 0.0018 0.0008 0.0070 0.0011 0.8245 0.0076 0.1476 0.0059 
         CC4  7 0.0208 0.0257 0.0062 0.0058 0.0006 0.3940 0.5224 0.0033 0.0212 
         CC5  7 0.0008 0.0009 0.0005 0.0037 0.0005 0.8167 0.0030 0.1701 0.0038 
         CC6  7 0.0008 0.0009 0.0006 0.0046 0.0005 0.8152 0.0033 0.1702 0.0040 
         CC7  7 0.0008 0.0008 0.0005 0.0038 0.0005 0.8165 0.0030 0.1703 0.0037 
         CC8  7 0.0008 0.0009 0.0006 0.0035 0.0005 0.8170 0.0031 0.1700 0.0037 
         CC9  7 0.0008 0.0009 0.0006 0.0043 0.0005 0.8160 0.0032 0.1698 0.0040 
       BUN01  8 0.0013 0.0012 0.0024 0.0468 0.0005 0.0130 0.9150 0.0016 0.0180 
       BUN02  8 0.0015 0.0035 0.0208 0.1915 0.0006 0.0060 0.7198 0.0271 0.0291 
       BUN03  8 0.0015 0.0019 0.0006 0.0009 0.0009 0.0016 0.7023 0.0076 0.2828 
       BUN04  8 0.0017 0.0014 0.0013 0.0015 0.0009 0.0534 0.9282 0.0018 0.0098 
       BUN05  8 0.0495 0.0014 0.0016 0.0045 0.0008 0.0023 0.4999 0.0148 0.4251 
       BUN06  8 0.0011 0.0016 0.0007 0.0012 0.0007 0.0029 0.9814 0.0021 0.0084 
       BUN07  8 0.0010 0.0011 0.0005 0.0013 0.0006 0.0017 0.9755 0.0012 0.0169 
       SOB01  8 0.0018 0.0010 0.0009 0.0014 0.0006 0.0023 0.9859 0.0018 0.0043 
       SOB02  8 0.0019 0.0417 0.0172 0.0023 0.0011 0.0013 0.9095 0.0146 0.0106 
       SOB03  8 0.0017 0.0011 0.0022 0.0020 0.0013 0.0038 0.9664 0.0141 0.0074 
       SOB04  8 0.0069 0.0615 0.0015 0.0061 0.0016 0.0012 0.9158 0.0022 0.0032 
       SOB05  8 0.0014 0.0011 0.0008 0.0019 0.0007 0.0882 0.8976 0.0045 0.0039 
       SOB06  8 0.0190 0.0028 0.0004 0.0897 0.0007 0.0013 0.8238 0.0182 0.0441 
       SOB07  8 0.0014 0.0050 0.0005 0.2277 0.0005 0.0262 0.7020 0.0212 0.0154 
       SOB08  8 0.0018 0.0010 0.0019 0.0109 0.0012 0.0033 0.9745 0.0021 0.0034 
       SOB09  8 0.0416 0.0060 0.0042 0.0070 0.0185 0.0025 0.8710 0.0270 0.0222 
       SOB10  8 0.0014 0.0013 0.0007 0.0054 0.0005 0.0062 0.9315 0.0326 0.0204 
       SOB11  8 0.0012 0.0790 0.0120 0.0028 0.0010 0.0014 0.8452 0.0052 0.0521 
       OSR01  8 0.0017 0.0447 0.0029 0.0010 0.0015 0.0733 0.8632 0.0060 0.0056 
       OSR02  8 0.0013 0.0013 0.0009 0.3466 0.0005 0.0033 0.6320 0.0015 0.0127 
       OSR03  8 0.0013 0.0013 0.0009 0.3458 0.0005 0.0034 0.6323 0.0014 0.0131 
       OSR04  8 0.0013 0.0024 0.0005 0.1946 0.0005 0.0042 0.5791 0.0055 0.2119 
       OSR05  8 0.0013 0.0013 0.0009 0.3468 0.0005 0.0030 0.6318 0.0015 0.0128 
       OSR06  8 0.0012 0.0057 0.0007 0.0010 0.0005 0.0011 0.9818 0.0027 0.0052 
       OSR07  8 0.0026 0.0015 0.0009 0.0053 0.0196 0.0955 0.4592 0.0117 0.4036 
       OSR08  8 0.0025 0.0014 0.0009 0.0052 0.0200 0.0952 0.4582 0.0120 0.4046 
       OSR09  8 0.0017 0.0068 0.0005 0.0013 0.0005 0.0248 0.8809 0.0785 0.0050 
      Lion01  8 0.0010 0.0033 0.0005 0.0016 0.0055 0.0467 0.9073 0.0236 0.0105 
      Lion02  8 0.0011 0.0020 0.0023 0.0018 0.0013 0.0016 0.7624 0.0034 0.2241 
      Lion03  8 0.0013 0.0013 0.0004 0.0026 0.0007 0.0012 0.6756 0.0018 0.3151 
      Lion04  8 0.0023 0.0022 0.0025 0.0017 0.0010 0.0059 0.8995 0.0060 0.0789 
      Lion05  8 0.0066 0.0146 0.0066 0.0055 0.0016 0.0023 0.9204 0.0307 0.0119 
      Lion06  8 0.0075 0.0158 0.0064 0.0064 0.0016 0.0022 0.9098 0.0301 0.0202 
        TW01  8 0.0012 0.0013 0.0005 0.0018 0.0005 0.0016 0.9821 0.0033 0.0076 
        TW02  8 0.0159 0.0013 0.0051 0.0147 0.0005 0.0019 0.8836 0.0132 0.0639 
        TW03  8 0.0012 0.0013 0.0005 0.0017 0.0005 0.0016 0.9816 0.0032 0.0084 
        TW04  8 0.0012 0.0013 0.0005 0.0019 0.0005 0.0016 0.9817 0.0034 0.0079 
        CF01  8 0.0011 0.0012 0.0013 0.0019 0.0013 0.0197 0.0124 0.0054 0.9555 
        CF02  8 0.0018 0.0017 0.0017 0.2152 0.0005 0.0024 0.2278 0.0012 0.5475 
        CF03  8 0.0011 0.0013 0.0013 0.0020 0.0013 0.0179 0.0127 0.0053 0.9569 
        CF04  8 0.0147 0.0037 0.0025 0.0012 0.0013 0.0137 0.5605 0.0034 0.3990 
        CF05  8 0.0020 0.0018 0.0011 0.0029 0.0012 0.0028 0.0122 0.0024 0.9736 
        CF06  8 0.0020 0.0018 0.0011 0.0029 0.0011 0.0027 0.0123 0.0024 0.9737 
        CF07  8 0.0184 0.0051 0.0168 0.0008 0.0089 0.0010 0.9382 0.0016 0.0092 
        CF08  8 0.0020 0.0018 0.0012 0.0030 0.0011 0.0027 0.0124 0.0024 0.9735 
        CF09  8 0.0011 0.0013 0.0013 0.0019 0.0013 0.0184 0.0123 0.0056 0.9568 
        CF10  8 0.0064 0.0026 0.0009 0.0030 0.0011 0.0025 0.0569 0.0019 0.9247 
        CF11  8 0.0040 0.0194 0.0005 0.0224 0.0005 0.1804 0.7094 0.0039 0.0596 
        CF12  8 0.0011 0.0013 0.0013 0.0020 0.0013 0.0190 0.0127 0.0054 0.9559 
        CF13  8 0.0020 0.0018 0.0011 0.0029 0.0012 0.0026 0.0123 0.0024 0.9737 
        CF14  8 0.0163 0.0035 0.0025 0.0012 0.0013 0.0132 0.5573 0.0033 0.4014 
        CF15  8 0.0156 0.0041 0.0024 0.0013 0.0013 0.0123 0.5992 0.0035 0.3604 
        CF16  8 0.0011 0.0012 0.0013 0.0020 0.0013 0.0176 0.0126 0.0053 0.9574 
        CF17  8 0.0010 0.0013 0.0015 0.0022 0.0007 0.0032 0.0064 0.0019 0.9818 
        CF18  8 0.0166 0.0033 0.0023 0.0012 0.0014 0.0130 0.5570 0.0035 0.4017 
        CF19  8 0.0098 0.0130 0.0027 0.0052 0.0027 0.0026 0.9488 0.0046 0.0105 
        CF20  8 0.0020 0.0018 0.0012 0.0030 0.0011 0.0028 0.0124 0.0025 0.9732 
        CF21  8 0.0020 0.0019 0.0011 0.0028 0.0011 0.0026 0.0125 0.0025 0.9735 
        CF22  8 0.0021 0.0017 0.0012 0.0030 0.0011 0.0028 0.0124 0.0024 0.9734 
        CF23  8 0.0020 0.0018 0.0011 0.0031 0.0011 0.0028 0.0128 0.0024 0.9729 
        CF24  8 0.0011 0.0013 0.0013 0.0020 0.0013 0.0184 0.0129 0.0055 0.9562 
        CF25  8 0.0012 0.0013 0.0013 0.0019 0.0014 0.0182 0.0129 0.0053 0.9566 
        CF26  8 0.0020 0.0018 0.0017 0.2179 0.0005 0.0023 0.2271 0.0012 0.5455 
        CF27  8 0.0020 0.0018 0.0011 0.0030 0.0011 0.0027 0.0119 0.0025 0.9739 
        CF28  8 0.0161 0.0056 0.0024 0.0011 0.0013 0.0102 0.6107 0.0035 0.3492 
        CF29  8 0.0011 0.0013 0.0013 0.0021 0.0013 0.0189 0.0128 0.0053 0.9560 
        CF30  8 0.0022 0.0024 0.0023 0.0017 0.0010 0.0058 0.9013 0.0058 0.0776 
        CF31  8 0.0011 0.0013 0.0013 0.0020 0.0014 0.0187 0.0123 0.0054 0.9566 
        CF32  8 0.0012 0.0018 0.0009 0.0129 0.0005 0.0020 0.4437 0.0019 0.5352 
        CF33  8 0.0019 0.0560 0.0011 0.0028 0.0010 0.0027 0.0138 0.0023 0.9185 
        CF34  8 0.0020 0.0017 0.0011 0.0027 0.0011 0.0025 0.0116 0.0024 0.9749 
        CF35  8 0.0153 0.0041 0.0023 0.0013 0.0013 0.0114 0.5983 0.0034 0.3626 
        CF36  8 0.0013 0.0011 0.0005 0.0016 0.0005 0.0014 0.9871 0.0030 0.0033 
        BP01  8 0.0018 0.0014 0.0009 0.0072 0.0008 0.0064 0.9454 0.0287 0.0074 
        BP02  8 0.0018 0.0014 0.0007 0.0011 0.0007 0.0016 0.9678 0.0020 0.0230 
        BP03  8 0.0014 0.0009 0.0031 0.0017 0.0005 0.0016 0.9849 0.0019 0.0040 
        BP04  8 0.0015 0.0010 0.0013 0.0037 0.0006 0.0065 0.9365 0.0046 0.0444 
        BP06  8 0.0014 0.0012 0.0018 0.0034 0.0009 0.0070 0.9752 0.0032 0.0060 
        BP07  8 0.0141 0.0339 0.0009 0.0019 0.0006 0.0018 0.9363 0.0063 0.0042 
        BP08  8 0.0013 0.0013 0.0017 0.0028 0.0009 0.0236 0.9573 0.0040 0.0071 
        BP09  8 0.0016 0.0032 0.1181 0.0137 0.0009 0.0014 0.8498 0.0035 0.0078 
        BP10  8 0.0015 0.0011 0.0009 0.0008 0.0007 0.0014 0.9836 0.0061 0.0038 
        BP11  8 0.0014 0.0008 0.0007 0.0014 0.0006 0.0012 0.9901 0.0016 0.0024 
        BP12  8 0.0014 0.0012 0.0008 0.1173 0.0006 0.0020 0.8711 0.0023 0.0033 
        BP14  8 0.0033 0.0037 0.0025 0.0041 0.0010 0.0041 0.9428 0.0089 0.0295 
        BP16  8 0.0011 0.0009 0.0009 0.0012 0.0009 0.0013 0.9863 0.0038 0.0036 
        BP17  8 0.0020 0.0009 0.0012 0.0015 0.0006 0.0013 0.9817 0.0081 0.0026 
        BP18  8 0.0015 0.0011 0.0009 0.0008 0.0007 0.0014 0.9837 0.0060 0.0039 
        BP19  8 0.0021 0.0013 0.0008 0.0015 0.0011 0.0015 0.9866 0.0027 0.0024 
        BP20  8 0.0015 0.0012 0.0009 0.0008 0.0007 0.0014 0.9835 0.0062 0.0038 
   BP2007-01  8 0.0013 0.0008 0.0007 0.0014 0.0006 0.0012 0.9900 0.0015 0.0024 
   BP2007-02  8 0.0012 0.0009 0.0005 0.0017 0.0009 0.0014 0.9882 0.0017 0.0034 
   BP2007-03  8 0.0010 0.0034 0.0006 0.0081 0.0009 0.0015 0.5867 0.0034 0.3946 
   BP2007-04  8 0.0019 0.0013 0.0007 0.0012 0.0011 0.0017 0.9871 0.0024 0.0027 
   BP2007-05  8 0.0013 0.1312 0.0006 0.0600 0.0004 0.0012 0.7740 0.0175 0.0138 
   BP2007-06  8 0.0013 0.0015 0.0020 0.0174 0.0008 0.0087 0.8976 0.0605 0.0101 
   BP2007-07  8 0.0015 0.0009 0.0029 0.0018 0.0005 0.0015 0.9850 0.0019 0.0039 
   BP2007-08  8 0.0023 0.0034 0.0012 0.0067 0.0053 0.0017 0.9666 0.0078 0.0051 
   BP2007-09  8 0.0023 0.0037 0.0013 0.0068 0.0052 0.0017 0.9659 0.0079 0.0052 
   BP2007-10  8 0.0014 0.0009 0.0031 0.0017 0.0005 0.0016 0.9847 0.0020 0.0040 
   BP2007-11  8 0.0014 0.0009 0.0014 0.0016 0.0006 0.0011 0.9888 0.0016 0.0027 
   BP2007-12  8 0.0014 0.0009 0.0006 0.0065 0.0008 0.0015 0.9567 0.0043 0.0274 
   BP2007-13  8 0.0023 0.0034 0.0013 0.0068 0.0052 0.0017 0.9662 0.0081 0.0050 
   BP2007-14  8 0.0411 0.0431 0.0014 0.0022 0.0009 0.0065 0.8710 0.0017 0.0322 
   BP2007-15  8 0.0012 0.0012 0.0008 0.0035 0.0008 0.0088 0.9756 0.0017 0.0065 
   BP2007-16  8 0.0023 0.0014 0.0009 0.0020 0.0071 0.0041 0.7604 0.0012 0.2206 
   BP2007-17  8 0.0013 0.0013 0.0018 0.0029 0.0009 0.0238 0.9568 0.0041 0.0071 
   BP2007-18  8 0.0548 0.0222 0.0006 0.0020 0.0032 0.0012 0.8819 0.0013 0.0329 
   BP2007-19  8 0.0015 0.0011 0.0013 0.0034 0.0006 0.0064 0.9398 0.0045 0.0415 
   BP2007-20  8 0.0016 0.0011 0.0013 0.0032 0.0006 0.0062 0.9380 0.0044 0.0437 
   BP2007-21  8 0.0014 0.0009 0.0006 0.0012 0.0006 0.0013 0.9898 0.0017 0.0026 
   BP2007-22  8 0.0013 0.0008 0.0014 0.0015 0.0006 0.0011 0.9890 0.0017 0.0025 
   BP2007-23  8 0.0013 0.0008 0.0007 0.0013 0.0006 0.0012 0.9903 0.0015 0.0023 
   BP2007-24  8 0.0025 0.0031 0.0021 0.0062 0.0013 0.0057 0.9480 0.0132 0.0180 
   BP2007-25  8 0.0012 0.0009 0.0005 0.0016 0.0009 0.0015 0.9887 0.0017 0.0030 
   BP2007-26  8 0.0013 0.0012 0.0007 0.1174 0.0006 0.0022 0.8709 0.0023 0.0032 
   BP2007-27  8 0.0016 0.0011 0.0009 0.0008 0.0007 0.0014 0.9835 0.0063 0.0038 
   BP2007-28  8 0.0014 0.0009 0.0013 0.0017 0.0006 0.0011 0.9889 0.0016 0.0025 
   BP2007-29  8 0.0014 0.0009 0.0008 0.0010 0.0006 0.0013 0.9899 0.0017 0.0024 
   BP2007-30  8 0.0014 0.0011 0.0006 0.0077 0.0009 0.1931 0.7833 0.0025 0.0094 
   BP2007-31  8 0.0011 0.0012 0.0008 0.0019 0.0008 0.0044 0.9840 0.0017 0.0040 
   BP2007-32  8 0.0035 0.0360 0.0009 0.0011 0.0005 0.0521 0.7255 0.0070 0.1734 
   BP2007-33  8 0.0013 0.0009 0.0013 0.0015 0.0005 0.0011 0.9891 0.0016 0.0026 
   BP2007-34  8 0.0017 0.0011 0.0006 0.0241 0.0006 0.0058 0.7956 0.1549 0.0154 
   BP2007-35  8 0.0015 0.0011 0.0013 0.0032 0.0006 0.0068 0.9360 0.0044 0.0451 
   BP2007-36  8 0.0013 0.0009 0.0005 0.0017 0.0009 0.0014 0.9886 0.0018 0.0030 
   BP2007-37  8 0.0158 0.1369 0.0006 0.0032 0.0064 0.0009 0.8079 0.0032 0.0251 
   BP2007-38  8 0.0014 0.0009 0.0030 0.0017 0.0006 0.0016 0.9849 0.0020 0.0039 
   BP2007-39  8 0.0012 0.0012 0.0007 0.0037 0.0008 0.0093 0.9745 0.0016 0.0069 
   BP2007-40  8 0.0013 0.0014 0.0051 0.0042 0.0009 0.0166 0.9576 0.0040 0.0089 
        BP21  8 0.0012 0.0009 0.0005 0.0017 0.0009 0.0014 0.9884 0.0018 0.0032 
        BP22  8 0.0011 0.0013 0.0011 0.0068 0.0006 0.0021 0.9672 0.0046 0.0152 
        BP23  8 0.0011 0.0010 0.0008 0.0243 0.0005 0.0037 0.9589 0.0041 0.0055 
        BP24  8 0.0011 0.0010 0.0010 0.0068 0.0006 0.0025 0.9559 0.0046 0.0264 
        BP25  8 0.0012 0.0009 0.0005 0.0017 0.0009 0.0014 0.9886 0.0017 0.0030 
        BP26  8 0.0012 0.0009 0.0005 0.0016 0.0010 0.0015 0.9885 0.0018 0.0030 
        BP27  8 0.0022 0.0032 0.0013 0.0174 0.0053 0.0016 0.9560 0.0080 0.0050 
        BP28  8 0.0011 0.0012 0.0012 0.0067 0.0006 0.0021 0.9675 0.0046 0.0150 
        BP29  8 0.0015 0.0008 0.0006 0.0011 0.0007 0.0014 0.9853 0.0038 0.0048 
        BP30  8 0.0013 0.0009 0.0005 0.0017 0.0008 0.0012 0.9887 0.0015 0.0033 
      NNKB01  8 0.0115 0.0035 0.0005 0.0015 0.0007 0.0020 0.9565 0.0161 0.0077 
      NNKB02  8 0.0020 0.0013 0.0021 0.0019 0.0052 0.0045 0.9750 0.0020 0.0061 
      NNKN01  8 0.0021 0.1210 0.0033 0.0045 0.0019 0.0014 0.8404 0.0016 0.0236 
         SR1  9 0.0013 0.0012 0.0006 0.3080 0.0006 0.0023 0.6791 0.0021 0.0048 
        SR10  9 0.0021 0.0020 0.0010 0.0014 0.0009 0.2367 0.7449 0.0067 0.0042 
        SR11  9 0.0012 0.0009 0.0011 0.0382 0.0006 0.0049 0.8661 0.0028 0.0842 
        SR12  9 0.0012 0.0012 0.0006 0.3093 0.0005 0.0024 0.6781 0.0020 0.0046 
        SR13  9 0.0042 0.0037 0.1152 0.1045 0.0027 0.0842 0.2552 0.0366 0.3936 
        SR15  9 0.0019 0.0046 0.0032 0.0018 0.0019 0.0037 0.8729 0.0810 0.0289 
        SR16  9 0.0029 0.0014 0.0005 0.0049 0.0006 0.0024 0.5442 0.0062 0.4370 
        SR17  9 0.0036 0.0032 0.0652 0.0028 0.0006 0.1804 0.0244 0.0284 0.6915 
        SR18  9 0.0030 0.0013 0.0020 0.0113 0.0064 0.0022 0.8919 0.0081 0.0738 
        SR19  9 0.0013 0.0238 0.0009 0.1113 0.0005 0.0034 0.8028 0.0014 0.0545 
         SR2  9 0.0012 0.0009 0.0011 0.0357 0.0006 0.0052 0.8718 0.0027 0.0808 
        SR20  9 0.0013 0.0028 0.0009 0.0014 0.0005 0.2012 0.3453 0.0925 0.3542 
        SR21  9 0.0013 0.0014 0.0008 0.2517 0.0009 0.0040 0.6957 0.0056 0.0387 
        SR22  9 0.0009 0.0012 0.0005 0.4277 0.0007 0.0013 0.4756 0.0033 0.0886 
        SR23  9 0.0022 0.0022 0.0008 0.1891 0.0034 0.0046 0.7704 0.0068 0.0206 
        SR24  9 0.0020 0.0019 0.0005 0.0067 0.0025 0.0597 0.8574 0.0039 0.0655 
        SR25  9 0.0013 0.0018 0.0007 0.0152 0.0011 0.0051 0.9619 0.0027 0.0102 
        SR26  9 0.0018 0.0064 0.0005 0.0076 0.0006 0.1265 0.7470 0.0519 0.0577 
        SR27  9 0.0016 0.0014 0.0007 0.1436 0.0007 0.0018 0.8401 0.0024 0.0078 
        SR28  9 0.0013 0.0012 0.0005 0.0025 0.0007 0.0015 0.9749 0.0018 0.0156 
        SR29  9 0.0019 0.0020 0.0006 0.0161 0.0013 0.2283 0.7388 0.0026 0.0084 
         SR3  9 0.0014 0.0010 0.0011 0.0418 0.0005 0.0034 0.6719 0.0019 0.2770 
        SR30  9 0.0010 0.0011 0.0006 0.0041 0.0007 0.0049 0.9652 0.0157 0.0067 
         SR5  9 0.0012 0.0017 0.0013 0.0568 0.0007 0.0100 0.7538 0.0636 0.1109 
         SR6  9 0.0014 0.0017 0.0014 0.0105 0.0008 0.0068 0.9196 0.0193 0.0385 
         SR7  9 0.0015 0.0015 0.0006 0.0033 0.0006 0.3978 0.5727 0.0154 0.0068 
         SR8  9 0.0012 0.0010 0.0011 0.0497 0.0005 0.0032 0.8278 0.0022 0.1132 
         SR9  9 0.0016 0.0014 0.0006 0.0047 0.0006 0.3801 0.5856 0.0135 0.0119 
       HAM01 10 0.0012 0.0010 0.0005 0.0164 0.0005 0.0019 0.9568 0.0031 0.0187 
       HAM02 10 0.0067 0.0022 0.0008 0.0046 0.0008 0.0065 0.6281 0.0018 0.3486 
       HAM03 10 0.0012 0.0010 0.0005 0.0158 0.0005 0.0020 0.9573 0.0033 0.0184 
       HAM07 10 0.0023 0.0044 0.0036 0.0874 0.0029 0.0062 0.8716 0.0024 0.0192 
       HAM08 10 0.0011 0.0016 0.0007 0.0025 0.0006 0.0048 0.6034 0.0020 0.3832 
       HAM09 10 0.0132 0.0300 0.0009 0.0024 0.0006 0.0119 0.9240 0.0082 0.0087 
       HAM10 10 0.0021 0.0031 0.0006 0.0033 0.0104 0.0068 0.7621 0.0148 0.1968 
      CRWL01 10 0.0015 0.0014 0.0006 0.0039 0.0011 0.0034 0.9767 0.0030 0.0084 
      CRWL02 10 0.0013 0.0014 0.0006 0.0053 0.0008 0.0046 0.9761 0.0030 0.0069 
      CRWL03 10 0.0014 0.0039 0.0007 0.0094 0.0005 0.0373 0.9185 0.0196 0.0088 
      CRWL04 10 0.0014 0.0011 0.0016 0.0016 0.0009 0.0088 0.9777 0.0032 0.0036 
      CRWL05 10 0.0014 0.0015 0.0007 0.0017 0.0009 0.0011 0.9842 0.0053 0.0031 
      CRWL06 10 0.0013 0.0009 0.0007 0.0042 0.0010 0.0060 0.9652 0.0017 0.0190 
      CRWL07 10 0.0016 0.0013 0.0005 0.0020 0.0010 0.0009 0.9815 0.0020 0.0091 
      CRWL08 10 0.0013 0.0012 0.0011 0.0012 0.0008 0.0046 0.9799 0.0017 0.0082 
      CRWL09 10 0.0012 0.0059 0.0005 0.0046 0.0005 0.0020 0.9749 0.0017 0.0088 
      CRWL10 10 0.0016 0.0018 0.0009 0.0199 0.0007 0.0015 0.8943 0.0015 0.0778 
      CRWL11 10 0.0023 0.0024 0.0019 0.0193 0.0081 0.0028 0.4358 0.0034 0.5239 
      CRWL12 10 0.0029 0.0012 0.0013 0.0015 0.0007 0.1895 0.7942 0.0034 0.0055 
      CRWL13 10 0.0011 0.0009 0.0011 0.0017 0.0005 0.0037 0.9740 0.0024 0.0145 
      CRWL14 10 0.0025 0.0016 0.0007 0.0016 0.0011 0.0026 0.9540 0.0029 0.0329 
      CRWL15 10 0.0008 0.0013 0.0005 0.0018 0.0005 0.0491 0.8870 0.0093 0.0497 
      CRWL16 10 0.0024 0.0017 0.0007 0.0021 0.0011 0.0028 0.9372 0.0030 0.0490 
      CRWL17 10 0.0026 0.0021 0.0017 0.0133 0.0352 0.0025 0.3196 0.0036 0.6194 
      CRWL18 10 0.0012 0.0011 0.0005 0.0042 0.0005 0.0019 0.9803 0.0017 0.0087 
      CRWL19 10 0.0011 0.0011 0.0005 0.0043 0.0005 0.0020 0.9805 0.0017 0.0083 
      CRWL20 10 0.0011 0.0014 0.0007 0.0031 0.0007 0.0012 0.9785 0.0031 0.0102 
      CRWL21 10 0.0020 0.0059 0.0006 0.0031 0.0006 0.0014 0.5820 0.0022 0.4022 
       MES01 11 0.0008 0.0008 0.0006 0.9894 0.0005 0.0011 0.0029 0.0014 0.0025 
       MES02 11 0.0009 0.0009 0.0006 0.9892 0.0005 0.0010 0.0029 0.0014 0.0025 
       MES03 11 0.0008 0.0014 0.0005 0.9320 0.0005 0.0239 0.0021 0.0355 0.0033 
       MES04 11 0.0009 0.0009 0.0006 0.9893 0.0005 0.0010 0.0029 0.0014 0.0025 
       MES05 11 0.0010 0.0008 0.0005 0.9889 0.0005 0.0010 0.0025 0.0014 0.0035 
       MES06 11 0.0008 0.0008 0.0006 0.9893 0.0005 0.0010 0.0029 0.0014 0.0026 
       MES07 11 0.0008 0.0008 0.0006 0.9894 0.0005 0.0011 0.0029 0.0014 0.0025 
       MES08 11 0.0008 0.0008 0.0006 0.9895 0.0005 0.0010 0.0028 0.0014 0.0025 
       MES09 11 0.0008 0.0008 0.0006 0.9895 0.0005 0.0010 0.0029 0.0014 0.0025 
       MES10 11 0.0009 0.0009 0.0006 0.9892 0.0005 0.0010 0.0029 0.0014 0.0025 
       MES11 11 0.0009 0.0034 0.0006 0.9802 0.0005 0.0010 0.0094 0.0014 0.0025 
       MES12 11 0.0008 0.0008 0.0006 0.9894 0.0005 0.0011 0.0029 0.0014 0.0025 
       MES13 11 0.0008 0.0008 0.0006 0.9895 0.0005 0.0010 0.0028 0.0014 0.0025 
       MES14 11 0.0008 0.0007 0.0005 0.9913 0.0005 0.0010 0.0019 0.0014 0.0019 
       MES15 11 0.0036 0.0008 0.0038 0.9542 0.0309 0.0009 0.0021 0.0014 0.0021 
       MES16 11 0.0009 0.0009 0.0006 0.9892 0.0006 0.0010 0.0029 0.0014 0.0025 
       MES17 11 0.0008 0.0008 0.0006 0.9894 0.0005 0.0011 0.0029 0.0014 0.0025 
       MES18 11 0.0008 0.0008 0.0006 0.9895 0.0005 0.0011 0.0028 0.0014 0.0025 
       MES19 11 0.0008 0.0008 0.0006 0.9894 0.0005 0.0010 0.0029 0.0014 0.0025 
       MES20 11 0.0008 0.0008 0.0004 0.9896 0.0005 0.0010 0.0028 0.0014 0.0026 
       MES21 11 0.0008 0.0007 0.0005 0.9913 0.0005 0.0010 0.0019 0.0014 0.0018 
       MES22 11 0.0008 0.0008 0.0006 0.9893 0.0005 0.0011 0.0029 0.0014 0.0025 
       SAX01 11 0.0008 0.0007 0.0005 0.9908 0.0005 0.0010 0.0022 0.0014 0.0020 
       SAX02 11 0.0008 0.0007 0.0005 0.9914 0.0005 0.0009 0.0019 0.0014 0.0018 
       SAX03 11 0.0008 0.0018 0.0005 0.9854 0.0005 0.0010 0.0027 0.0014 0.0060 
       SAX04 11 0.0011 0.0012 0.0004 0.8647 0.0005 0.0017 0.0144 0.0014 0.1144 
       SAX05 11 0.0008 0.0008 0.0005 0.9889 0.0005 0.0011 0.0031 0.0014 0.0029 
       SAX06 11 0.0008 0.0008 0.0005 0.9890 0.0005 0.0010 0.0031 0.0015 0.0029 
       SAX07 11 0.0008 0.0007 0.0005 0.9911 0.0005 0.0009 0.0022 0.0013 0.0019 
       SAX08 11 0.0008 0.0012 0.0005 0.9422 0.0005 0.0010 0.0130 0.0014 0.0393 
       SAX09 11 0.0008 0.0007 0.0005 0.9914 0.0005 0.0009 0.0019 0.0014 0.0018 
       SAX10 11 0.0008 0.0009 0.0005 0.9267 0.0005 0.0554 0.0029 0.0014 0.0109 
       SAX11 11 0.0008 0.0008 0.0005 0.9181 0.0005 0.0010 0.0029 0.0014 0.0740 
       SAX12 11 0.0008 0.0007 0.0005 0.9914 0.0005 0.0009 0.0019 0.0015 0.0018 
       SAX13 11 0.0008 0.0007 0.0005 0.9917 0.0005 0.0009 0.0020 0.0011 0.0018 
       SAX14 11 0.0008 0.0008 0.0005 0.9891 0.0005 0.0010 0.0032 0.0014 0.0026 
       SAX15 11 0.0008 0.0033 0.0005 0.9426 0.0005 0.0010 0.0112 0.0014 0.0387 
       SAX16 11 0.0008 0.0007 0.0005 0.9908 0.0005 0.0010 0.0022 0.0015 0.0020 
       SAX17 11 0.0008 0.0007 0.0005 0.9912 0.0005 0.0009 0.0021 0.0012 0.0019 
       SAX18 11 0.0008 0.0007 0.0005 0.9911 0.0005 0.0009 0.0021 0.0013 0.0020 
       SAX19 11 0.0008 0.0009 0.0005 0.9873 0.0005 0.0017 0.0050 0.0012 0.0021 
       IRP01 11 0.0008 0.0007 0.0005 0.9912 0.0005 0.0009 0.0020 0.0013 0.0020 
       IRP02 11 0.0008 0.0007 0.0005 0.9908 0.0005 0.0010 0.0020 0.0014 0.0023 
       IRP03 11 0.0008 0.0007 0.0005 0.9906 0.0005 0.0010 0.0019 0.0013 0.0026 
       IRP04 11 0.0008 0.0007 0.0005 0.9907 0.0005 0.0010 0.0020 0.0013 0.0025 
       IRP05 11 0.0008 0.0007 0.0005 0.9907 0.0005 0.0010 0.0020 0.0013 0.0024 
       IRP06 11 0.0008 0.0007 0.0005 0.9913 0.0005 0.0009 0.0020 0.0013 0.0021 
       IRP07 11 0.0008 0.0007 0.0005 0.9907 0.0005 0.0010 0.0020 0.0013 0.0025 
       IRP08 11 0.0008 0.0007 0.0005 0.9912 0.0005 0.0009 0.0020 0.0013 0.0021 
       IRP09 11 0.0008 0.0007 0.0005 0.9909 0.0005 0.0010 0.0019 0.0013 0.0024 
       IRP10 11 0.0008 0.0007 0.0006 0.9912 0.0005 0.0009 0.0020 0.0013 0.0021 
       IRP11 11 0.0008 0.0007 0.0005 0.9913 0.0005 0.0009 0.0019 0.0013 0.0021 
       IRP12 11 0.0008 0.0007 0.0005 0.9912 0.0005 0.0009 0.0020 0.0013 0.0021 
       IRP13 11 0.0008 0.0007 0.0005 0.9913 0.0005 0.0009 0.0019 0.0013 0.0020 
       IRP14 11 0.0008 0.0007 0.0005 0.9908 0.0005 0.0010 0.0019 0.0013 0.0024 
       IRP15 11 0.0008 0.0007 0.0005 0.9907 0.0005 0.0010 0.0020 0.0013 0.0024 
       IRP16 11 0.0012 0.0013 0.0005 0.0029 0.0006 0.0026 0.0085 0.0016 0.9809 
     IRP16-2 11 0.0012 0.0013 0.0005 0.0028 0.0006 0.0025 0.0087 0.0016 0.9808 
       IRP17 11 0.0009 0.0007 0.0005 0.9906 0.0005 0.0010 0.0020 0.0013 0.0025 
       MRT01 11 0.0008 0.0007 0.0006 0.9912 0.0005 0.0009 0.0022 0.0013 0.0019 
       MRT02 11 0.0008 0.0007 0.0005 0.9913 0.0005 0.0010 0.0019 0.0014 0.0020 
       MRT03 11 0.0008 0.0007 0.0005 0.9914 0.0005 0.0009 0.0020 0.0013 0.0020 
       MRT04 11 0.0008 0.0007 0.0006 0.9911 0.0004 0.0009 0.0022 0.0013 0.0020 
       MRT05 11 0.0008 0.0007 0.0006 0.9911 0.0005 0.0009 0.0022 0.0013 0.0020 
       MRT06 11 0.0008 0.0007 0.0005 0.9915 0.0005 0.0009 0.0020 0.0012 0.0020 
       MRT07 11 0.0008 0.0007 0.0005 0.9912 0.0005 0.0010 0.0020 0.0014 0.0019 
       MRT08 11 0.0009 0.0007 0.0006 0.9886 0.0005 0.0009 0.0030 0.0012 0.0037 
       MRT09 11 0.0008 0.0007 0.0005 0.9911 0.0005 0.0010 0.0020 0.0014 0.0020 
       MRT10 11 0.0008 0.0007 0.0005 0.9912 0.0005 0.0009 0.0019 0.0014 0.0020 
       MRT11 11 0.0008 0.0007 0.0005 0.9911 0.0005 0.0010 0.0020 0.0015 0.0020 
       MRT12 11 0.0008 0.0007 0.0006 0.9911 0.0005 0.0009 0.0022 0.0013 0.0020 
       MRT13 11 0.0008 0.0007 0.0005 0.9339 0.0005 0.0344 0.0064 0.0015 0.0213 
       MRT14 11 0.0008 0.0007 0.0006 0.9913 0.0005 0.0009 0.0022 0.0012 0.0019 
       MRT15 11 0.0008 0.0007 0.0006 0.9911 0.0005 0.0009 0.0022 0.0013 0.0020 
       MRT16 11 0.0007 0.0007 0.0005 0.9915 0.0005 0.0009 0.0020 0.0013 0.0019 
       MRT17 11 0.0008 0.0007 0.0005 0.9915 0.0005 0.0009 0.0020 0.0012 0.0020 
       MRT18 11 0.0008 0.0007 0.0007 0.9910 0.0005 0.0010 0.0020 0.0014 0.0019 
       MRT19 11 0.0008 0.0007 0.0006 0.9913 0.0005 0.0009 0.0021 0.0012 0.0019 
       MRT20 11 0.0008 0.0007 0.0005 0.9911 0.0005 0.0010 0.0019 0.0015 0.0020 
       MRT21 11 0.0008 0.0007 0.0006 0.9913 0.0005 0.0009 0.0021 0.0013 0.0019 
       MRT22 11 0.0008 0.0007 0.0007 0.9911 0.0005 0.0009 0.0022 0.0012 0.0020 
       MRT23 11 0.0008 0.0007 0.0006 0.9912 0.0005 0.0009 0.0021 0.0013 0.0020 
       MRT24 11 0.0008 0.0007 0.0005 0.9912 0.0005 0.0009 0.0019 0.0014 0.0019 
       MRT25 11 0.0008 0.0007 0.0006 0.9912 0.0005 0.0009 0.0022 0.0013 0.0019 
       MRT26 11 0.0008 0.0007 0.0006 0.9912 0.0005 0.0009 0.0022 0.0013 0.0019 
       MRT27 11 0.0008 0.0007 0.0006 0.9911 0.0005 0.0009 0.0022 0.0013 0.0019 
       MRT28 11 0.0008 0.0007 0.0005 0.9911 0.0005 0.0010 0.0020 0.0014 0.0019 
       MRT29 11 0.0008 0.0007 0.0006 0.9912 0.0005 0.0009 0.0022 0.0012 0.0019 
       MRT30 11 0.0008 0.0007 0.0005 0.9915 0.0005 0.0009 0.0020 0.0012 0.0020 
       MRT31 11 0.0008 0.0007 0.0006 0.9911 0.0005 0.0009 0.0021 0.0013 0.0020 
       MRT32 11 0.0008 0.0007 0.0006 0.9910 0.0005 0.0009 0.0022 0.0013 0.0020 
       MRT33 11 0.0008 0.0012 0.0005 0.9883 0.0005 0.0010 0.0025 0.0015 0.0037 
        LK01 10 0.0043 0.0018 0.0007 0.0027 0.0107 0.0307 0.9196 0.0011 0.0285 
        LK02 10 0.0009 0.0016 0.0007 0.0030 0.0006 0.0378 0.9386 0.0020 0.0150 
        LK05 10 0.0011 0.0012 0.0029 0.0013 0.0008 0.0019 0.9824 0.0017 0.0067 
        LK06 10 0.0022 0.0017 0.0007 0.0035 0.0005 0.0040 0.9687 0.0027 0.0159 
        LK07 10 0.0025 0.0033 0.0020 0.0246 0.0091 0.0013 0.9521 0.0018 0.0034 
     LK07-01 10 0.0011 0.0012 0.0030 0.0012 0.0008 0.0019 0.9823 0.0017 0.0068 
     LK07-02 10 0.0024 0.0015 0.0008 0.0016 0.0364 0.0038 0.9369 0.0037 0.0130 
     LK07-03 10 0.0015 0.0022 0.0008 0.0011 0.0010 0.0018 0.7053 0.0137 0.2726 
     LK07-04 10 0.0011 0.0015 0.0006 0.0008 0.0006 0.0014 0.9765 0.0011 0.0165 
     LK07-05 10 0.0020 0.0013 0.0005 0.0031 0.0005 0.0029 0.9798 0.0019 0.0079 
     LK07-06 10 0.0015 0.0030 0.0025 0.0248 0.0012 0.0015 0.9592 0.0026 0.0036 
        LK08 10 0.0016 0.0011 0.0005 0.0038 0.0005 0.0016 0.9841 0.0034 0.0034 
        LK09 10 0.0011 0.0012 0.0007 0.0012 0.0006 0.0026 0.9852 0.0013 0.0060 
        LK11 10 0.0070 0.0111 0.0006 0.0013 0.0006 0.0014 0.9704 0.0029 0.0048 
        LK12 10 0.0010 0.0020 0.0006 0.0017 0.0006 0.0143 0.9628 0.0115 0.0056 
        LK13 10 0.0033 0.0032 0.0010 0.0022 0.0027 0.0021 0.9786 0.0025 0.0042 
        LK14 10 0.0020 0.0018 0.0009 0.0018 0.0022 0.0027 0.9785 0.0039 0.0061 
        LK15 10 0.0010 0.0013 0.0005 0.0017 0.0006 0.0019 0.9873 0.0019 0.0038 
        LK16 10 0.0017 0.0013 0.0010 0.0016 0.0008 0.0010 0.9784 0.0036 0.0106 
        LK17 10 0.0011 0.0011 0.0006 0.0036 0.0006 0.0017 0.9851 0.0019 0.0043 
        LK18 10 0.0012 0.0011 0.0011 0.0102 0.0006 0.0013 0.9724 0.0019 0.0103 
        LK19 10 0.0015 0.0031 0.0025 0.0256 0.0013 0.0016 0.9581 0.0026 0.0036 
        LK20 10 0.0012 0.0010 0.0005 0.0011 0.0007 0.0060 0.9827 0.0020 0.0048 
        LK21 10 0.0021 0.0041 0.0017 0.0011 0.0029 0.0215 0.9581 0.0025 0.0062 
        LK22 10 0.0011 0.0012 0.0012 0.0026 0.0006 0.0029 0.9809 0.0014 0.0081 
        LK23 10 0.0023 0.0021 0.0011 0.0014 0.0032 0.0008 0.9755 0.0098 0.0038 
        LK24 10 0.0016 0.0045 0.0028 0.0022 0.0008 0.0186 0.8115 0.0015 0.1566 
        LK25 10 0.0012 0.0018 0.0009 0.0119 0.0005 0.0020 0.4437 0.0018 0.5362 
       LMC01 10 0.0011 0.0011 0.0007 0.0012 0.0005 0.0017 0.3380 0.0521 0.6036 
       LMC02 10 0.0010 0.0008 0.0006 0.0011 0.0006 0.0018 0.5909 0.0342 0.3689 
       LMC03 10 0.0009 0.0009 0.0006 0.0084 0.0006 0.0020 0.7711 0.0028 0.2128 
       LMC04 10 0.0044 0.0389 0.0025 0.0025 0.0010 0.0053 0.8296 0.0136 0.1021 
        UM01 10 0.1174 0.0146 0.0012 0.0008 0.0008 0.0094 0.8324 0.0168 0.0066 
        UM02 10 0.0014 0.0016 0.0007 0.0010 0.0007 0.0113 0.7819 0.1545 0.0471 
        UM03 10 0.0014 0.0014 0.0008 0.0009 0.0009 0.0156 0.7507 0.1239 0.1044 
        UM04 10 0.0018 0.0021 0.0011 0.0010 0.0009 0.0053 0.9505 0.0110 0.0264 
        UM05 10 0.0044 0.0117 0.0057 0.0012 0.0015 0.0017 0.9603 0.0029 0.0106 
        UM06 10 0.0986 0.0450 0.0021 0.0013 0.0031 0.0208 0.7862 0.0274 0.0155 
        UM07 10 0.0036 0.0032 0.0015 0.0014 0.0009 0.0066 0.9396 0.0333 0.0100 
        UM08 10 0.0866 0.0032 0.0008 0.0022 0.0034 0.0014 0.8896 0.0029 0.0098 
        UM09 10 0.0614 0.0901 0.0006 0.0026 0.0008 0.0087 0.8264 0.0053 0.0040 
        UM10 10 0.0043 0.0122 0.0053 0.0011 0.0015 0.0017 0.9586 0.0029 0.0123 
       PLT01 10 0.0014 0.0012 0.0008 0.0359 0.0006 0.0063 0.9280 0.0062 0.0196 
       PLT02 10 0.0402 0.0032 0.0005 0.0027 0.0083 0.0019 0.9344 0.0021 0.0069 
       PLT03 10 0.0011 0.0012 0.0010 0.0032 0.0005 0.0013 0.9852 0.0020 0.0045 
        DC01 10 0.0025 0.0172 0.0061 0.0015 0.0015 0.0016 0.9519 0.0025 0.0152 
        DC02 10 0.0024 0.0070 0.0016 0.0026 0.0012 0.0105 0.9629 0.0027 0.0091 
        DC03 10 0.0020 0.0291 0.0008 0.0011 0.0009 0.0015 0.9423 0.0026 0.0196 
        DC04 10 0.0262 0.0137 0.0162 0.0071 0.0016 0.0079 0.9183 0.0016 0.0074 
        DC05 10 0.0020 0.0019 0.0005 0.0077 0.0006 0.0010 0.9737 0.0030 0.0096 
        DC06 10 0.0059 0.0068 0.0091 0.0021 0.0064 0.0021 0.9337 0.0044 0.0296 
        DC07 10 0.0020 0.0112 0.0104 0.0018 0.0030 0.0074 0.9054 0.0491 0.0096 
        DC08 10 0.0013 0.0020 0.0008 0.0017 0.0009 0.0013 0.9647 0.0012 0.0261 
        DC09 10 0.0416 0.0133 0.0633 0.0035 0.0102 0.0014 0.8614 0.0019 0.0035 
        DC10 10 0.0067 0.0840 0.0313 0.0030 0.0012 0.0166 0.8387 0.0034 0.0151 
        DC11 10 0.0054 0.0070 0.0016 0.0027 0.0012 0.0095 0.9609 0.0025 0.0091 
        DC12 10 0.0020 0.0034 0.0089 0.0013 0.0083 0.0009 0.9633 0.0026 0.0093 
        DC13 10 0.0017 0.0038 0.0008 0.1618 0.0009 0.0009 0.8205 0.0019 0.0078 
        DC14 10 0.0271 0.0132 0.0160 0.0075 0.0016 0.0075 0.9183 0.0016 0.0072 
        DC15 10 0.0017 0.0035 0.0025 0.0017 0.0031 0.0046 0.9715 0.0029 0.0086 
        DC16 10 0.0084 0.0101 0.0229 0.0032 0.0088 0.0281 0.8728 0.0037 0.0421 
        DC17 10 0.0018 0.0020 0.0018 0.0022 0.0011 0.0031 0.9666 0.0031 0.0184 
        DC18 10 0.0100 0.0459 0.0008 0.0018 0.0007 0.0016 0.9174 0.0018 0.0201 
        DC19 10 0.0012 0.0017 0.0067 0.0015 0.0022 0.0122 0.9420 0.0056 0.0269 
        DC20 10 0.0022 0.0024 0.0007 0.1139 0.0007 0.0213 0.8087 0.0044 0.0457 
        DC21 10 0.0020 0.0019 0.0013 0.0009 0.0009 0.0014 0.9861 0.0023 0.0032 
        DC22 10 0.0465 0.0244 0.0050 0.0013 0.0012 0.0145 0.8250 0.0731 0.0091 
        DC23 10 0.0021 0.0028 0.0017 0.0033 0.0007 0.0048 0.9564 0.0067 0.0216 
        DC24 10 0.0105 0.0454 0.0009 0.0018 0.0007 0.0016 0.9174 0.0018 0.0199 
        DC25 10 0.0016 0.0019 0.0013 0.0011 0.0007 0.0098 0.9503 0.0017 0.0315 
        DC26 10 0.0021 0.0034 0.0093 0.0013 0.0084 0.0009 0.9631 0.0026 0.0088 
        PC02 12 0.0012 0.0013 0.0005 0.0029 0.0006 0.0026 0.0086 0.0016 0.9807 
        PC03 12 0.0012 0.0013 0.0005 0.0028 0.0006 0.0025 0.0081 0.0016 0.9814 
        PC04 12 0.0012 0.0013 0.0005 0.0029 0.0006 0.0025 0.0085 0.0016 0.9809 
        PC05 12 0.0011 0.0013 0.0005 0.0029 0.0006 0.0027 0.0086 0.0016 0.9806 
        PC06 12 0.0012 0.0013 0.0005 0.0029 0.0006 0.0027 0.0084 0.0016 0.9809 
        PC07 12 0.0012 0.0010 0.0017 0.1239 0.0005 0.0011 0.6739 0.0036 0.1931 
        PC08 12 0.0012 0.0013 0.0005 0.0028 0.0006 0.0026 0.0083 0.0016 0.9812 
        PC09 12 0.0012 0.0013 0.0005 0.0029 0.0005 0.0026 0.0087 0.0016 0.9808 
        PC10 12 0.0011 0.0012 0.0005 0.0025 0.0006 0.0031 0.0072 0.0015 0.9821 
        PC11 12 0.0012 0.0013 0.0005 0.0029 0.0006 0.0025 0.0083 0.0016 0.9813 
        PC12 12 0.0012 0.0013 0.0005 0.0029 0.0006 0.0026 0.0083 0.0016 0.9810 
        PC13 12 0.0012 0.0013 0.0005 0.0029 0.0006 0.0026 0.0087 0.0016 0.9806 
        PC14 12 0.0012 0.0013 0.0005 0.0029 0.0006 0.0025 0.0083 0.0016 0.9812 
        PC01 12 0.0012 0.0013 0.0005 0.0028 0.0006 0.0026 0.0085 0.0016 0.9810 
      Nuke10 13 0.0011 0.0011 0.0014 0.0070 0.0006 0.0023 0.0064 0.0010 0.9791 
      Nuke11 13 0.0012 0.0011 0.0021 0.0188 0.0007 0.0034 0.0054 0.0011 0.9663 
      Nuke12 13 0.0010 0.0011 0.0011 0.0017 0.0005 0.0148 0.0047 0.0013 0.9740 
      Nuke13 13 0.0010 0.0016 0.0011 0.0815 0.0008 0.0013 0.0125 0.0073 0.8930 
      Nuke01 13 0.0010 0.0014 0.0006 0.1687 0.0005 0.0035 0.0115 0.0025 0.8104 
      Nuke02 13 0.0010 0.0011 0.0011 0.0016 0.0005 0.0153 0.0047 0.0013 0.9733 
      Nuke03 13 0.0011 0.0010 0.0016 0.0182 0.0007 0.0027 0.0045 0.0010 0.9691 
      Nuke04 13 0.0010 0.0010 0.0012 0.0072 0.0006 0.0014 0.0036 0.0011 0.9831 
      Nuke05 13 0.0010 0.0009 0.0015 0.0070 0.0006 0.0020 0.0043 0.0013 0.9814 
      Nuke06 13 0.0022 0.0027 0.0016 0.1085 0.0006 0.0016 0.0295 0.0052 0.8481 
      Nuke07 13 0.0011 0.0011 0.0012 0.0016 0.0006 0.0021 0.0044 0.0012 0.9867 
      Nuke08 13 0.0010 0.0011 0.0019 0.0019 0.0006 0.0041 0.0045 0.0012 0.9837 
      Nuke09 13 0.0011 0.0011 0.0021 0.0023 0.0008 0.0040 0.0045 0.0012 0.9830 
       Rad01 13 0.0010 0.0012 0.0020 0.0018 0.0006 0.0097 0.0683 0.0016 0.9138 
       Rad02 13 0.0011 0.0014 0.0012 0.3134 0.0007 0.0018 0.0050 0.0014 0.6740 
       Rad03 13 0.0009 0.0014 0.0008 0.1170 0.0006 0.0034 0.0061 0.0026 0.8671 
       Rad04 13 0.0009 0.0012 0.0011 0.2415 0.0006 0.0034 0.0038 0.0017 0.7458 
       Rad05 13 0.0626 0.0014 0.0014 0.0028 0.0006 0.0019 0.0068 0.0013 0.9212 
       Rad06 13 0.0009 0.0010 0.0007 0.0013 0.0008 0.0094 0.0031 0.0012 0.9817 
       Rad07 13 0.0011 0.0011 0.0019 0.0030 0.0006 0.0042 0.0046 0.0012 0.9822 
       Rad08 13 0.0009 0.0018 0.0008 0.2186 0.0006 0.0038 0.0070 0.0039 0.7626 
       Rad09 13 0.0010 0.0010 0.0008 0.0392 0.0005 0.0023 0.0049 0.0017 0.9486 
       Rad10 13 0.0011 0.0009 0.0016 0.0248 0.0007 0.0023 0.0043 0.0012 0.9630 
       Rad11 13 0.0010 0.0011 0.0015 0.0042 0.0005 0.0094 0.0042 0.0016 0.9765 
       Rad12 13 0.0009 0.0010 0.0013 0.0068 0.0006 0.0049 0.0037 0.0011 0.9796 
       Rad13 13 0.0010 0.0010 0.0020 0.0019 0.0006 0.0076 0.0044 0.0011 0.9804 
       Rad14 13 0.0009 0.0013 0.0010 0.2415 0.0007 0.0035 0.0038 0.0017 0.7456 
       Rad15 13 0.0010 0.0013 0.0009 0.0317 0.0007 0.0017 0.0174 0.0316 0.9139 
       Rad16 13 0.0010 0.0011 0.0019 0.0019 0.0006 0.0042 0.0045 0.0012 0.9836 
       HTB16 14 0.0039 0.0029 0.0061 0.0046 0.0006 0.0029 0.9605 0.0037 0.0147 
       HTB17 14 0.0026 0.0405 0.0009 0.1639 0.0008 0.0172 0.7551 0.0012 0.0178 
       HTB18 14 0.0031 0.0019 0.0013 0.0045 0.0015 0.0024 0.4785 0.0970 0.4098 
       HTB19 14 0.0020 0.0015 0.0006 0.0012 0.0012 0.0012 0.9835 0.0013 0.0075 
       HTB20 14 0.0149 0.0054 0.0011 0.1500 0.0015 0.0234 0.7816 0.0010 0.0211 
       HTB21 14 0.0043 0.0050 0.0007 0.0024 0.0037 0.0019 0.9314 0.0328 0.0177 
       HTB22 14 0.0016 0.0027 0.0016 0.0118 0.0010 0.0013 0.9676 0.0016 0.0107 
       HTB23 14 0.0020 0.0014 0.0005 0.0038 0.0010 0.0022 0.9753 0.0029 0.0108 
       HTB11 14 0.0048 0.0064 0.0011 0.0013 0.0042 0.0235 0.9405 0.0071 0.0112 
       HTB12 14 0.0017 0.0023 0.0008 0.0013 0.0055 0.0035 0.9205 0.0465 0.0180 
       HTB13 14 0.0017 0.0025 0.0004 0.0012 0.0020 0.0034 0.9154 0.0464 0.0270 
       HTB14 14 0.0023 0.0445 0.0011 0.0025 0.0010 0.0016 0.8973 0.0022 0.0475 
       HTB15 14 0.0166 0.0093 0.0007 0.0023 0.0034 0.0019 0.9145 0.0318 0.0194 
       Nel01 15 0.0016 0.0019 0.0006 0.0007 0.0007 0.0064 0.9438 0.0013 0.0431 
       Nel02 15 0.0224 0.1805 0.0006 0.0018 0.0011 0.0021 0.0178 0.0051 0.7687 
       Nel03 15 0.0015 0.0017 0.0006 0.0007 0.0007 0.0063 0.9462 0.0013 0.0410 
       Nel04 15 0.0015 0.0018 0.0006 0.0007 0.0007 0.0062 0.9445 0.0013 0.0425 
       Nel05 15 0.0012 0.0016 0.0006 0.0011 0.0005 0.0425 0.9392 0.0018 0.0114 
       Nel06 15 0.0012 0.0015 0.0007 0.0012 0.0005 0.0431 0.9386 0.0019 0.0113 
       Nel07 15 0.0012 0.0016 0.0006 0.0011 0.0005 0.0446 0.9371 0.0019 0.0114 
       Nel08 15 0.0028 0.0021 0.0020 0.0011 0.0053 0.0034 0.9393 0.0013 0.0428 
       Nel09 15 0.0012 0.0016 0.0006 0.0012 0.0005 0.0419 0.9394 0.0019 0.0118 
       Nel10 15 0.0059 0.0024 0.0004 0.0012 0.0005 0.0037 0.4303 0.0054 0.5500 
       Nel11 15 0.0016 0.0018 0.0006 0.0007 0.0007 0.0062 0.9447 0.0013 0.0423 
       Nel12 15 0.0012 0.0016 0.0007 0.0012 0.0005 0.0434 0.9379 0.0019 0.0117 
       Nel13 15 0.0020 0.0022 0.0013 0.0007 0.0059 0.0104 0.5906 0.0019 0.3850 
       Nel14 15 0.0012 0.0015 0.0007 0.0012 0.0005 0.0421 0.9397 0.0019 0.0112 
         EI1 16 0.0018 0.0010 0.0005 0.0018 0.1087 0.0014 0.8625 0.0018 0.0205 
        EI10 16 0.0057 0.0012 0.0007 0.0014 0.0664 0.0013 0.9081 0.0016 0.0137 
        EI11 16 0.0030 0.0010 0.0006 0.0017 0.0843 0.0013 0.8938 0.0016 0.0126 
        EI12 16 0.0018 0.0009 0.0006 0.0021 0.1274 0.0022 0.8435 0.0019 0.0195 
         EI2 16 0.0020 0.0015 0.0026 0.0015 0.0074 0.0012 0.9485 0.0016 0.0338 
         EI3 16 0.0017 0.0010 0.0005 0.0021 0.1278 0.0023 0.8443 0.0019 0.0185 
         EI4 16 0.0033 0.0010 0.0006 0.0016 0.0835 0.0013 0.8950 0.0017 0.0120 
         EI5 16 0.0018 0.0010 0.0005 0.0019 0.1278 0.0020 0.8508 0.0019 0.0123 
         EI6 16 0.0062 0.0012 0.0007 0.0015 0.0655 0.0013 0.9074 0.0016 0.0147 
         EI7 16 0.0082 0.0012 0.0006 0.0016 0.0812 0.0018 0.8970 0.0017 0.0067 
         EI8 16 0.0038 0.0013 0.0007 0.0014 0.1160 0.0016 0.8653 0.0017 0.0082 
         EI9 16 0.0017 0.0010 0.0008 0.0017 0.0666 0.0015 0.9129 0.0017 0.0121 
        OL01 17 0.0010 0.0009 0.0012 0.0019 0.0005 0.0012 0.0031 0.0023 0.9880 
        OL02 17 0.0017 0.0015 0.0006 0.0042 0.0009 0.0438 0.0545 0.0013 0.8916 
        OL03 17 0.0010 0.0009 0.0012 0.0021 0.0005 0.0012 0.0032 0.0023 0.9876 
        OL04 17 0.0010 0.0009 0.0012 0.0019 0.0005 0.0012 0.0032 0.0023 0.9879 
        OL06 17 0.0010 0.0009 0.0012 0.0019 0.0005 0.0012 0.0030 0.0023 0.9880 
       OSP01 17 0.0010 0.0009 0.0011 0.0019 0.0005 0.0012 0.0032 0.0022 0.9880 
       OSP02 17 0.0010 0.0008 0.0013 0.0019 0.0005 0.0012 0.0032 0.0023 0.9878 
       OSP03 17 0.0010 0.0009 0.0012 0.0019 0.0005 0.0012 0.0031 0.0022 0.9879 
       OSP04 17 0.0010 0.0009 0.0013 0.0019 0.0005 0.0011 0.0034 0.0025 0.9874 
       OSP05 17 0.0010 0.0009 0.0012 0.0019 0.0005 0.0012 0.0032 0.0022 0.9879 
       OSP06 17 0.0010 0.0009 0.0012 0.0020 0.0005 0.0012 0.0032 0.0023 0.9878 
       OSP07 17 0.0010 0.0009 0.0012 0.0019 0.0005 0.0012 0.0031 0.0024 0.9879 
       OSP10 17 0.0010 0.0009 0.0013 0.0019 0.0005 0.0012 0.0032 0.0022 0.9878 
       OSP11 17 0.0010 0.0009 0.0012 0.0019 0.0005 0.0012 0.0032 0.0023 0.9879 
       OSP12 17 0.0010 0.0009 0.0012 0.0019 0.0005 0.0012 0.0032 0.0023 0.9878 
       OSP13 17 0.0010 0.0009 0.0012 0.0020 0.0005 0.0012 0.0032 0.0022 0.9877 
       OSP14 17 0.0010 0.0009 0.0012 0.0019 0.0005 0.0012 0.0031 0.0023 0.9880 
        OY02 17 0.0019 0.0016 0.0008 0.0030 0.0010 0.0053 0.0037 0.0014 0.9812 
        OY04 17 0.0018 0.0013 0.0006 0.0037 0.0010 0.0020 0.0042 0.0012 0.9841 
        OY05 17 0.0059 0.0032 0.0020 0.0012 0.0008 0.0028 0.2140 0.0013 0.7688 
        OY06 17 0.0028 0.0038 0.0013 0.0009 0.0008 0.0012 0.3014 0.0016 0.6861 
        OY07 17 0.0013 0.0015 0.0015 0.0018 0.0011 0.0082 0.0033 0.0026 0.9788 
        OY08 17 0.0013 0.0015 0.0015 0.0016 0.0010 0.0076 0.0033 0.0025 0.9797 
        OY10 17 0.0032 0.0242 0.0006 0.0192 0.0006 0.0248 0.0637 0.0026 0.8610 
        OY12 17 0.0094 0.0025 0.0005 0.0028 0.0010 0.0021 0.0084 0.0015 0.9718 
        OY15 17 0.0034 0.0048 0.0017 0.0009 0.0008 0.0024 0.2166 0.0014 0.7680 
        OY16 17 0.0920 0.3114 0.0005 0.0010 0.0006 0.0013 0.1946 0.0036 0.3950 
        OY20 17 0.0125 0.0041 0.0006 0.0037 0.0008 0.0104 0.1168 0.0016 0.8495 
        OY26 17 0.0098 0.0017 0.0005 0.0041 0.0009 0.0013 0.0509 0.0013 0.9295 
        OY27 17 0.0023 0.0031 0.0011 0.0015 0.0007 0.0010 0.3673 0.0053 0.6176 
       RHL02 17 0.0012 0.0009 0.0005 0.0123 0.0005 0.0180 0.6135 0.0017 0.3513 
       RHL03 17 0.0013 0.0009 0.0005 0.0195 0.0005 0.0119 0.6717 0.0017 0.2920 
       RHL05 17 0.0013 0.0009 0.0005 0.0192 0.0005 0.0123 0.6716 0.0017 0.2920 
       RHL06 17 0.0013 0.0009 0.0005 0.0095 0.0005 0.0159 0.6199 0.0018 0.3498 
       RHL07 17 0.0013 0.0009 0.0005 0.0154 0.0005 0.0076 0.7060 0.0016 0.2663 
       RHL09 17 0.0013 0.0009 0.0005 0.0188 0.0005 0.0123 0.6734 0.0017 0.2906 
       RHL11 17 0.0013 0.0009 0.0005 0.0162 0.0005 0.0083 0.7051 0.0016 0.2657 
       RHL12 17 0.0013 0.0009 0.0005 0.0086 0.0005 0.0045 0.5794 0.0017 0.4026 
       RHL13 17 0.0013 0.0009 0.0005 0.0183 0.0005 0.0115 0.6727 0.0017 0.2926 
       RHL14 17 0.0013 0.0009 0.0005 0.0178 0.0005 0.0121 0.6735 0.0017 0.2918 
       MOON1 17 0.0010 0.0037 0.0013 0.0017 0.0005 0.0027 0.3144 0.0012 0.6735 
       Cre01 17 0.0009 0.0008 0.0005 0.0010 0.0007 0.0014 0.0030 0.0013 0.9905 
       Cre02 17 0.0008 0.0008 0.0005 0.0010 0.0007 0.0012 0.0031 0.0016 0.9903 
       Cre03 17 0.0008 0.0008 0.0005 0.0009 0.0006 0.0012 0.0033 0.0016 0.9903 
       Cre04 17 0.0008 0.0008 0.0005 0.0010 0.0007 0.0012 0.0032 0.0016 0.9902 
       Cre05 17 0.0008 0.0008 0.0005 0.0010 0.0007 0.0012 0.0031 0.0016 0.9903 
       Cre06 17 0.0008 0.0008 0.0005 0.0009 0.0006 0.0035 0.0039 0.0012 0.9878 
       Cre07 17 0.0008 0.0008 0.0005 0.0010 0.0007 0.0012 0.0032 0.0016 0.9904 
       Cre08 17 0.0008 0.0008 0.0006 0.0064 0.0005 0.0049 0.0041 0.0015 0.9804 
       Cre09 17 0.0008 0.0008 0.0004 0.0009 0.0006 0.0035 0.0039 0.0012 0.9879 
       Cre10 17 0.0008 0.0008 0.0005 0.0009 0.0006 0.0011 0.0028 0.0014 0.9912 
       Cre11 17 0.0008 0.0008 0.0005 0.0010 0.0007 0.0012 0.0030 0.0016 0.9904 
       SSN31 17 0.0009 0.0008 0.0005 0.0057 0.0005 0.0015 0.0031 0.0015 0.9855 
       SSN32 17 0.0008 0.0008 0.0004 0.0009 0.0006 0.0037 0.0038 0.0012 0.9878 
       SSN33 17 0.0008 0.0008 0.0004 0.0053 0.0005 0.0018 0.0025 0.0011 0.9867 
       SSN34 17 0.0008 0.0008 0.0005 0.0009 0.0006 0.0034 0.0038 0.0011 0.9880 
       SSN35 17 0.0009 0.0008 0.0005 0.0010 0.0007 0.0012 0.0032 0.0016 0.9902 
       SSN36 17 0.0008 0.0008 0.0005 0.0010 0.0007 0.0012 0.0031 0.0016 0.9904 
       SSN38 17 0.0009 0.0011 0.0005 0.0011 0.0006 0.0034 0.2495 0.0014 0.7415 
       SSN39 17 0.0008 0.0007 0.0004 0.0009 0.0006 0.0011 0.0033 0.0015 0.9906 
       SSN40 17 0.0008 0.0008 0.0004 0.0043 0.0005 0.0015 0.0025 0.0013 0.9879 
       SSN41 17 0.0008 0.0007 0.0004 0.0009 0.0006 0.0011 0.0033 0.0014 0.9907 
       BCV44 17 0.0008 0.0008 0.0005 0.0021 0.0004 0.0023 0.0028 0.0023 0.9879 
       BCV45 17 0.0008 0.0008 0.0005 0.0023 0.0005 0.0024 0.0026 0.0022 0.9880 
       BCV46 17 0.0008 0.0009 0.0005 0.0021 0.0005 0.0023 0.0026 0.0022 0.9881 
       BCV47 17 0.0008 0.0008 0.0005 0.0023 0.0005 0.0024 0.0028 0.0022 0.9878 
       BCV48 17 0.0008 0.0008 0.0005 0.0022 0.0004 0.0023 0.0026 0.0022 0.9881 
       BCV49 17 0.0008 0.0008 0.0005 0.0022 0.0005 0.0023 0.0027 0.0021 0.9881 
       BCV50 17 0.0008 0.0008 0.0005 0.0022 0.0004 0.0023 0.0026 0.0023 0.9880 
       BCV51 17 0.0008 0.0008 0.0005 0.0021 0.0004 0.0022 0.0027 0.0022 0.9881 
       BCV52 17 0.0008 0.0009 0.0005 0.0021 0.0004 0.0024 0.0026 0.0022 0.9881 
       BCV53 17 0.0008 0.0009 0.0005 0.0024 0.0005 0.0023 0.0026 0.0022 0.9878 
      SSBC01 17 0.0008 0.0009 0.0005 0.0023 0.0004 0.0022 0.0026 0.0022 0.9882 
      SSBC02 17 0.0008 0.0008 0.0005 0.0022 0.0005 0.0022 0.0026 0.0022 0.9882 
      SSBC03 17 0.0008 0.0008 0.0005 0.0024 0.0004 0.0023 0.0027 0.0022 0.9879 
      SSBC04 17 0.0008 0.0008 0.0005 0.0023 0.0004 0.0024 0.0025 0.0022 0.9879 
      SSBC05 17 0.0008 0.0008 0.0005 0.0022 0.0005 0.0023 0.0026 0.0021 0.9882 
      SSBC06 17 0.0008 0.0009 0.0005 0.0019 0.0004 0.0022 0.0030 0.0022 0.9880 
      SSBC07 17 0.0008 0.0008 0.0005 0.0021 0.0004 0.0023 0.0026 0.0022 0.9881 
       LCV01 17 0.0009 0.0024 0.0006 0.0008 0.0005 0.0027 0.0108 0.0020 0.9793 
       LCV02 17 0.0009 0.0024 0.0006 0.0008 0.0005 0.0026 0.0105 0.0020 0.9797 
