        TC01  1 0.0220 0.0031 0.0013 0.9674 0.0048 0.0015 
        TC02  1 0.0020 0.0014 0.0017 0.9873 0.0056 0.0020 
        TC03  1 0.0017 0.0019 0.0008 0.9885 0.0043 0.0030 
        TC04  1 0.0018 0.0293 0.0147 0.8390 0.0470 0.0682 
        TC05  1 0.0007 0.0007 0.0010 0.9822 0.0111 0.0042 
        TC06  1 0.0010 0.0019 0.0022 0.9239 0.0053 0.0656 
        TC07  1 0.0021 0.0010 0.0007 0.9779 0.0133 0.0050 
        TC08  1 0.0011 0.0006 0.0029 0.9878 0.0049 0.0028 
        TC09  1 0.0007 0.0007 0.0226 0.9587 0.0038 0.0136 
        TC10  1 0.0077 0.0007 0.0006 0.9871 0.0023 0.0016 
        TC11  1 0.0025 0.0010 0.0007 0.9924 0.0022 0.0011 
        TC12  1 0.0162 0.0055 0.0034 0.9245 0.0357 0.0148 
        TC13  1 0.0010 0.0007 0.0009 0.9934 0.0022 0.0019 
        TC14  1 0.0035 0.0034 0.0016 0.9510 0.0093 0.0311 
        TC15  1 0.0013 0.0025 0.0025 0.9604 0.0110 0.0223 
        TC16  1 0.0011 0.0013 0.0422 0.8907 0.0117 0.0531 
        TC17  1 0.0044 0.0037 0.0025 0.9573 0.0244 0.0077 
        TC18  1 0.0126 0.0438 0.0006 0.9237 0.0158 0.0035 
        TC19  1 0.0012 0.0007 0.0039 0.9909 0.0021 0.0012 
        TC20  1 0.0011 0.0025 0.0017 0.9899 0.0027 0.0021 
        TC21  1 0.0032 0.0143 0.0023 0.7501 0.2268 0.0034 
        TC22  1 0.0098 0.0014 0.0024 0.9633 0.0164 0.0067 
        TC23  1 0.0022 0.0011 0.0010 0.9896 0.0035 0.0027 
        TC24  1 0.0006 0.0005 0.0007 0.9950 0.0020 0.0012 
        TC25  1 0.0090 0.0203 0.0008 0.8976 0.0087 0.0636 
        TC26  1 0.0007 0.0005 0.0007 0.9911 0.0028 0.0042 
        TC27  1 0.0062 0.0008 0.0008 0.9723 0.0049 0.0150 
        TC28  1 0.0016 0.0033 0.0010 0.9511 0.0133 0.0297 
        TC29  1 0.0018 0.0034 0.0020 0.9508 0.0166 0.0254 
        TC30  1 0.0011 0.0006 0.0035 0.9884 0.0027 0.0037 
        TC31  1 0.0205 0.0158 0.0018 0.9510 0.0093 0.0016 
        TC32  1 0.0011 0.0012 0.0011 0.8685 0.0611 0.0671 
        TC33  1 0.0027 0.0012 0.0007 0.9867 0.0051 0.0035 
        TC34  1 0.0013 0.0008 0.0012 0.9669 0.0032 0.0266 
        TC35  1 0.0397 0.0041 0.0096 0.9351 0.0060 0.0056 
        TC36  1 0.0013 0.0008 0.0012 0.9905 0.0037 0.0026 
        TC37  1 0.0012 0.0013 0.0014 0.9902 0.0049 0.0010 
        TC38  1 0.0015 0.0260 0.0133 0.9443 0.0054 0.0095 
        TC39  1 0.0009 0.0009 0.0041 0.9532 0.0027 0.0382 
        TC40  1 0.0017 0.0012 0.0009 0.9701 0.0109 0.0152 
        TC41  1 0.0020 0.0008 0.0007 0.9913 0.0036 0.0017 
        TC42  1 0.0009 0.0005 0.0015 0.9861 0.0026 0.0084 
        TC43  1 0.0010 0.0014 0.0012 0.9830 0.0035 0.0097 
        TC44  1 0.0036 0.0008 0.0172 0.9674 0.0038 0.0072 
        TC45  1 0.0007 0.0030 0.0006 0.9925 0.0022 0.0009 
        TC46  1 0.0025 0.0037 0.0008 0.9824 0.0091 0.0016 
        TC47  1 0.0030 0.0012 0.0012 0.9882 0.0035 0.0029 
        TC48  1 0.0027 0.0070 0.0009 0.9516 0.0340 0.0039 
        TC49  1 0.0018 0.0011 0.0007 0.9876 0.0065 0.0024 
        TC50  1 0.0047 0.0021 0.0015 0.9781 0.0116 0.0021 
        TC51  1 0.0032 0.0014 0.0046 0.9415 0.0056 0.0437 
        TC52  1 0.0006 0.0031 0.0006 0.9820 0.0086 0.0051 
        TC53  1 0.0030 0.0006 0.0020 0.9836 0.0058 0.0050 
        TC54  1 0.0026 0.0015 0.0009 0.9664 0.0222 0.0064 
        TC55  1 0.0017 0.0018 0.0007 0.9782 0.0098 0.0078 
        TC56  1 0.0044 0.0094 0.0017 0.9646 0.0102 0.0096 
        TC57  1 0.0054 0.0013 0.0010 0.9807 0.0102 0.0014 
        TC58  1 0.0062 0.0007 0.0013 0.9873 0.0030 0.0015 
        TC59  1 0.0013 0.0005 0.0007 0.9928 0.0027 0.0020 
        TA01  2 0.0011 0.0007 0.0022 0.9901 0.0036 0.0023 
        TA02  2 0.0007 0.0010 0.0018 0.9872 0.0071 0.0023 
        TA03  2 0.0034 0.0010 0.0110 0.9760 0.0056 0.0029 
        TA04  2 0.0016 0.0008 0.3449 0.6326 0.0034 0.0167 
        TA05  2 0.0013 0.0014 0.0025 0.9889 0.0041 0.0018 
        TA06  2 0.0012 0.0006 0.0014 0.9911 0.0021 0.0035 
        TA07  2 0.0025 0.0010 0.0414 0.9400 0.0129 0.0021 
        TA08  2 0.0050 0.0017 0.0019 0.9787 0.0023 0.0103 
        TA09  2 0.0008 0.0005 0.0038 0.9889 0.0026 0.0034 
        TA10  2 0.0599 0.0007 0.0018 0.9271 0.0067 0.0037 
        TA11  2 0.0415 0.0019 0.0043 0.9441 0.0056 0.0026 
        TA12  2 0.0258 0.0008 0.0011 0.9313 0.0396 0.0015 
        TA13  2 0.0112 0.0010 0.0328 0.7361 0.1651 0.0538 
        TA14  2 0.0006 0.0005 0.0058 0.9832 0.0033 0.0065 
        TA15  2 0.0010 0.0005 0.0020 0.9808 0.0035 0.0122 
        TA16  2 0.0172 0.0007 0.0082 0.9445 0.0061 0.0233 
        TA17  2 0.0024 0.0008 0.0008 0.9826 0.0083 0.0052 
        TA18  2 0.0038 0.0006 0.0020 0.9467 0.0444 0.0025 
        TA19  2 0.0566 0.0008 0.0309 0.8905 0.0125 0.0087 
        TA20  2 0.0012 0.0012 0.0008 0.9792 0.0154 0.0022 
        TA21  2 0.0015 0.0013 0.0016 0.9838 0.0084 0.0034 
        TA22  2 0.0007 0.0008 0.0010 0.9582 0.0051 0.0343 
        TA23  2 0.0009 0.0006 0.0019 0.9629 0.0026 0.0311 
        TA24  2 0.0021 0.0008 0.0015 0.9848 0.0076 0.0031 
        TA25  2 0.1741 0.0007 0.0011 0.8127 0.0051 0.0063 
        TA26  2 0.0032 0.0013 0.0110 0.9750 0.0040 0.0055 
        TA27  2 0.0015 0.0006 0.0030 0.9815 0.0101 0.0034 
        TA28  2 0.0008 0.0104 0.0024 0.9499 0.0340 0.0024 
        TA29  2 0.0023 0.0008 0.0013 0.9701 0.0040 0.0215 
        TA30  2 0.0026 0.0012 0.1341 0.8503 0.0061 0.0058 
      BERM01  3 0.0007 0.0005 0.0059 0.0011 0.0016 0.9903 
      BERM02  3 0.0005 0.0006 0.0020 0.0016 0.0018 0.9935 
      BERM03  3 0.0008 0.0006 0.0007 0.0011 0.0016 0.9953 
      BERM04  3 0.0009 0.0006 0.0011 0.0010 0.0015 0.9950 
      BERM05  3 0.0008 0.0007 0.0015 0.0008 0.0018 0.9943 
      BERM06  3 0.0007 0.0007 0.0053 0.0019 0.0017 0.9898 
      BERM07  3 0.0012 0.0006 0.0023 0.0016 0.0017 0.9925 
      BERM08  3 0.0006 0.0006 0.0020 0.0010 0.0013 0.9945 
      BERM09  3 0.0008 0.0004 0.3904 0.0026 0.0017 0.6041 
      BERM10  3 0.0011 0.0009 0.0026 0.0026 0.0022 0.9907 
      BERM11  3 0.0007 0.0006 0.0080 0.0015 0.0015 0.9876 
      BERM12  3 0.0036 0.0110 0.0010 0.0029 0.0021 0.9794 
      BERM13  3 0.0009 0.0005 0.0022 0.0010 0.0018 0.9936 
      BERM14  3 0.0009 0.0005 0.0022 0.0027 0.0016 0.9922 
      CROC01  3 0.0020 0.0008 0.0019 0.0013 0.0050 0.9890 
      CROC02  3 0.0009 0.0014 0.0016 0.0025 0.0043 0.9892 
      CROC03  3 0.0010 0.0016 0.0048 0.0017 0.0022 0.9888 
      CROC04  3 0.0007 0.0005 0.0009 0.0406 0.0070 0.9502 
      CROC05  3 0.0009 0.0006 0.0022 0.0013 0.0020 0.9929 
      CROC06  3 0.0137 0.0010 0.0019 0.0069 0.0144 0.9621 
      CROC07  3 0.0011 0.0007 0.0033 0.0025 0.0030 0.9895 
      CROC08  3 0.0017 0.0014 0.0013 0.0013 0.0090 0.9852 
      CROC09  3 0.0006 0.0008 0.0183 0.0012 0.0024 0.9768 
      CROC10  3 0.0009 0.0007 0.0173 0.0011 0.0017 0.9784 
      CROC11  3 0.0006 0.0008 0.0190 0.0012 0.0024 0.9760 
     CROC110  3 0.0011 0.0005 0.0110 0.0033 0.0083 0.9759 
     CROC116  3 0.0011 0.0016 0.0013 0.0051 0.0052 0.9856 
      CROC12  3 0.0006 0.0005 0.0011 0.0013 0.0018 0.9946 
     CROC123  3 0.0005 0.0006 0.0019 0.0015 0.0014 0.9940 
      CROC13  3 0.0010 0.0014 0.0009 0.0014 0.0016 0.9937 
      CROC14  3 0.0372 0.0046 0.0019 0.0096 0.0190 0.9278 
      CROC15  3 0.0022 0.0037 0.0009 0.0025 0.0865 0.9042 
      CROC16  3 0.0010 0.0036 0.0071 0.0013 0.0037 0.9833 
      CROC17  3 0.0006 0.0006 0.0007 0.0251 0.0028 0.9703 
      CROC18  3 0.0010 0.0056 0.0009 0.0026 0.0055 0.9844 
      CROC19  3 0.0012 0.0007 0.0017 0.0015 0.0026 0.9923 
     CROC198  3 0.0013 0.0006 0.0029 0.0015 0.0018 0.9920 
      CROC20  3 0.0009 0.0010 0.0019 0.0011 0.0029 0.9921 
     CROC202  3 0.0013 0.0023 0.0012 0.0016 0.0018 0.9917 
      CROC21  3 0.0008 0.0007 0.0021 0.0012 0.0020 0.9932 
     CROC216  3 0.0008 0.0009 0.0090 0.0164 0.0216 0.9512 
      CROC22  3 0.0116 0.0008 0.0037 0.0079 0.0047 0.9712 
      CROC23  3 0.0010 0.0008 0.0184 0.0037 0.0028 0.9734 
      CROC24  3 0.0006 0.0013 0.0078 0.0021 0.0019 0.9862 
      CROC25  3 0.0007 0.0005 0.0012 0.0014 0.0015 0.9947 
     CROC259  3 0.0021 0.0008 0.0024 0.0053 0.0018 0.9876 
      CROC26  3 0.0011 0.0007 0.0014 0.0380 0.0017 0.9570 
      CROC27  3 0.0009 0.0007 0.0206 0.0132 0.0029 0.9618 
      CROC28  3 0.0007 0.0006 0.0388 0.1565 0.0017 0.8017 
      CROC29  3 0.0007 0.0007 0.0011 0.0012 0.0020 0.9944 
      CROC30  3 0.0008 0.0012 0.0022 0.0032 0.0053 0.9874 
      CROC31  3 0.0009 0.0007 0.0770 0.0088 0.0071 0.9055 
      CROC32  3 0.0008 0.0005 0.0013 0.0017 0.0017 0.9940 
      CROC33  3 0.0006 0.0011 0.0020 0.0066 0.0207 0.9690 
      CROC34  3 0.0009 0.0006 0.0011 0.0012 0.0018 0.9944 
      CROC35  3 0.0006 0.0009 0.0045 0.0048 0.0031 0.9861 
      CROC36  3 0.0008 0.0006 0.0033 0.0011 0.0018 0.9923 
      CROC57  3 0.0010 0.0006 0.0010 0.0009 0.0018 0.9946 
      CROC81  3 0.0008 0.0034 0.0014 0.0017 0.0032 0.9895 
      CROC84  3 0.0012 0.0022 0.0038 0.0020 0.0016 0.9892 
        FW01  3 0.0008 0.0012 0.0017 0.9911 0.0022 0.0030 
        FW02  3 0.0005 0.0004 0.9964 0.0006 0.0011 0.0009 
        FW03  3 0.0006 0.0008 0.0017 0.9931 0.0017 0.0021 
        FW04  3 0.0005 0.0004 0.9965 0.0006 0.0011 0.0009 
        FW05  3 0.0005 0.0004 0.9964 0.0006 0.0011 0.0009 
        FW06  3 0.0005 0.0004 0.9964 0.0006 0.0011 0.0010 
        FW07  3 0.0007 0.0008 0.0017 0.9932 0.0017 0.0019 
        FW08  3 0.0005 0.0004 0.9964 0.0006 0.0011 0.0009 
        FW09  3 0.0005 0.0004 0.9964 0.0006 0.0011 0.0010 
        FW10  3 0.0006 0.0008 0.0017 0.9930 0.0017 0.0021 
       FW100  3 0.0007 0.0008 0.0040 0.9905 0.0017 0.0023 
       FW101  3 0.0007 0.0008 0.0016 0.9931 0.0017 0.0020 
       FW102  3 0.0005 0.0004 0.9964 0.0006 0.0011 0.0010 
       FW103  3 0.0005 0.0004 0.9964 0.0006 0.0011 0.0009 
       FW104  3 0.0009 0.0012 0.0016 0.9912 0.0021 0.0031 
       FW105  3 0.0007 0.0008 0.0017 0.9930 0.0017 0.0021 
       FW106  3 0.0010 0.0015 0.0154 0.0029 0.0060 0.9733 
       FW107  3 0.0009 0.0011 0.0017 0.9910 0.0021 0.0032 
       FW108  3 0.0005 0.0004 0.9964 0.0006 0.0011 0.0010 
       FW109  3 0.0007 0.0008 0.0015 0.9933 0.0017 0.0020 
        FW11  3 0.0007 0.0008 0.0039 0.9904 0.0016 0.0025 
       FW110  3 0.0006 0.0008 0.0017 0.9932 0.0017 0.0020 
       FW111  3 0.0005 0.0004 0.9964 0.0006 0.0011 0.0009 
       FW112  3 0.0007 0.0008 0.0039 0.9904 0.0017 0.0024 
       FW113  3 0.0005 0.0004 0.9964 0.0006 0.0011 0.0009 
       FW114  3 0.0007 0.0008 0.0015 0.9932 0.0016 0.0021 
       FW115  3 0.0007 0.0008 0.0017 0.9930 0.0017 0.0020 
       FW116  3 0.0005 0.0004 0.9965 0.0006 0.0011 0.0009 
        FW12  3 0.0005 0.0004 0.9964 0.0006 0.0011 0.0009 
        FW13  3 0.0005 0.0004 0.9963 0.0006 0.0011 0.0009 
        FW14  3 0.0008 0.0012 0.0016 0.9914 0.0020 0.0030 
        FW15  3 0.0009 0.0011 0.0017 0.9912 0.0021 0.0031 
        FW16  3 0.0007 0.0009 0.0018 0.9930 0.0017 0.0020 
        FW17  3 0.0007 0.0009 0.0016 0.9931 0.0017 0.0021 
        FW18  3 0.0007 0.0008 0.0040 0.9902 0.0017 0.0027 
        FW19  3 0.0005 0.0004 0.9965 0.0006 0.0011 0.0009 
        FW20  3 0.0005 0.0004 0.9964 0.0006 0.0011 0.0009 
        FW21  3 0.0005 0.0004 0.9964 0.0006 0.0011 0.0009 
        FW22  3 0.0006 0.0008 0.0039 0.9905 0.0017 0.0025 
        FW23  3 0.0005 0.0004 0.9964 0.0006 0.0011 0.0009 
        FW24  3 0.0005 0.0004 0.9964 0.0006 0.0011 0.0009 
        FW25  3 0.0005 0.0004 0.9964 0.0006 0.0011 0.0009 
        FW26  3 0.0005 0.0004 0.9963 0.0006 0.0011 0.0009 
        FW27  3 0.0007 0.0008 0.0016 0.9932 0.0017 0.0020 
        FW28  3 0.0005 0.0004 0.9964 0.0006 0.0011 0.0009 
        FW29  3 0.0005 0.0004 0.9964 0.0006 0.0011 0.0009 
        FW30  3 0.0010 0.0014 0.0139 0.0028 0.0063 0.9745 
        FW32  3 0.0009 0.0011 0.0017 0.9912 0.0021 0.0031 
        FW33  3 0.0005 0.0004 0.9823 0.0023 0.0051 0.0094 
        FW34  3 0.0005 0.0004 0.9964 0.0006 0.0011 0.0009 
        FW35  3 0.0005 0.0004 0.9964 0.0006 0.0011 0.0009 
        FW36  3 0.0005 0.0004 0.9964 0.0006 0.0011 0.0009 
        FW37  3 0.0007 0.0008 0.0017 0.9931 0.0017 0.0020 
        FW51  3 0.0005 0.0004 0.9964 0.0006 0.0011 0.0009 
        FW52  3 0.0007 0.0009 0.0017 0.9930 0.0017 0.0021 
        FW53  3 0.0005 0.0004 0.9964 0.0006 0.0011 0.0009 
        FW54  3 0.0007 0.0009 0.0017 0.9931 0.0016 0.0021 
        FW55  3 0.0005 0.0004 0.9964 0.0006 0.0011 0.0009 
        FW56  3 0.0005 0.0004 0.9964 0.0006 0.0011 0.0009 
        FW57  3 0.0005 0.0004 0.9964 0.0006 0.0011 0.0009 
        FW78  3 0.0005 0.0004 0.9964 0.0006 0.0011 0.0010 
        FW79  3 0.0005 0.0004 0.9964 0.0006 0.0011 0.0009 
        FW80  3 0.0005 0.0004 0.9964 0.0006 0.0011 0.0009 
        FW81  3 0.0007 0.0008 0.0017 0.9931 0.0016 0.0021 
        FW82  3 0.0006 0.0008 0.0016 0.9933 0.0017 0.0020 
        FW83  3 0.0009 0.0011 0.0016 0.9912 0.0021 0.0032 
        FW84  3 0.0005 0.0004 0.9964 0.0006 0.0011 0.0009 
        FW85  3 0.0007 0.0009 0.0016 0.9929 0.0018 0.0021 
        FW86  3 0.0007 0.0008 0.0039 0.9904 0.0017 0.0026 
        FW87  3 0.0006 0.0008 0.0041 0.9904 0.0017 0.0023 
        FW88  3 0.0005 0.0004 0.9964 0.0006 0.0011 0.0009 
        FW89  3 0.0005 0.0004 0.9965 0.0006 0.0011 0.0009 
        FW90  3 0.0005 0.0004 0.9964 0.0006 0.0011 0.0009 
        FW91  3 0.0007 0.0008 0.0017 0.9932 0.0017 0.0020 
        FW92  3 0.0005 0.0004 0.9964 0.0006 0.0011 0.0010 
        FW93  3 0.0005 0.0004 0.9964 0.0006 0.0011 0.0009 
        FW94  3 0.0007 0.0008 0.0016 0.9931 0.0017 0.0020 
        FW95  3 0.0005 0.0004 0.9964 0.0007 0.0011 0.0010 
        FW96  3 0.0005 0.0004 0.9964 0.0006 0.0011 0.0009 
        FW97  3 0.0025 0.0010 0.0076 0.0020 0.0031 0.9837 
        FW98  3 0.0007 0.0008 0.0017 0.9931 0.0016 0.0020 
        FW99  3 0.0005 0.0004 0.9964 0.0006 0.0011 0.0009 
       Cal01  3 0.0009 0.0007 0.1759 0.0012 0.0024 0.8189 
       Cal02  3 0.0008 0.0008 0.0017 0.0013 0.0021 0.9933 
       Cal03  3 0.0005 0.0010 0.0058 0.0020 0.0026 0.9881 
       Cal04  3 0.0013 0.0010 0.0006 0.0016 0.0026 0.9930 
       Cal05  3 0.0006 0.0006 0.0035 0.0026 0.0012 0.9916 
       Cal06  3 0.0008 0.0006 0.0019 0.0017 0.0026 0.9923 
       Cal07  3 0.0005 0.0005 0.0075 0.0050 0.0014 0.9851 
       Cal08  3 0.0020 0.0009 0.0046 0.0033 0.0033 0.9859 
       Cal09  3 0.0009 0.0022 0.0071 0.0174 0.0031 0.9694 
       Cal10  3 0.0008 0.0007 0.0008 0.0017 0.0026 0.9934 
       Cal11  3 0.0050 0.0007 0.0065 0.0038 0.0028 0.9813 
      Cal197  3 0.0005 0.0005 0.2425 0.0014 0.0023 0.7528 
      Cal198  3 0.0009 0.0006 0.0028 0.1069 0.0225 0.8664 
      Cal199  3 0.0043 0.0007 0.0023 0.0009 0.0021 0.9896 
      Cal200  3 0.0007 0.0012 0.0548 0.0061 0.0062 0.9309 
      Cal201  3 0.0006 0.0004 0.0251 0.0028 0.0018 0.9693 
      Cal202  3 0.0058 0.0060 0.0031 0.0015 0.0291 0.9545 
      Cal203  3 0.0012 0.0006 0.0011 0.0013 0.0019 0.9939 
      Cal204  3 0.0008 0.0007 0.0012 0.0010 0.0019 0.9944 
      Cal205  3 0.0006 0.0006 0.0016 0.0013 0.0020 0.9940 
      Cal206  3 0.0007 0.0010 0.0029 0.0012 0.0022 0.9919 
      Cal207  3 0.0005 0.0005 0.0019 0.0011 0.0021 0.9938 
      Cal208  3 0.0009 0.0007 0.0020 0.0014 0.0019 0.9931 
      Cal209  3 0.0007 0.0006 0.0041 0.0011 0.0014 0.9921 
      Cal210  3 0.0042 0.0007 0.0024 0.0009 0.0021 0.9896 
      Cal211  3 0.0006 0.0004 0.0076 0.0011 0.0017 0.9885 
      Cal212  3 0.0007 0.0006 0.0031 0.0014 0.0020 0.9922 
      Cal213  3 0.0006 0.0006 0.0105 0.1604 0.0183 0.8096 
      Cal214  3 0.0041 0.0007 0.0005 0.0011 0.0041 0.9895 
      Cal215  3 0.0016 0.0013 0.0040 0.0013 0.0022 0.9895 
      Cal216  3 0.0006 0.0008 0.0491 0.0033 0.0026 0.9436 
      Cal217  3 0.0006 0.0004 0.0045 0.0015 0.0016 0.9913 
      Cal218  3 0.0007 0.0006 0.0164 0.0018 0.0018 0.9787 
      Cal219  3 0.0009 0.0006 0.0070 0.0016 0.0022 0.9878 
      Cal220  3 0.0023 0.0005 0.0029 0.0014 0.0048 0.9880 
      Cal221  3 0.0008 0.0007 0.0030 0.0015 0.0017 0.9924 
      Cal222  3 0.0015 0.0007 0.0016 0.0013 0.0017 0.9932 
      Cal223  3 0.0019 0.0007 0.0026 0.0278 0.0075 0.9594 
      Cal224  3 0.0011 0.0034 0.0009 0.0029 0.0305 0.9612 
       Cal33  3 0.0006 0.0006 0.0012 0.0013 0.0020 0.9943 
       Cal34  3 0.0007 0.0008 0.0012 0.0021 0.0023 0.9928 
       Cal35  3 0.0005 0.0006 0.0013 0.0013 0.0017 0.9946 
       Cal37  3 0.0006 0.0007 0.0014 0.0027 0.0038 0.9908 
       Cal38  3 0.0007 0.0004 0.2776 0.0011 0.0015 0.7187 
       Cal39  3 0.0010 0.0010 0.0140 0.0023 0.0016 0.9800 
       Cal40  3 0.0007 0.0006 0.0046 0.0011 0.0014 0.9915 
       Cal41  3 0.0007 0.0006 0.0018 0.0012 0.0014 0.9943 
       Cal42  3 0.0009 0.0006 0.0019 0.0008 0.0017 0.9940 
       Cal43  3 0.0007 0.0005 0.0013 0.0013 0.0020 0.9941 
       Cal44  3 0.0010 0.0007 0.0098 0.0018 0.0032 0.9834 
        BW41  3 0.0011 0.0182 0.0022 0.0014 0.0038 0.9733 
        BW42  3 0.0007 0.0006 0.0016 0.0041 0.0029 0.9900 
        BW44  3 0.0008 0.0005 0.0014 0.0021 0.0018 0.9935 
        BW45  3 0.0005 0.0004 0.0051 0.0014 0.0013 0.9913 
        BW46  3 0.0007 0.0014 0.0082 0.0045 0.0038 0.9815 
        BW47  3 0.0008 0.0118 0.0056 0.0051 0.0072 0.9695 
        BW48  3 0.0016 0.0012 0.0038 0.0027 0.0029 0.9879 
        BW49  3 0.0008 0.0005 0.0063 0.0024 0.0017 0.9883 
        BW50  3 0.0007 0.0008 0.0027 0.0013 0.0018 0.9927 
        BW51  3 0.0007 0.0005 0.0926 0.0256 0.0017 0.8788 
        BW52  3 0.0015 0.0005 0.0013 0.0013 0.0016 0.9938 
        BW53  3 0.0006 0.0006 0.0015 0.0035 0.0099 0.9838 
        BW54  3 0.0058 0.0031 0.0045 0.0266 0.0680 0.8919 
        BW55  3 0.0011 0.0009 0.0042 0.0027 0.0024 0.9887 
        BW56  3 0.0006 0.0011 0.0014 0.0011 0.0016 0.9942 
        BW57  3 0.0006 0.0005 0.0021 0.0014 0.0022 0.9931 
        BW58  3 0.0007 0.0006 0.0022 0.0025 0.0020 0.9920 
        BW59  3 0.0006 0.0006 0.0206 0.0017 0.0018 0.9746 
        BW60  3 0.0007 0.0007 0.0009 0.0016 0.0016 0.9945 
        BW61  3 0.0008 0.0540 0.0168 0.0039 0.0086 0.9158 
        BW62  3 0.0007 0.0014 0.0033 0.0022 0.0028 0.9897 
        BW63  3 0.0007 0.0009 0.0021 0.0453 0.0364 0.9146 
        BW64  3 0.0006 0.0005 0.0176 0.0021 0.0017 0.9775 
        BW65  3 0.0015 0.0030 0.0021 0.0022 0.0065 0.9847 
        BW66  3 0.0014 0.0009 0.0023 0.0033 0.0018 0.9903 
        BW67  3 0.0006 0.0005 0.1675 0.0012 0.0015 0.8287 
        BW68  3 0.0006 0.0012 0.0024 0.0026 0.0028 0.9904 
        BW69  3 0.0009 0.0301 0.0014 0.0015 0.0018 0.9642 
        BW70  3 0.0011 0.0005 0.0216 0.0022 0.0022 0.9724 
        BW71  3 0.0007 0.0005 0.0106 0.0010 0.0013 0.9858 
        BW72  3 0.0014 0.0024 0.0027 0.0019 0.0069 0.9847 
        BW73  3 0.0121 0.0247 0.0028 0.0033 0.0099 0.9471 
        BW74  3 0.0012 0.0013 0.0062 0.0074 0.0035 0.9804 
        BW75  3 0.0043 0.0006 0.0038 0.0033 0.0054 0.9825 
        BW76  3 0.0010 0.0014 0.0025 0.0010 0.0021 0.9920 
        BW77  3 0.0006 0.0014 0.0964 0.0092 0.0122 0.8801 
        BW78  3 0.0011 0.0006 0.0009 0.0022 0.0015 0.9937 
        BW79  3 0.0008 0.0005 0.0033 0.0017 0.0023 0.9913 
        BW80  3 0.0007 0.0005 0.0020 0.0015 0.0023 0.9930 
        BW81  3 0.0006 0.0006 0.0011 0.0030 0.0021 0.9925 
       BWS05  3 0.0018 0.0062 0.0186 0.0079 0.0064 0.9591 
       BWS06  3 0.0012 0.0008 0.0068 0.0065 0.0029 0.9819 
       BWS07  3 0.0006 0.0005 0.0100 0.0025 0.0062 0.9801 
       BWS08  3 0.0016 0.0047 0.0018 0.0037 0.0036 0.9846 
       BWS09  3 0.0006 0.0005 0.0095 0.0010 0.0015 0.9869 
       BWS10  3 0.0011 0.0009 0.0043 0.0025 0.0086 0.9827 
       BWS11  3 0.0007 0.0005 0.0016 0.0008 0.0017 0.9946 
       BWS12  3 0.0011 0.0007 0.0019 0.0023 0.0033 0.9907 
       BWS13  3 0.0008 0.0006 0.0010 0.0018 0.0021 0.9937 
       BWS14  3 0.0007 0.0015 0.0021 0.0060 0.0033 0.9863 
       BWS15  3 0.0026 0.0009 0.0018 0.0012 0.0037 0.9898 
       BWS16  3 0.0007 0.0007 0.0010 0.0078 0.0019 0.9879 
       BWS17  3 0.0008 0.0012 0.0010 0.0012 0.0019 0.9938 
       BWS18  3 0.0015 0.0006 0.0027 0.0019 0.0108 0.9825 
       BWS19  3 0.0015 0.0100 0.0069 0.0021 0.0112 0.9683 
       BWS20  3 0.0006 0.0005 0.0027 0.0042 0.0015 0.9904 
       BWS21  3 0.0021 0.0013 0.0015 0.0122 0.0400 0.9429 
       BWS22  3 0.0006 0.0006 0.0106 0.0012 0.0024 0.9845 
       BWS23  3 0.0009 0.0007 0.0017 0.0017 0.0084 0.9866 
       BWS24  3 0.0017 0.0007 0.0014 0.0017 0.0044 0.9901 
       BWS25  3 0.0006 0.0013 0.0009 0.0010 0.0083 0.9879 
       BWS26  3 0.0008 0.0008 0.0011 0.0018 0.0022 0.9933 
       BWS27  3 0.0006 0.0005 0.0014 0.0027 0.0018 0.9931 
       BWS28  3 0.0008 0.0013 0.0014 0.0057 0.0090 0.9817 
       BWS29  3 0.0012 0.0014 0.0013 0.0030 0.0026 0.9905 
       BWS30  3 0.0006 0.0006 0.0236 0.0011 0.0018 0.9722 
       BWS31  3 0.0007 0.0021 0.0022 0.0039 0.0022 0.9889 
       BWS32  3 0.0013 0.0006 0.0029 0.0048 0.0027 0.9877 
       BWS33  3 0.0010 0.0013 0.0014 0.0014 0.0036 0.9913 
       BWS34  3 0.0010 0.0016 0.0018 0.0036 0.0044 0.9877 
       BWS35  3 0.0019 0.0009 0.0010 0.0028 0.0032 0.9901 
       BWS36  3 0.0010 0.0006 0.0018 0.0012 0.0014 0.9941 
       BWS37  3 0.0007 0.0024 0.0025 0.0025 0.0026 0.9893 
       BWS38  3 0.0013 0.0008 0.0058 0.0029 0.0027 0.9864 
       BWS39  3 0.0007 0.0005 0.1239 0.0016 0.0017 0.8715 
       BWS40  3 0.0015 0.0008 0.0019 0.0012 0.0016 0.9929 
       BWN01  3 0.0008 0.0009 0.0027 0.0035 0.0017 0.9904 
       BWN02  3 0.0006 0.0006 0.0176 0.0240 0.0016 0.9556 
       BWN03  3 0.0015 0.0025 0.0015 0.0013 0.0058 0.9875 
       BWN04  3 0.0013 0.0011 0.0096 0.0034 0.0023 0.9824 
        NC01  4 0.0009 0.0005 0.0238 0.9385 0.0115 0.0248 
        NC02  4 0.0011 0.0013 0.0124 0.9760 0.0027 0.0064 
        NC03  4 0.0006 0.0006 0.0029 0.9868 0.0073 0.0020 
        NC04  4 0.0011 0.0005 0.0022 0.9886 0.0025 0.0051 
        NC05  4 0.0038 0.0011 0.0019 0.8911 0.0450 0.0571 
        NC06  4 0.0008 0.0145 0.0051 0.9593 0.0030 0.0174 
        NC07  4 0.0010 0.0006 0.0017 0.9903 0.0022 0.0040 
        NC08  4 0.0013 0.0007 0.0159 0.9724 0.0029 0.0068 
        NC09  4 0.0017 0.0006 0.0074 0.9728 0.0041 0.0134 
        NC10  4 0.0007 0.0005 0.0481 0.7364 0.0018 0.2123 
        NC11  4 0.0018 0.0010 0.0018 0.9712 0.0044 0.0199 
        NC12  4 0.0006 0.0012 0.0008 0.9915 0.0023 0.0035 
        NC13  4 0.0008 0.0005 0.0024 0.9695 0.0207 0.0062 
        NC14  4 0.0011 0.0007 0.0041 0.9811 0.0079 0.0052 
        NC15  4 0.0011 0.0014 0.0032 0.9788 0.0067 0.0088 
        NC16  4 0.0009 0.0005 0.0096 0.9283 0.0117 0.0489 
        NC18  4 0.0020 0.0006 0.0056 0.9836 0.0033 0.0050 
        NC19  4 0.0006 0.0005 0.0013 0.9946 0.0016 0.0015 
        NC20  4 0.0057 0.0009 0.0260 0.9442 0.0034 0.0199 
        NC21  4 0.0006 0.0007 0.0500 0.9324 0.0123 0.0041 
        NC22  4 0.0012 0.0010 0.0015 0.9925 0.0015 0.0023 
        NC23  4 0.0014 0.0005 0.0151 0.9645 0.0054 0.0131 
        NC24  4 0.0012 0.0010 0.0008 0.9936 0.0019 0.0016 
      SAND01  4 0.0007 0.0005 0.9944 0.0011 0.0014 0.0019 
      SAND02  4 0.0008 0.0050 0.9880 0.0019 0.0020 0.0023 
      SAND03  4 0.0006 0.0005 0.9954 0.0010 0.0011 0.0014 
      SAND04  4 0.0006 0.0007 0.9949 0.0012 0.0017 0.0009 
      SAND05  4 0.0006 0.0006 0.9949 0.0011 0.0015 0.0013 
      SAND06  4 0.0006 0.0007 0.9934 0.0021 0.0019 0.0014 
      SAND07  4 0.0010 0.0005 0.9941 0.0012 0.0014 0.0019 
      SAND08  4 0.0007 0.0009 0.9749 0.0199 0.0016 0.0020 
      SAND09  4 0.0012 0.0012 0.8867 0.0581 0.0058 0.0470 
      SAND10  4 0.0023 0.0029 0.9770 0.0133 0.0026 0.0019 
      SAND11  4 0.0007 0.0007 0.9937 0.0009 0.0017 0.0022 
      SAND12  4 0.0007 0.0005 0.9951 0.0011 0.0014 0.0012 
      SAND13  4 0.0024 0.0030 0.9778 0.0123 0.0026 0.0019 
      SAND14  4 0.0021 0.0069 0.9778 0.0055 0.0037 0.0040 
      SAND15  4 0.0006 0.0005 0.9946 0.0012 0.0016 0.0015 
      SAND16  4 0.0006 0.0006 0.9768 0.0096 0.0092 0.0034 
      SAND17  4 0.0007 0.0006 0.9936 0.0011 0.0014 0.0025 
      SAND18  4 0.0005 0.0006 0.9948 0.0013 0.0013 0.0015 
      SAND19  4 0.0005 0.0005 0.9955 0.0010 0.0013 0.0012 
      SAND20  4 0.0009 0.0004 0.9909 0.0043 0.0013 0.0021 
      SAND21  4 0.0008 0.0005 0.9933 0.0016 0.0013 0.0025 
      SAND22  4 0.0006 0.0004 0.9889 0.0047 0.0013 0.0040 
      SAND23  4 0.0005 0.0007 0.9940 0.0011 0.0015 0.0021 
      SAND24  4 0.0008 0.0023 0.0012 0.0019 0.0031 0.9908 
      SAND25  4 0.0008 0.0007 0.9898 0.0031 0.0044 0.0013 
      SAND26  4 0.0006 0.0006 0.9951 0.0013 0.0012 0.0013 
      SAND27  4 0.0013 0.0010 0.7794 0.2033 0.0034 0.0116 
      SAND28  4 0.0006 0.0007 0.9945 0.0013 0.0015 0.0015 
      SAND29  4 0.0006 0.0005 0.9951 0.0010 0.0014 0.0014 
      SAND30  4 0.0006 0.0004 0.9896 0.0028 0.0017 0.0049 
      SAND31  4 0.0008 0.0004 0.9948 0.0013 0.0015 0.0011 
      SAND32  4 0.0010 0.0023 0.9252 0.0672 0.0026 0.0017 
      SAND33  4 0.0015 0.0008 0.9908 0.0029 0.0018 0.0022 
      SAND34  4 0.0005 0.0005 0.9942 0.0016 0.0016 0.0017 
      SAND35  4 0.0006 0.0004 0.9961 0.0008 0.0011 0.0010 
      SAND36  4 0.0006 0.0006 0.9907 0.0022 0.0016 0.0043 
      SAND37  4 0.0006 0.0005 0.9894 0.0023 0.0016 0.0056 
      SAND38  4 0.0009 0.0006 0.9919 0.0025 0.0017 0.0023 
      SAND39  4 0.0006 0.0006 0.9862 0.0088 0.0015 0.0023 
      SAND40  4 0.0011 0.0032 0.9866 0.0030 0.0038 0.0023 
      SAND41  4 0.0007 0.0010 0.9928 0.0018 0.0017 0.0020 
      SAND42  4 0.0014 0.0010 0.9884 0.0031 0.0024 0.0037 
      SAND43  4 0.0013 0.0012 0.7945 0.0189 0.0033 0.1809 
      SAND44  4 0.0008 0.0004 0.9952 0.0011 0.0012 0.0012 
       Hon01  5 0.0023 0.0012 0.0008 0.9912 0.0037 0.0009 
       Hon02  5 0.0007 0.0011 0.0255 0.9551 0.0038 0.0138 
       Hon03  5 0.0299 0.0355 0.0848 0.7883 0.0586 0.0029 
       Hon04  5 0.0013 0.0007 0.0016 0.9897 0.0051 0.0016 
       Hon05  5 0.0011 0.0015 0.0011 0.9917 0.0028 0.0018 
       Hon06  5 0.0012 0.0004 0.0011 0.9941 0.0023 0.0008 
       Hon07  5 0.0014 0.0010 0.0010 0.9931 0.0023 0.0013 
       Hon08  5 0.0007 0.0006 0.0006 0.9942 0.0028 0.0012 
       Hon09  5 0.0018 0.0016 0.2156 0.7755 0.0029 0.0026 
       Hon10  5 0.0276 0.0039 0.0011 0.9607 0.0048 0.0018 
       Hon11  5 0.0063 0.0018 0.0010 0.9376 0.0438 0.0095 
       Hon12  5 0.0031 0.0017 0.0523 0.9332 0.0035 0.0062 
       Hon13  5 0.0011 0.0015 0.0008 0.9917 0.0031 0.0018 
       Hon14  5 0.0013 0.0192 0.0007 0.9686 0.0089 0.0012 
       Hon15  5 0.0016 0.0009 0.0015 0.9893 0.0059 0.0008 
       Hon16  5 0.0007 0.0006 0.0006 0.9942 0.0027 0.0011 
       Hon17  5 0.0008 0.0005 0.0009 0.9942 0.0027 0.0010 
       Hon18  5 0.0010 0.0006 0.0658 0.8995 0.0040 0.0292 
       Hon19  5 0.0026 0.0006 0.0010 0.9861 0.0081 0.0016 
       Hon20  5 0.0037 0.0006 0.0006 0.9811 0.0128 0.0012 
      ERIN01  6 0.9959 0.0008 0.0005 0.0006 0.0016 0.0007 
      ERIN02  6 0.9959 0.0007 0.0005 0.0006 0.0016 0.0007 
      ERIN03  6 0.9959 0.0007 0.0005 0.0006 0.0016 0.0007 
      ERIN04  6 0.9959 0.0007 0.0004 0.0006 0.0017 0.0007 
      ERIN05  6 0.9959 0.0007 0.0004 0.0006 0.0016 0.0007 
      ERIN06  6 0.9960 0.0007 0.0005 0.0006 0.0016 0.0007 
      ERIN07  6 0.9959 0.0007 0.0004 0.0006 0.0017 0.0007 
      ERIN08  6 0.9959 0.0008 0.0004 0.0006 0.0016 0.0007 
      ERIN09  6 0.9960 0.0007 0.0005 0.0006 0.0016 0.0007 
      ERIN10  6 0.9960 0.0007 0.0005 0.0006 0.0016 0.0007 
      ERIN11  6 0.9915 0.0008 0.0004 0.0015 0.0051 0.0007 
      ERIN12  6 0.9960 0.0007 0.0005 0.0006 0.0016 0.0007 
      ERIN13  6 0.9959 0.0007 0.0004 0.0006 0.0016 0.0007 
      ERIN14  6 0.9960 0.0007 0.0005 0.0006 0.0016 0.0007 
      ERIN15  6 0.9960 0.0007 0.0005 0.0006 0.0016 0.0007 
      ERIN16  6 0.9957 0.0008 0.0004 0.0006 0.0018 0.0007 
      ERIN17  6 0.9959 0.0007 0.0005 0.0006 0.0016 0.0007 
      ERIN18  6 0.9960 0.0007 0.0005 0.0006 0.0016 0.0007 
      ERIN19  6 0.9960 0.0008 0.0004 0.0006 0.0016 0.0007 
      ERIN20  6 0.9960 0.0008 0.0004 0.0006 0.0016 0.0006 
      ERIN21  6 0.9958 0.0009 0.0005 0.0006 0.0016 0.0007 
      ERIN22  6 0.9960 0.0007 0.0004 0.0006 0.0016 0.0007 
      ERIN23  6 0.9960 0.0007 0.0004 0.0006 0.0016 0.0007 
      ERIN24  6 0.9959 0.0007 0.0005 0.0006 0.0016 0.0007 
      ERIN25  6 0.9958 0.0009 0.0004 0.0006 0.0017 0.0007 
      ERIN26  6 0.9960 0.0007 0.0004 0.0006 0.0016 0.0007 
      ERIN27  6 0.9959 0.0008 0.0005 0.0006 0.0016 0.0007 
      ERIN28  6 0.9959 0.0007 0.0005 0.0006 0.0016 0.0007 
      ERIN29  6 0.9960 0.0007 0.0004 0.0006 0.0016 0.0007 
      ERIN30  6 0.9959 0.0007 0.0005 0.0006 0.0016 0.0007 
      ERIN31  6 0.9960 0.0007 0.0004 0.0006 0.0016 0.0007 
      ERIN32  6 0.9959 0.0007 0.0005 0.0006 0.0016 0.0007 
      ERIN33  6 0.9959 0.0007 0.0005 0.0006 0.0016 0.0007 
      ERIN34  6 0.9959 0.0007 0.0005 0.0006 0.0016 0.0007 
      ERIN35  6 0.9960 0.0007 0.0004 0.0006 0.0016 0.0007 
      ERIN38  6 0.9959 0.0007 0.0005 0.0006 0.0017 0.0007 
      ERIN39  6 0.9960 0.0007 0.0004 0.0006 0.0016 0.0007 
      ERIN40  6 0.9959 0.0007 0.0004 0.0006 0.0016 0.0007 
      ERIN41  6 0.9959 0.0007 0.0005 0.0006 0.0016 0.0007 
      ERIN42  6 0.9960 0.0007 0.0004 0.0006 0.0016 0.0007 
      ERIN43  6 0.9959 0.0007 0.0004 0.0006 0.0017 0.0007 
      ERIN44  6 0.9960 0.0007 0.0004 0.0006 0.0016 0.0007 
      ERIN45  6 0.9959 0.0007 0.0005 0.0006 0.0016 0.0007 
      ERIN46  6 0.9959 0.0008 0.0004 0.0006 0.0016 0.0007 
      ERIN47  6 0.9960 0.0007 0.0004 0.0006 0.0016 0.0007 
       FDS01  6 0.9959 0.0008 0.0005 0.0006 0.0016 0.0007 
       FDS02  6 0.9960 0.0007 0.0004 0.0006 0.0016 0.0007 
       FDS03  6 0.9957 0.0007 0.0004 0.0006 0.0018 0.0007 
       FDS04  6 0.9960 0.0007 0.0004 0.0006 0.0016 0.0007 
       FDS05  6 0.9960 0.0007 0.0005 0.0006 0.0015 0.0007 
       FDS06  6 0.9959 0.0007 0.0004 0.0006 0.0016 0.0007 
       FDS07  6 0.9960 0.0007 0.0005 0.0006 0.0016 0.0007 
       FDS08  6 0.9960 0.0007 0.0005 0.0006 0.0016 0.0007 
       FDS09  6 0.9959 0.0008 0.0004 0.0006 0.0016 0.0007 
       FDS10  6 0.9959 0.0007 0.0005 0.0006 0.0016 0.0007 
       FDS11  6 0.9960 0.0007 0.0005 0.0006 0.0016 0.0006 
       FDS12  6 0.9958 0.0007 0.0004 0.0006 0.0017 0.0007 
       FDS13  6 0.9960 0.0007 0.0004 0.0006 0.0016 0.0007 
       FDS14  6 0.9960 0.0007 0.0004 0.0006 0.0016 0.0007 
       FDS15  6 0.9959 0.0007 0.0005 0.0006 0.0016 0.0007 
       FDS16  6 0.9959 0.0007 0.0004 0.0006 0.0016 0.0007 
       FDS17  6 0.9959 0.0007 0.0005 0.0006 0.0016 0.0007 
       FDS18  6 0.9957 0.0007 0.0004 0.0007 0.0018 0.0007 
       EPP01  6 0.9954 0.0007 0.0005 0.0006 0.0022 0.0007 
       EPP02  6 0.9954 0.0007 0.0004 0.0006 0.0022 0.0006 
       EPP03  6 0.9939 0.0012 0.0004 0.0006 0.0033 0.0006 
       EPP04  6 0.9955 0.0007 0.0004 0.0006 0.0021 0.0006 
       EPP05  6 0.9951 0.0008 0.0004 0.0006 0.0024 0.0007 
       EPP06  6 0.9954 0.0008 0.0004 0.0006 0.0022 0.0007 
       EPP07  6 0.9954 0.0008 0.0004 0.0006 0.0022 0.0006 
       EPP08  6 0.9954 0.0007 0.0004 0.0006 0.0023 0.0007 
       EPP09  6 0.9953 0.0008 0.0004 0.0006 0.0022 0.0007 
       EPP10  6 0.9954 0.0008 0.0005 0.0006 0.0021 0.0006 
       EPP11  6 0.9292 0.0009 0.0004 0.0014 0.0674 0.0007 
       EPP12  6 0.9953 0.0007 0.0004 0.0006 0.0023 0.0006 
       EPP13  6 0.9954 0.0007 0.0004 0.0006 0.0022 0.0006 
       EPP14  6 0.9954 0.0007 0.0004 0.0006 0.0022 0.0007 
       EPP15  6 0.9924 0.0008 0.0026 0.0011 0.0023 0.0009 
       EPP16  6 0.9953 0.0007 0.0004 0.0006 0.0023 0.0007 
       EPP17  6 0.9954 0.0007 0.0004 0.0006 0.0022 0.0006 
       EPP18  6 0.9953 0.0007 0.0004 0.0006 0.0023 0.0007 
       EPP19  6 0.9950 0.0008 0.0004 0.0006 0.0024 0.0006 
       EPP20  6 0.9938 0.0014 0.0004 0.0006 0.0031 0.0007 
       EPP21  6 0.9955 0.0007 0.0004 0.0006 0.0021 0.0006 
       EPP22  6 0.9954 0.0008 0.0004 0.0006 0.0022 0.0007 
       EPP23  6 0.8830 0.0008 0.0005 0.0010 0.1141 0.0007 
       EPP24  6 0.9954 0.0008 0.0004 0.0006 0.0022 0.0006 
       EPP25  6 0.9952 0.0007 0.0004 0.0006 0.0024 0.0007 
       EPP26  6 0.9951 0.0007 0.0005 0.0006 0.0024 0.0006 
       EPP27  6 0.9939 0.0012 0.0004 0.0006 0.0032 0.0007 
       EPP28  6 0.9955 0.0007 0.0004 0.0006 0.0021 0.0006 
       EPP29  6 0.9954 0.0007 0.0004 0.0006 0.0022 0.0007 
       EPP30  6 0.9954 0.0007 0.0004 0.0006 0.0022 0.0006 
       EPP31  6 0.9939 0.0013 0.0004 0.0006 0.0031 0.0007 
       EPP32  6 0.9954 0.0007 0.0004 0.0006 0.0022 0.0007 
       EPP33  6 0.9953 0.0008 0.0004 0.0006 0.0022 0.0006 
       EPP34  6 0.9951 0.0007 0.0004 0.0006 0.0024 0.0007 
       EPP35  6 0.9479 0.0013 0.0018 0.0067 0.0415 0.0009 
       EPP36  6 0.9955 0.0007 0.0004 0.0006 0.0021 0.0007 
       EPP37  6 0.9527 0.0013 0.0004 0.0047 0.0369 0.0040 
       EPP38  6 0.9938 0.0014 0.0004 0.0006 0.0032 0.0007 
       EPP39  6 0.9955 0.0007 0.0004 0.0006 0.0022 0.0007 
       EPP40  6 0.9954 0.0007 0.0004 0.0006 0.0022 0.0007 
       EPP41  6 0.9954 0.0007 0.0004 0.0006 0.0022 0.0006 
       EPP42  6 0.9953 0.0007 0.0004 0.0006 0.0023 0.0006 
       EPP43  6 0.9954 0.0007 0.0005 0.0006 0.0022 0.0006 
        ES68  6 0.8993 0.0137 0.0006 0.0457 0.0375 0.0031 
       ENW44  6 0.9954 0.0007 0.0004 0.0006 0.0022 0.0006 
       ENW45  6 0.9954 0.0008 0.0004 0.0006 0.0022 0.0006 
       ENW46  6 0.9954 0.0007 0.0004 0.0006 0.0022 0.0006 
       ENW48  6 0.9954 0.0008 0.0004 0.0006 0.0022 0.0007 
       ENW49  6 0.9954 0.0007 0.0004 0.0006 0.0022 0.0006 
       ENW50  6 0.9953 0.0007 0.0005 0.0006 0.0022 0.0007 
       ENW51  6 0.9949 0.0008 0.0006 0.0008 0.0022 0.0008 
       ENW52  6 0.9954 0.0007 0.0004 0.0006 0.0022 0.0006 
       ENW53  6 0.9948 0.0008 0.0006 0.0008 0.0022 0.0008 
       ENW54  6 0.9948 0.0009 0.0006 0.0008 0.0022 0.0008 
       ENW55  6 0.9948 0.0008 0.0006 0.0008 0.0022 0.0008 
       ENW56  6 0.9948 0.0008 0.0006 0.0008 0.0022 0.0008 
       ENW57  6 0.9948 0.0009 0.0006 0.0007 0.0022 0.0008 
       ENE58  6 0.9914 0.0015 0.0013 0.0017 0.0032 0.0008 
       ENE59  6 0.9947 0.0008 0.0006 0.0008 0.0023 0.0009 
       ENE60  6 0.9947 0.0008 0.0006 0.0008 0.0022 0.0008 
       ENE61  6 0.9913 0.0014 0.0013 0.0018 0.0034 0.0008 
       ENE62  6 0.9948 0.0008 0.0006 0.0008 0.0022 0.0008 
       ENE63  6 0.9947 0.0008 0.0006 0.0008 0.0022 0.0009 
       ENE64  6 0.9912 0.0014 0.0014 0.0018 0.0033 0.0008 
       ENE65  6 0.9948 0.0009 0.0006 0.0008 0.0022 0.0008 
       ENE66  6 0.9948 0.0008 0.0006 0.0008 0.0022 0.0008 
       ENE67  6 0.9947 0.0009 0.0006 0.0008 0.0022 0.0009 
         CC1  7 0.5359 0.0641 0.0017 0.0016 0.3934 0.0033 
        CC10  7 0.6090 0.0029 0.0014 0.0013 0.3826 0.0028 
        CC11  7 0.8881 0.0082 0.0058 0.0032 0.0938 0.0008 
        CC12  7 0.6324 0.0018 0.0005 0.0012 0.3630 0.0010 
        CC13  7 0.5369 0.0641 0.0017 0.0016 0.3925 0.0032 
        CC14  7 0.5356 0.0636 0.0017 0.0016 0.3944 0.0032 
        CC15  7 0.5186 0.0504 0.0016 0.0023 0.4221 0.0050 
        CC16  7 0.7746 0.1557 0.0004 0.0068 0.0618 0.0008 
        CC17  7 0.5869 0.0035 0.0015 0.0014 0.4040 0.0028 
         CC2  7 0.5365 0.0658 0.0017 0.0016 0.3912 0.0032 
         CC3  7 0.5623 0.0350 0.0016 0.0017 0.3965 0.0030 
         CC4  7 0.1524 0.0059 0.0013 0.1234 0.7070 0.0101 
         CC5  7 0.9716 0.0198 0.0004 0.0011 0.0064 0.0008 
         CC6  7 0.9689 0.0215 0.0004 0.0012 0.0071 0.0008 
         CC7  7 0.9722 0.0194 0.0004 0.0011 0.0061 0.0008 
         CC8  7 0.9718 0.0196 0.0004 0.0011 0.0063 0.0008 
         CC9  7 0.9684 0.0218 0.0004 0.0012 0.0074 0.0008 
       BUN01  8 0.0014 0.0046 0.0005 0.0013 0.9912 0.0010 
       BUN02  8 0.0079 0.0618 0.0009 0.0031 0.9251 0.0013 
       BUN03  8 0.0024 0.0007 0.0007 0.0012 0.9939 0.0011 
       BUN04  8 0.0198 0.0010 0.0016 0.0013 0.9749 0.0014 
       BUN05  8 0.0048 0.0035 0.0007 0.0012 0.9423 0.0476 
       BUN06  8 0.0026 0.0008 0.0006 0.0017 0.9933 0.0010 
       BUN07  8 0.0009 0.0010 0.0005 0.0014 0.9953 0.0009 
       SOB01  8 0.0025 0.0012 0.0006 0.0010 0.9920 0.0027 
       SOB02  8 0.0041 0.0015 0.0010 0.0947 0.8966 0.0021 
       SOB03  8 0.0192 0.0015 0.0028 0.0012 0.9732 0.0021 
       SOB04  8 0.0015 0.0038 0.0028 0.0897 0.8832 0.0190 
       SOB05  8 0.0331 0.0019 0.0006 0.0011 0.9617 0.0017 
       SOB06  8 0.0049 0.0266 0.0006 0.0021 0.9580 0.0077 
       SOB07  8 0.0132 0.1051 0.0007 0.0027 0.8771 0.0012 
       SOB08  8 0.0019 0.0109 0.0014 0.0012 0.9826 0.0020 
       SOB09  8 0.0320 0.0021 0.0030 0.0724 0.8374 0.0531 
       SOB10  8 0.0053 0.0052 0.0005 0.0009 0.9871 0.0011 
       SOB11  8 0.0020 0.0017 0.0008 0.1384 0.8561 0.0010 
       OSR01  8 0.0212 0.0009 0.0061 0.1395 0.8307 0.0017 
       OSR02  8 0.0014 0.2819 0.0005 0.0016 0.7137 0.0010 
       OSR03  8 0.0013 0.2821 0.0004 0.0016 0.7136 0.0010 
       OSR04  8 0.0024 0.1224 0.0007 0.0011 0.8724 0.0010 
       OSR05  8 0.0014 0.2835 0.0004 0.0016 0.7121 0.0011 
       OSR06  8 0.0015 0.0009 0.0016 0.0319 0.9629 0.0012 
       OSR07  8 0.0078 0.0027 0.0026 0.0018 0.9830 0.0021 
       OSR08  8 0.0078 0.0030 0.0026 0.0017 0.9828 0.0021 
       OSR09  8 0.1035 0.0012 0.0021 0.0265 0.8640 0.0027 
      Lion01  8 0.0148 0.0011 0.0267 0.0024 0.9539 0.0012 
      Lion02  8 0.0012 0.0014 0.0013 0.0023 0.9929 0.0009 
      Lion03  8 0.0010 0.0018 0.0007 0.0010 0.9946 0.0010 
      Lion04  8 0.0031 0.0013 0.0008 0.0017 0.9913 0.0017 
      Lion05  8 0.0052 0.0046 0.0052 0.0086 0.9689 0.0074 
      Lion06  8 0.0048 0.0051 0.0053 0.0098 0.9668 0.0082 
        TW01  8 0.0020 0.0013 0.0006 0.0010 0.9939 0.0012 
        TW02  8 0.0041 0.0070 0.0006 0.0021 0.9588 0.0274 
        TW03  8 0.0021 0.0014 0.0007 0.0010 0.9935 0.0013 
        TW04  8 0.0020 0.0014 0.0006 0.0010 0.9938 0.0012 
        CF01  8 0.0044 0.0024 0.0007 0.0012 0.9904 0.0009 
        CF02  8 0.0012 0.2274 0.0007 0.0011 0.7684 0.0012 
        CF03  8 0.0042 0.0024 0.0007 0.0013 0.9905 0.0009 
        CF04  8 0.0043 0.0009 0.0015 0.0025 0.9822 0.0087 
        CF05  8 0.0024 0.0022 0.0008 0.0018 0.9912 0.0016 
        CF06  8 0.0024 0.0020 0.0008 0.0020 0.9912 0.0016 
        CF07  8 0.0010 0.0006 0.0157 0.0253 0.9290 0.0284 
        CF08  8 0.0025 0.0021 0.0008 0.0018 0.9911 0.0017 
        CF09  8 0.0044 0.0026 0.0007 0.0012 0.9903 0.0009 
        CF10  8 0.0017 0.0020 0.0008 0.0015 0.9920 0.0020 
        CF11  8 0.0738 0.0096 0.0283 0.0038 0.8808 0.0037 
        CF12  8 0.0042 0.0024 0.0007 0.0012 0.9906 0.0009 
        CF13  8 0.0022 0.0021 0.0008 0.0018 0.9914 0.0016 
        CF14  8 0.0046 0.0009 0.0016 0.0026 0.9821 0.0083 
        CF15  8 0.0047 0.0010 0.0015 0.0026 0.9819 0.0083 
        CF16  8 0.0044 0.0023 0.0007 0.0012 0.9905 0.0009 
        CF17  8 0.0026 0.0027 0.0006 0.0014 0.9917 0.0010 
        CF18  8 0.0047 0.0009 0.0015 0.0027 0.9822 0.0081 
        CF19  8 0.0037 0.0038 0.0100 0.0409 0.9171 0.0246 
        CF20  8 0.0023 0.0020 0.0008 0.0018 0.9915 0.0016 
        CF21  8 0.0024 0.0020 0.0008 0.0018 0.9914 0.0017 
        CF22  8 0.0022 0.0021 0.0009 0.0019 0.9912 0.0017 
        CF23  8 0.0025 0.0020 0.0009 0.0018 0.9913 0.0016 
        CF24  8 0.0042 0.0024 0.0007 0.0013 0.9905 0.0009 
        CF25  8 0.0045 0.0022 0.0007 0.0012 0.9905 0.0009 
        CF26  8 0.0012 0.2260 0.0007 0.0010 0.7699 0.0012 
        CF27  8 0.0024 0.0020 0.0008 0.0019 0.9912 0.0017 
        CF28  8 0.0047 0.0008 0.0022 0.0026 0.9815 0.0082 
        CF29  8 0.0046 0.0023 0.0007 0.0012 0.9903 0.0009 
        CF30  8 0.0030 0.0012 0.0008 0.0016 0.9916 0.0017 
        CF31  8 0.0042 0.0024 0.0007 0.0012 0.9905 0.0009 
        CF32  8 0.0015 0.0078 0.0007 0.0012 0.9880 0.0009 
        CF33  8 0.0023 0.0018 0.0007 0.0864 0.9073 0.0015 
        CF34  8 0.0024 0.0020 0.0008 0.0019 0.9913 0.0017 
        CF35  8 0.0049 0.0010 0.0015 0.0027 0.9819 0.0080 
        CF36  8 0.0021 0.0015 0.0005 0.0010 0.9935 0.0013 
        BP01  8 0.0372 0.0110 0.0008 0.0014 0.9468 0.0028 
        BP02  8 0.0016 0.0008 0.0009 0.0010 0.9943 0.0013 
        BP03  8 0.0013 0.0014 0.0005 0.0013 0.9942 0.0014 
        BP04  8 0.0045 0.0017 0.0006 0.0009 0.9907 0.0015 
        BP06  8 0.0047 0.0024 0.0008 0.0014 0.9894 0.0013 
        BP07  8 0.0050 0.0022 0.0223 0.0036 0.9458 0.0212 
        BP08  8 0.0196 0.0022 0.0009 0.0014 0.9746 0.0013 
        BP09  8 0.0015 0.0052 0.0017 0.0071 0.9821 0.0024 
        BP10  8 0.0032 0.0006 0.0007 0.0012 0.9925 0.0018 
        BP11  8 0.0011 0.0011 0.0005 0.0008 0.9949 0.0016 
        BP12  8 0.0017 0.0738 0.0006 0.0013 0.9213 0.0014 
        BP14  8 0.0040 0.0022 0.0017 0.0023 0.9856 0.0043 
        BP16  8 0.0019 0.0011 0.0007 0.0010 0.9944 0.0010 
        BP17  8 0.0044 0.0012 0.0006 0.0011 0.9897 0.0031 
        BP18  8 0.0034 0.0007 0.0007 0.0012 0.9922 0.0018 
        BP19  8 0.0023 0.0012 0.0010 0.0014 0.9909 0.0032 
        BP20  8 0.0032 0.0007 0.0007 0.0012 0.9925 0.0017 
   BP2007-01  8 0.0011 0.0012 0.0005 0.0008 0.9948 0.0017 
   BP2007-02  8 0.0014 0.0018 0.0007 0.0007 0.9943 0.0011 
   BP2007-03  8 0.0014 0.0054 0.0039 0.0008 0.9878 0.0008 
   BP2007-04  8 0.0019 0.0009 0.0009 0.0013 0.9925 0.0026 
   BP2007-05  8 0.0028 0.0217 0.0013 0.0989 0.8739 0.0013 
   BP2007-06  8 0.0434 0.0137 0.0007 0.0014 0.9397 0.0011 
   BP2007-07  8 0.0014 0.0013 0.0005 0.0014 0.9940 0.0015 
   BP2007-08  8 0.0061 0.0218 0.0471 0.0030 0.9188 0.0031 
   BP2007-09  8 0.0063 0.0212 0.0470 0.0028 0.9192 0.0035 
   BP2007-10  8 0.0013 0.0015 0.0005 0.0014 0.9940 0.0014 
   BP2007-11  8 0.0010 0.0012 0.0005 0.0009 0.9946 0.0017 
   BP2007-12  8 0.0029 0.0032 0.0008 0.0008 0.9910 0.0013 
   BP2007-13  8 0.0062 0.0216 0.0468 0.0028 0.9190 0.0034 
   BP2007-14  8 0.0023 0.0018 0.0204 0.0165 0.9001 0.0590 
   BP2007-15  8 0.0046 0.0016 0.0007 0.0011 0.9910 0.0010 
   BP2007-16  8 0.0014 0.0013 0.0016 0.0013 0.9930 0.0015 
   BP2007-17  8 0.0190 0.0021 0.0010 0.0014 0.9752 0.0012 
   BP2007-18  8 0.0009 0.0012 0.0252 0.0050 0.9108 0.0569 
   BP2007-19  8 0.0044 0.0017 0.0006 0.0009 0.9907 0.0016 
   BP2007-20  8 0.0044 0.0017 0.0007 0.0010 0.9906 0.0016 
   BP2007-21  8 0.0011 0.0009 0.0005 0.0008 0.9949 0.0017 
   BP2007-22  8 0.0010 0.0013 0.0005 0.0009 0.9946 0.0017 
   BP2007-23  8 0.0010 0.0011 0.0005 0.0008 0.9949 0.0017 
   BP2007-24  8 0.0053 0.0127 0.0011 0.0018 0.9772 0.0018 
   BP2007-25  8 0.0014 0.0018 0.0007 0.0007 0.9942 0.0012 
   BP2007-26  8 0.0017 0.0739 0.0006 0.0013 0.9212 0.0013 
   BP2007-27  8 0.0034 0.0006 0.0007 0.0011 0.9924 0.0016 
   BP2007-28  8 0.0010 0.0013 0.0005 0.0009 0.9945 0.0017 
   BP2007-29  8 0.0011 0.0008 0.0006 0.0009 0.9949 0.0018 
   BP2007-30  8 0.0403 0.0029 0.0009 0.0008 0.9537 0.0013 
   BP2007-31  8 0.0039 0.0015 0.0006 0.0015 0.9915 0.0010 
   BP2007-32  8 0.0198 0.0008 0.0043 0.0237 0.9478 0.0036 
   BP2007-33  8 0.0010 0.0013 0.0005 0.0009 0.9946 0.0016 
   BP2007-34  8 0.0617 0.0190 0.0007 0.0008 0.9161 0.0016 
   BP2007-35  8 0.0048 0.0017 0.0007 0.0009 0.9902 0.0016 
   BP2007-36  8 0.0015 0.0016 0.0007 0.0007 0.9943 0.0012 
   BP2007-37  8 0.0012 0.0014 0.0493 0.0357 0.8895 0.0229 
   BP2007-38  8 0.0014 0.0014 0.0005 0.0013 0.9940 0.0015 
   BP2007-39  8 0.0045 0.0016 0.0007 0.0011 0.9910 0.0010 
   BP2007-40  8 0.0128 0.0029 0.0011 0.0016 0.9804 0.0012 
        BP21  8 0.0014 0.0018 0.0007 0.0007 0.9942 0.0012 
        BP22  8 0.0035 0.0081 0.0007 0.0014 0.9854 0.0010 
        BP23  8 0.0043 0.0420 0.0004 0.0010 0.9512 0.0010 
        BP24  8 0.0039 0.0088 0.0006 0.0010 0.9848 0.0010 
        BP25  8 0.0015 0.0018 0.0007 0.0007 0.9941 0.0012 
        BP26  8 0.0015 0.0016 0.0007 0.0007 0.9943 0.0012 
        BP27  8 0.0061 0.0500 0.0488 0.0023 0.8896 0.0031 
        BP28  8 0.0038 0.0082 0.0007 0.0014 0.9849 0.0010 
        BP29  8 0.0019 0.0010 0.0005 0.0007 0.9940 0.0018 
        BP30  8 0.0012 0.0019 0.0006 0.0007 0.9943 0.0012 
      NNKB01  8 0.0137 0.0012 0.0011 0.0023 0.9750 0.0066 
      NNKB02  8 0.0021 0.0016 0.0019 0.0017 0.9911 0.0016 
      NNKN01  8 0.0010 0.0033 0.0010 0.1201 0.8737 0.0010 
         SR1  9 0.0018 0.2792 0.0006 0.0010 0.7163 0.0011 
        SR10  9 0.2211 0.0015 0.0007 0.0045 0.7689 0.0033 
        SR11  9 0.0020 0.0091 0.0005 0.0009 0.9866 0.0010 
        SR12  9 0.0017 0.2786 0.0006 0.0010 0.7171 0.0010 
        SR13  9 0.1048 0.1080 0.0032 0.0296 0.7453 0.0091 
        SR15  9 0.0393 0.0013 0.0039 0.0042 0.9495 0.0017 
        SR16  9 0.0021 0.0025 0.0005 0.0011 0.9916 0.0023 
        SR17  9 0.2355 0.0034 0.0006 0.0020 0.7571 0.0014 
        SR18  9 0.0054 0.0042 0.0016 0.0017 0.9847 0.0024 
        SR19  9 0.0013 0.0338 0.0005 0.0547 0.9087 0.0009 
         SR2  9 0.0020 0.0094 0.0004 0.0008 0.9863 0.0010 
        SR20  9 0.3367 0.0010 0.0006 0.0012 0.6595 0.0010 
        SR21  9 0.0038 0.2289 0.0007 0.0010 0.7645 0.0010 
        SR22  9 0.0013 0.4190 0.0005 0.0008 0.5776 0.0007 
        SR23  9 0.0039 0.1939 0.0037 0.0017 0.7943 0.0024 
        SR24  9 0.0041 0.0027 0.0017 0.0022 0.9867 0.0026 
        SR25  9 0.0019 0.0121 0.0007 0.0028 0.9813 0.0012 
        SR26  9 0.1728 0.0030 0.0007 0.0126 0.8080 0.0029 
        SR27  9 0.0016 0.0904 0.0005 0.0017 0.9043 0.0015 
        SR28  9 0.0009 0.0015 0.0005 0.0019 0.9930 0.0022 
        SR29  9 0.0158 0.0095 0.0012 0.0029 0.9681 0.0025 
         SR3  9 0.0014 0.0087 0.0004 0.0009 0.9875 0.0011 
        SR30  9 0.0400 0.0039 0.0005 0.0011 0.9536 0.0008 
         SR5  9 0.0158 0.0172 0.0007 0.0011 0.9642 0.0010 
         SR6  9 0.0032 0.0053 0.0007 0.0010 0.9888 0.0010 
         SR7  9 0.4333 0.0013 0.0005 0.0016 0.5619 0.0014 
         SR8  9 0.0015 0.0130 0.0004 0.0009 0.9831 0.0011 
         SR9  9 0.4063 0.0017 0.0005 0.0015 0.5887 0.0014 
       HAM01 10 0.0020 0.0168 0.0005 0.0007 0.9790 0.0010 
       HAM02 10 0.0024 0.0038 0.0007 0.0022 0.9848 0.0061 
       HAM03 10 0.0020 0.0173 0.0005 0.0007 0.9785 0.0010 
       HAM07 10 0.0024 0.0248 0.0102 0.0047 0.9553 0.0026 
       HAM08 10 0.0019 0.0018 0.0005 0.0013 0.9937 0.0009 
       HAM09 10 0.0036 0.0016 0.0012 0.0285 0.9386 0.0265 
       HAM10 10 0.0050 0.0023 0.0066 0.0019 0.9819 0.0022 
      CRWL01 10 0.0072 0.0030 0.0013 0.0012 0.9856 0.0016 
      CRWL02 10 0.0088 0.0043 0.0011 0.0012 0.9834 0.0013 
      CRWL03 10 0.0256 0.0043 0.0006 0.0017 0.9666 0.0014 
      CRWL04 10 0.0126 0.0014 0.0013 0.0013 0.9822 0.0013 
      CRWL05 10 0.0030 0.0013 0.0021 0.0014 0.9904 0.0018 
      CRWL06 10 0.0033 0.0030 0.0007 0.0008 0.9911 0.0011 
      CRWL07 10 0.0009 0.0020 0.0012 0.0012 0.9925 0.0021 
      CRWL08 10 0.0022 0.0009 0.0011 0.0012 0.9934 0.0013 
      CRWL09 10 0.0017 0.0034 0.0005 0.0073 0.9860 0.0010 
      CRWL10 10 0.0011 0.0052 0.0007 0.0013 0.9900 0.0017 
      CRWL11 10 0.0022 0.0136 0.0024 0.0017 0.9784 0.0016 
      CRWL12 10 0.1329 0.0014 0.0007 0.0013 0.8568 0.0069 
      CRWL13 10 0.0032 0.0016 0.0005 0.0009 0.9928 0.0011 
      CRWL14 10 0.0031 0.0013 0.0010 0.0012 0.9913 0.0021 
      CRWL15 10 0.0165 0.0011 0.0006 0.0008 0.9803 0.0006 
      CRWL16 10 0.0033 0.0015 0.0010 0.0012 0.9910 0.0021 
      CRWL17 10 0.0022 0.0056 0.0023 0.0018 0.9866 0.0016 
      CRWL18 10 0.0017 0.0037 0.0005 0.0010 0.9921 0.0010 
      CRWL19 10 0.0018 0.0036 0.0005 0.0009 0.9922 0.0010 
      CRWL20 10 0.0021 0.0021 0.0011 0.0013 0.9924 0.0010 
      CRWL21 10 0.0012 0.0021 0.0005 0.0054 0.9893 0.0015 
       MES01 11 0.0008 0.9952 0.0005 0.0006 0.0023 0.0006 
       MES02 11 0.0008 0.9951 0.0005 0.0007 0.0022 0.0007 
       MES03 11 0.0582 0.9367 0.0009 0.0011 0.0025 0.0006 
       MES04 11 0.0008 0.9951 0.0005 0.0007 0.0023 0.0007 
       MES05 11 0.0008 0.9955 0.0004 0.0006 0.0020 0.0007 
       MES06 11 0.0008 0.9952 0.0005 0.0006 0.0023 0.0006 
       MES07 11 0.0008 0.9952 0.0005 0.0006 0.0023 0.0006 
       MES08 11 0.0008 0.9952 0.0005 0.0006 0.0023 0.0006 
       MES09 11 0.0008 0.9952 0.0005 0.0007 0.0022 0.0006 
       MES10 11 0.0008 0.9950 0.0005 0.0007 0.0023 0.0007 
       MES11 11 0.0008 0.9919 0.0005 0.0021 0.0040 0.0007 
       MES12 11 0.0008 0.9952 0.0005 0.0006 0.0023 0.0006 
       MES13 11 0.0008 0.9952 0.0005 0.0006 0.0023 0.0006 
       MES14 11 0.0008 0.9960 0.0004 0.0006 0.0016 0.0006 
       MES15 11 0.0008 0.9607 0.0267 0.0018 0.0020 0.0080 
       MES16 11 0.0008 0.9950 0.0005 0.0007 0.0023 0.0007 
       MES17 11 0.0008 0.9951 0.0005 0.0007 0.0023 0.0006 
       MES18 11 0.0008 0.9953 0.0005 0.0006 0.0022 0.0006 
       MES19 11 0.0008 0.9952 0.0005 0.0006 0.0023 0.0006 
       MES20 11 0.0008 0.9952 0.0004 0.0006 0.0023 0.0006 
       MES21 11 0.0008 0.9960 0.0004 0.0006 0.0016 0.0007 
       MES22 11 0.0008 0.9952 0.0005 0.0006 0.0023 0.0006 
       SAX01 11 0.0008 0.9959 0.0004 0.0006 0.0017 0.0006 
       SAX02 11 0.0008 0.9961 0.0004 0.0006 0.0015 0.0006 
       SAX03 11 0.0008 0.9932 0.0018 0.0007 0.0029 0.0007 
       SAX04 11 0.0010 0.8713 0.0004 0.0015 0.1248 0.0010 
       SAX05 11 0.0008 0.9950 0.0004 0.0006 0.0025 0.0006 
       SAX06 11 0.0008 0.9952 0.0004 0.0006 0.0024 0.0006 
       SAX07 11 0.0007 0.9959 0.0004 0.0006 0.0017 0.0007 
       SAX08 11 0.0008 0.9565 0.0004 0.0014 0.0403 0.0007 
       SAX09 11 0.0008 0.9961 0.0004 0.0006 0.0015 0.0006 
       SAX10 11 0.0532 0.9366 0.0005 0.0009 0.0082 0.0006 
       SAX11 11 0.0008 0.9726 0.0005 0.0006 0.0249 0.0007 
       SAX12 11 0.0008 0.9961 0.0004 0.0006 0.0016 0.0006 
       SAX13 11 0.0006 0.9962 0.0004 0.0005 0.0016 0.0006 
       SAX14 11 0.0008 0.9952 0.0004 0.0006 0.0023 0.0007 
       SAX15 11 0.0008 0.9570 0.0004 0.0058 0.0353 0.0007 
       SAX16 11 0.0008 0.9958 0.0004 0.0006 0.0017 0.0007 
       SAX17 11 0.0007 0.9960 0.0004 0.0005 0.0017 0.0007 
       SAX18 11 0.0007 0.9959 0.0004 0.0006 0.0017 0.0007 
       SAX19 11 0.0017 0.9902 0.0004 0.0010 0.0060 0.0007 
       IRP01 11 0.0007 0.9960 0.0004 0.0005 0.0016 0.0006 
       IRP02 11 0.0007 0.9959 0.0004 0.0005 0.0017 0.0006 
       IRP03 11 0.0008 0.9959 0.0004 0.0005 0.0018 0.0006 
       IRP04 11 0.0008 0.9959 0.0004 0.0005 0.0017 0.0006 
       IRP05 11 0.0008 0.9959 0.0004 0.0006 0.0017 0.0006 
       IRP06 11 0.0007 0.9961 0.0004 0.0005 0.0016 0.0006 
       IRP07 11 0.0008 0.9959 0.0004 0.0006 0.0017 0.0006 
       IRP08 11 0.0007 0.9960 0.0004 0.0005 0.0016 0.0006 
       IRP09 11 0.0007 0.9959 0.0004 0.0005 0.0018 0.0007 
       IRP10 11 0.0007 0.9961 0.0004 0.0005 0.0016 0.0006 
       IRP11 11 0.0008 0.9960 0.0004 0.0005 0.0016 0.0006 
       IRP12 11 0.0007 0.9960 0.0004 0.0005 0.0016 0.0006 
       IRP13 11 0.0007 0.9960 0.0004 0.0005 0.0017 0.0006 
       IRP14 11 0.0008 0.9959 0.0004 0.0005 0.0017 0.0007 
       IRP15 11 0.0008 0.9959 0.0004 0.0005 0.0017 0.0007 
       IRP16 11 0.0025 0.0024 0.0007 0.0008 0.9927 0.0010 
     IRP16-2 11 0.0025 0.0024 0.0007 0.0008 0.9926 0.0010 
       IRP17 11 0.0008 0.9959 0.0004 0.0005 0.0017 0.0006 
       MRT01 11 0.0007 0.9960 0.0004 0.0006 0.0018 0.0006 
       MRT02 11 0.0008 0.9960 0.0004 0.0005 0.0016 0.0006 
       MRT03 11 0.0007 0.9961 0.0004 0.0005 0.0016 0.0006 
       MRT04 11 0.0007 0.9960 0.0004 0.0006 0.0017 0.0006 
       MRT05 11 0.0007 0.9960 0.0004 0.0006 0.0017 0.0006 
       MRT06 11 0.0007 0.9961 0.0004 0.0005 0.0017 0.0006 
       MRT07 11 0.0008 0.9960 0.0004 0.0005 0.0016 0.0006 
       MRT08 11 0.0007 0.9954 0.0004 0.0006 0.0022 0.0007 
       MRT09 11 0.0008 0.9961 0.0004 0.0005 0.0016 0.0006 
       MRT10 11 0.0008 0.9961 0.0004 0.0005 0.0016 0.0006 
       MRT11 11 0.0008 0.9960 0.0004 0.0005 0.0016 0.0006 
       MRT12 11 0.0007 0.9961 0.0004 0.0006 0.0017 0.0006 
       MRT13 11 0.0330 0.9401 0.0004 0.0005 0.0253 0.0007 
       MRT14 11 0.0008 0.9960 0.0004 0.0006 0.0017 0.0006 
       MRT15 11 0.0007 0.9960 0.0004 0.0006 0.0018 0.0006 
       MRT16 11 0.0007 0.9961 0.0004 0.0005 0.0017 0.0006 
       MRT17 11 0.0007 0.9961 0.0004 0.0005 0.0016 0.0006 
       MRT18 11 0.0008 0.9959 0.0004 0.0006 0.0017 0.0007 
       MRT19 11 0.0007 0.9960 0.0004 0.0006 0.0017 0.0006 
       MRT20 11 0.0008 0.9959 0.0004 0.0006 0.0016 0.0006 
       MRT21 11 0.0007 0.9961 0.0004 0.0006 0.0016 0.0006 
       MRT22 11 0.0007 0.9960 0.0004 0.0006 0.0017 0.0006 
       MRT23 11 0.0008 0.9960 0.0004 0.0006 0.0017 0.0006 
       MRT24 11 0.0008 0.9960 0.0004 0.0006 0.0016 0.0006 
       MRT25 11 0.0007 0.9960 0.0004 0.0006 0.0017 0.0006 
       MRT26 11 0.0007 0.9959 0.0004 0.0006 0.0018 0.0006 
       MRT27 11 0.0007 0.9959 0.0004 0.0006 0.0018 0.0006 
       MRT28 11 0.0008 0.9960 0.0004 0.0005 0.0016 0.0006 
       MRT29 11 0.0007 0.9960 0.0004 0.0006 0.0017 0.0006 
       MRT30 11 0.0007 0.9961 0.0004 0.0005 0.0017 0.0006 
       MRT31 11 0.0007 0.9960 0.0004 0.0006 0.0017 0.0006 
       MRT32 11 0.0007 0.9960 0.0004 0.0005 0.0017 0.0006 
       MRT33 11 0.0008 0.9946 0.0008 0.0007 0.0024 0.0006 
        LK01 10 0.0014 0.0016 0.0045 0.0009 0.9896 0.0019 
        LK02 10 0.0315 0.0024 0.0005 0.0017 0.9632 0.0007 
        LK05 10 0.0017 0.0010 0.0008 0.0011 0.9945 0.0009 
        LK06 10 0.0019 0.0020 0.0006 0.0010 0.9929 0.0016 
        LK07 10 0.0012 0.0152 0.0080 0.0163 0.9557 0.0035 
     LK07-01 10 0.0017 0.0010 0.0008 0.0011 0.9946 0.0009 
     LK07-02 10 0.0039 0.0011 0.0327 0.0015 0.9569 0.0038 
     LK07-03 10 0.0038 0.0008 0.0008 0.0016 0.9920 0.0011 
     LK07-04 10 0.0008 0.0006 0.0007 0.0010 0.9961 0.0009 
     LK07-05 10 0.0020 0.0035 0.0006 0.0009 0.9914 0.0017 
     LK07-06 10 0.0015 0.0183 0.0021 0.0114 0.9648 0.0018 
        LK08 10 0.0026 0.0025 0.0006 0.0008 0.9916 0.0020 
        LK09 10 0.0013 0.0009 0.0006 0.0011 0.9952 0.0009 
        LK11 10 0.0020 0.0011 0.0032 0.0078 0.9769 0.0090 
        LK12 10 0.0059 0.0015 0.0007 0.0013 0.9898 0.0009 
        LK13 10 0.0022 0.0028 0.0082 0.0043 0.9773 0.0053 
        LK14 10 0.0055 0.0030 0.0044 0.0025 0.9812 0.0033 
        LK15 10 0.0017 0.0014 0.0006 0.0012 0.9943 0.0009 
        LK16 10 0.0021 0.0012 0.0007 0.0013 0.9930 0.0017 
        LK17 10 0.0022 0.0037 0.0006 0.0008 0.9917 0.0009 
        LK18 10 0.0011 0.0066 0.0006 0.0010 0.9896 0.0010 
        LK19 10 0.0015 0.0179 0.0021 0.0110 0.9657 0.0018 
        LK20 10 0.0025 0.0009 0.0006 0.0011 0.9937 0.0012 
        LK21 10 0.0290 0.0009 0.0066 0.0088 0.9511 0.0036 
        LK22 10 0.0017 0.0024 0.0006 0.0009 0.9933 0.0010 
        LK23 10 0.0027 0.0016 0.0039 0.0038 0.9842 0.0038 
        LK24 10 0.0015 0.0018 0.0011 0.0032 0.9910 0.0013 
        LK25 10 0.0015 0.0082 0.0006 0.0012 0.9876 0.0009 
       LMC01 10 0.0029 0.0008 0.0005 0.0008 0.9942 0.0008 
       LMC02 10 0.0046 0.0008 0.0005 0.0007 0.9927 0.0008 
       LMC03 10 0.0019 0.0069 0.0005 0.0007 0.9893 0.0007 
       LMC04 10 0.0023 0.0013 0.0025 0.0088 0.9802 0.0049 
        UM01 10 0.0319 0.0007 0.0008 0.1325 0.7415 0.0927 
        UM02 10 0.2582 0.0007 0.0007 0.0012 0.7381 0.0011 
        UM03 10 0.2003 0.0007 0.0009 0.0013 0.7956 0.0012 
        UM04 10 0.0137 0.0007 0.0016 0.0016 0.9804 0.0020 
        UM05 10 0.0034 0.0011 0.0013 0.1318 0.8601 0.0023 
        UM06 10 0.0292 0.0009 0.0068 0.0140 0.7975 0.1516 
        UM07 10 0.0535 0.0012 0.0012 0.0524 0.8777 0.0140 
        UM08 10 0.0018 0.0021 0.0073 0.0023 0.8868 0.0998 
        UM09 10 0.0258 0.0019 0.0031 0.1924 0.7463 0.0306 
        UM10 10 0.0037 0.0011 0.0013 0.1313 0.8602 0.0024 
       PLT01 10 0.0046 0.0141 0.0005 0.0011 0.9784 0.0014 
       PLT02 10 0.0021 0.0017 0.0089 0.0021 0.8778 0.1074 
       PLT03 10 0.0011 0.0030 0.0005 0.0014 0.9931 0.0009 
        DC01 10 0.0010 0.0013 0.0048 0.0515 0.9387 0.0027 
        DC02 10 0.0056 0.0015 0.0066 0.0260 0.9560 0.0044 
        DC03 10 0.0016 0.0009 0.0009 0.1157 0.8792 0.0016 
        DC04 10 0.0019 0.0106 0.0025 0.1367 0.8054 0.0428 
        DC05 10 0.0013 0.0149 0.0006 0.0060 0.9726 0.0046 
        DC06 10 0.0024 0.0015 0.0236 0.0180 0.9411 0.0135 
        DC07 10 0.0940 0.0017 0.0067 0.1351 0.7600 0.0025 
        DC08 10 0.0008 0.0011 0.0011 0.0015 0.9943 0.0012 
        DC09 10 0.0013 0.0041 0.0184 0.0974 0.7574 0.1213 
        DC10 10 0.0118 0.0017 0.0013 0.2406 0.7403 0.0043 
        DC11 10 0.0055 0.0014 0.0064 0.0242 0.9419 0.0206 
        DC12 10 0.0012 0.0011 0.0349 0.0192 0.9401 0.0036 
        DC13 10 0.0009 0.0878 0.0017 0.0045 0.9030 0.0022 
        DC14 10 0.0018 0.0104 0.0024 0.1377 0.8060 0.0418 
        DC15 10 0.0030 0.0015 0.0111 0.0051 0.9774 0.0019 
        DC16 10 0.0059 0.0041 0.0432 0.0124 0.9267 0.0077 
        DC17 10 0.0031 0.0017 0.0011 0.0019 0.9904 0.0018 
        DC18 10 0.0011 0.0024 0.0005 0.2413 0.7520 0.0026 
        DC19 10 0.0187 0.0017 0.0026 0.0041 0.9719 0.0010 
        DC20 10 0.0077 0.1206 0.0009 0.0009 0.8688 0.0011 
        DC21 10 0.0012 0.0007 0.0014 0.0100 0.9824 0.0043 
        DC22 10 0.1367 0.0010 0.0010 0.1011 0.6725 0.0877 
        DC23 10 0.0079 0.0017 0.0044 0.0040 0.9780 0.0039 
        DC24 10 0.0011 0.0024 0.0005 0.2397 0.7536 0.0026 
        DC25 10 0.0024 0.0009 0.0007 0.0038 0.9909 0.0013 
        DC26 10 0.0011 0.0011 0.0351 0.0197 0.9393 0.0036 
        PC02 12 0.0026 0.0025 0.0007 0.0008 0.9924 0.0010 
        PC03 12 0.0026 0.0024 0.0007 0.0008 0.9925 0.0010 
        PC04 12 0.0025 0.0025 0.0007 0.0008 0.9924 0.0010 
        PC05 12 0.0025 0.0023 0.0007 0.0009 0.9926 0.0010 
        PC06 12 0.0027 0.0023 0.0007 0.0008 0.9924 0.0010 
        PC07 12 0.0017 0.1359 0.0005 0.0011 0.8598 0.0010 
        PC08 12 0.0026 0.0026 0.0007 0.0008 0.9923 0.0010 
        PC09 12 0.0026 0.0026 0.0007 0.0008 0.9923 0.0009 
        PC10 12 0.0031 0.0022 0.0007 0.0008 0.9923 0.0009 
        PC11 12 0.0026 0.0025 0.0007 0.0008 0.9924 0.0010 
        PC12 12 0.0026 0.0026 0.0007 0.0008 0.9923 0.0010 
        PC13 12 0.0024 0.0025 0.0007 0.0008 0.9927 0.0010 
        PC14 12 0.0026 0.0024 0.0007 0.0008 0.9925 0.0009 
        PC01 12 0.0026 0.0025 0.0007 0.0008 0.9924 0.0009 
      Nuke10 13 0.0011 0.0037 0.0006 0.0013 0.9924 0.0009 
      Nuke11 13 0.0012 0.0101 0.0007 0.0015 0.9855 0.0011 
      Nuke12 13 0.0041 0.0014 0.0005 0.0012 0.9919 0.0008 
      Nuke13 13 0.0009 0.0035 0.0009 0.0018 0.9919 0.0010 
      Nuke01 13 0.0019 0.0073 0.0005 0.0012 0.9883 0.0009 
      Nuke02 13 0.0044 0.0014 0.0005 0.0011 0.9917 0.0008 
      Nuke03 13 0.0015 0.0101 0.0007 0.0014 0.9853 0.0010 
      Nuke04 13 0.0008 0.0040 0.0007 0.0012 0.9925 0.0009 
      Nuke05 13 0.0012 0.0053 0.0005 0.0012 0.9908 0.0009 
      Nuke06 13 0.0013 0.0095 0.0006 0.0023 0.9853 0.0010 
      Nuke07 13 0.0012 0.0013 0.0007 0.0013 0.9945 0.0010 
      Nuke08 13 0.0013 0.0013 0.0006 0.0015 0.9945 0.0009 
      Nuke09 13 0.0012 0.0015 0.0007 0.0017 0.9939 0.0010 
       Rad01 13 0.0053 0.0013 0.0007 0.0020 0.9899 0.0009 
       Rad02 13 0.0013 0.1226 0.0007 0.0019 0.8724 0.0010 
       Rad03 13 0.0015 0.0068 0.0006 0.0015 0.9889 0.0008 
       Rad04 13 0.0025 0.0495 0.0006 0.0020 0.9446 0.0008 
       Rad05 13 0.0013 0.0022 0.0005 0.0017 0.9445 0.0498 
       Rad06 13 0.0042 0.0012 0.0006 0.0012 0.9920 0.0009 
       Rad07 13 0.0013 0.0018 0.0007 0.0015 0.9937 0.0010 
       Rad08 13 0.0042 0.0246 0.0006 0.0018 0.9682 0.0007 
       Rad09 13 0.0016 0.0254 0.0005 0.0010 0.9706 0.0009 
       Rad10 13 0.0013 0.0197 0.0006 0.0014 0.9760 0.0010 
       Rad11 13 0.0056 0.0028 0.0005 0.0015 0.9887 0.0009 
       Rad12 13 0.0019 0.0062 0.0006 0.0016 0.9888 0.0009 
       Rad13 13 0.0019 0.0012 0.0006 0.0016 0.9939 0.0009 
       Rad14 13 0.0024 0.0560 0.0007 0.0020 0.9381 0.0008 
       Rad15 13 0.0023 0.0019 0.0008 0.0012 0.9929 0.0009 
       Rad16 13 0.0013 0.0013 0.0006 0.0016 0.9944 0.0009 
       HTB16 14 0.0014 0.0026 0.0006 0.0084 0.9748 0.0121 
       HTB17 14 0.0014 0.1649 0.0181 0.0050 0.8092 0.0015 
       HTB18 14 0.1129 0.0029 0.0011 0.0017 0.8796 0.0018 
       HTB19 14 0.0008 0.0011 0.0013 0.0013 0.9923 0.0032 
       HTB20 14 0.0012 0.1548 0.0051 0.0020 0.8300 0.0068 
       HTB21 14 0.0457 0.0019 0.0085 0.0174 0.9119 0.0146 
       HTB22 14 0.0008 0.0033 0.0011 0.0032 0.9895 0.0021 
       HTB23 14 0.0014 0.0025 0.0010 0.0013 0.9909 0.0029 
       HTB11 14 0.0033 0.0009 0.0133 0.0125 0.9558 0.0143 
       HTB12 14 0.0758 0.0009 0.0084 0.0023 0.9110 0.0017 
       HTB13 14 0.0749 0.0009 0.0026 0.0014 0.9186 0.0017 
       HTB14 14 0.0016 0.0025 0.0008 0.1019 0.8908 0.0025 
       HTB15 14 0.0326 0.0022 0.0046 0.0333 0.8426 0.0846 
       Nel01 15 0.0016 0.0005 0.0005 0.0017 0.9942 0.0014 
       Nel02 15 0.0021 0.0018 0.0022 0.1346 0.8489 0.0104 
       Nel03 15 0.0015 0.0005 0.0005 0.0017 0.9943 0.0014 
       Nel04 15 0.0016 0.0005 0.0006 0.0018 0.9941 0.0014 
       Nel05 15 0.0056 0.0008 0.0005 0.0012 0.9908 0.0011 
       Nel06 15 0.0054 0.0008 0.0005 0.0012 0.9909 0.0012 
       Nel07 15 0.0056 0.0008 0.0005 0.0012 0.9907 0.0011 
       Nel08 15 0.0012 0.0008 0.0023 0.0023 0.9911 0.0023 
       Nel09 15 0.0058 0.0008 0.0005 0.0012 0.9906 0.0012 
       Nel10 15 0.0044 0.0009 0.0005 0.0012 0.9905 0.0026 
       Nel11 15 0.0016 0.0005 0.0006 0.0018 0.9940 0.0015 
       Nel12 15 0.0061 0.0008 0.0005 0.0012 0.9902 0.0012 
       Nel13 15 0.0028 0.0005 0.0019 0.0019 0.9916 0.0013 
       Nel14 15 0.0060 0.0008 0.0005 0.0012 0.9903 0.0012 
         EI1 16 0.0008 0.0009 0.0224 0.0009 0.9694 0.0056 
        EI10 16 0.0007 0.0009 0.0033 0.0009 0.9901 0.0041 
        EI11 16 0.0007 0.0008 0.0047 0.0008 0.9900 0.0030 
        EI12 16 0.0009 0.0010 0.0330 0.0008 0.9594 0.0050 
         EI2 16 0.0008 0.0009 0.0006 0.0009 0.9958 0.0010 
         EI3 16 0.0009 0.0010 0.0339 0.0008 0.9587 0.0047 
         EI4 16 0.0007 0.0009 0.0049 0.0008 0.9896 0.0030 
         EI5 16 0.0009 0.0010 0.0314 0.0008 0.9581 0.0078 
         EI6 16 0.0007 0.0008 0.0033 0.0009 0.9901 0.0041 
         EI7 16 0.0008 0.0008 0.0040 0.0010 0.9818 0.0117 
         EI8 16 0.0008 0.0008 0.0275 0.0016 0.9555 0.0137 
         EI9 16 0.0008 0.0009 0.0034 0.0008 0.9925 0.0015 
        OL01 17 0.0013 0.0042 0.0007 0.0010 0.9918 0.0010 
        OL02 17 0.0011 0.0120 0.0006 0.0011 0.9841 0.0012 
        OL03 17 0.0013 0.0042 0.0007 0.0010 0.9918 0.0010 
        OL04 17 0.0013 0.0041 0.0007 0.0010 0.9920 0.0010 
        OL06 17 0.0013 0.0042 0.0007 0.0010 0.9918 0.0010 
       OSP01 17 0.0013 0.0041 0.0007 0.0010 0.9920 0.0010 
       OSP02 17 0.0013 0.0041 0.0007 0.0010 0.9921 0.0009 
       OSP03 17 0.0014 0.0043 0.0007 0.0010 0.9916 0.0010 
       OSP04 17 0.0014 0.0039 0.0007 0.0011 0.9919 0.0010 
       OSP05 17 0.0013 0.0043 0.0007 0.0010 0.9918 0.0009 
       OSP06 17 0.0013 0.0043 0.0007 0.0010 0.9918 0.0010 
       OSP07 17 0.0013 0.0041 0.0007 0.0010 0.9919 0.0010 
       OSP10 17 0.0013 0.0041 0.0007 0.0010 0.9918 0.0010 
       OSP11 17 0.0013 0.0041 0.0007 0.0010 0.9919 0.0010 
       OSP12 17 0.0013 0.0041 0.0007 0.0010 0.9920 0.0010 
       OSP13 17 0.0013 0.0042 0.0007 0.0010 0.9918 0.0010 
       OSP14 17 0.0013 0.0043 0.0007 0.0010 0.9918 0.0010 
        OY02 17 0.0032 0.0091 0.0006 0.0016 0.9841 0.0014 
        OY04 17 0.0010 0.0123 0.0006 0.0011 0.9839 0.0012 
        OY05 17 0.0015 0.0011 0.0005 0.0026 0.9920 0.0023 
        OY06 17 0.0011 0.0008 0.0005 0.0028 0.9929 0.0018 
        OY07 17 0.0077 0.0019 0.0008 0.0019 0.9867 0.0010 
        OY08 17 0.0077 0.0018 0.0008 0.0019 0.9867 0.0010 
        OY10 17 0.0037 0.0019 0.0009 0.0014 0.9910 0.0011 
        OY12 17 0.0019 0.0078 0.0006 0.0013 0.9869 0.0016 
        OY15 17 0.0017 0.0008 0.0005 0.0025 0.9928 0.0017 
        OY16 17 0.0013 0.0007 0.0007 0.3348 0.5784 0.0841 
        OY20 17 0.0014 0.0044 0.0005 0.0015 0.9895 0.0027 
        OY26 17 0.0008 0.0116 0.0006 0.0009 0.9849 0.0012 
        OY27 17 0.0013 0.0010 0.0005 0.0027 0.9927 0.0017 
       RHL02 17 0.0040 0.0082 0.0004 0.0007 0.9857 0.0009 
       RHL03 17 0.0034 0.0100 0.0004 0.0007 0.9845 0.0010 
       RHL05 17 0.0036 0.0099 0.0004 0.0007 0.9844 0.0010 
       RHL06 17 0.0035 0.0062 0.0004 0.0007 0.9882 0.0009 
       RHL07 17 0.0029 0.0078 0.0004 0.0007 0.9872 0.0009 
       RHL09 17 0.0037 0.0098 0.0004 0.0007 0.9844 0.0010 
       RHL11 17 0.0029 0.0073 0.0004 0.0007 0.9878 0.0010 
       RHL12 17 0.0018 0.0059 0.0004 0.0007 0.9902 0.0010 
       RHL13 17 0.0037 0.0093 0.0004 0.0007 0.9849 0.0010 
       RHL14 17 0.0037 0.0099 0.0004 0.0007 0.9843 0.0010 
       MOON1 17 0.0011 0.0016 0.0004 0.0011 0.9951 0.0007 
       Cre01 17 0.0011 0.0009 0.0005 0.0007 0.9961 0.0007 
       Cre02 17 0.0012 0.0009 0.0005 0.0007 0.9960 0.0007 
       Cre03 17 0.0012 0.0008 0.0005 0.0007 0.9961 0.0007 
       Cre04 17 0.0012 0.0008 0.0005 0.0007 0.9961 0.0007 
       Cre05 17 0.0012 0.0009 0.0005 0.0007 0.9960 0.0007 
       Cre06 17 0.0013 0.0008 0.0005 0.0007 0.9961 0.0006 
       Cre07 17 0.0012 0.0008 0.0005 0.0007 0.9961 0.0007 
       Cre08 17 0.0015 0.0044 0.0004 0.0007 0.9923 0.0006 
       Cre09 17 0.0013 0.0008 0.0005 0.0006 0.9961 0.0006 
       Cre10 17 0.0011 0.0008 0.0004 0.0007 0.9964 0.0007 
       Cre11 17 0.0012 0.0009 0.0005 0.0007 0.9960 0.0007 
       SSN31 17 0.0012 0.0041 0.0004 0.0007 0.9929 0.0007 
       SSN32 17 0.0013 0.0007 0.0005 0.0007 0.9961 0.0006 
       SSN33 17 0.0010 0.0036 0.0004 0.0007 0.9935 0.0007 
       SSN34 17 0.0013 0.0008 0.0006 0.0007 0.9961 0.0006 
       SSN35 17 0.0012 0.0008 0.0004 0.0007 0.9961 0.0007 
       SSN36 17 0.0012 0.0009 0.0005 0.0007 0.9961 0.0007 
       SSN38 17 0.0016 0.0010 0.0005 0.0011 0.9952 0.0007 
       SSN39 17 0.0010 0.0008 0.0004 0.0006 0.9964 0.0007 
       SSN40 17 0.0011 0.0032 0.0004 0.0007 0.9939 0.0007 
       SSN41 17 0.0011 0.0008 0.0004 0.0007 0.9963 0.0007 
       BCV44 17 0.0040 0.0029 0.0005 0.0008 0.9911 0.0007 
       BCV45 17 0.0041 0.0030 0.0004 0.0008 0.9910 0.0007 
       BCV46 17 0.0039 0.0029 0.0004 0.0009 0.9911 0.0007 
       BCV47 17 0.0040 0.0028 0.0004 0.0008 0.9912 0.0007 
       BCV48 17 0.0040 0.0029 0.0004 0.0008 0.9911 0.0007 
       BCV49 17 0.0038 0.0028 0.0004 0.0008 0.9914 0.0007 
       BCV50 17 0.0040 0.0029 0.0005 0.0008 0.9910 0.0007 
       BCV51 17 0.0038 0.0031 0.0004 0.0008 0.9911 0.0007 
       BCV52 17 0.0040 0.0027 0.0005 0.0008 0.9913 0.0007 
       BCV53 17 0.0040 0.0029 0.0005 0.0008 0.9911 0.0007 
      SSBC01 17 0.0040 0.0028 0.0005 0.0008 0.9912 0.0007 
      SSBC02 17 0.0038 0.0029 0.0004 0.0008 0.9913 0.0007 
      SSBC03 17 0.0039 0.0029 0.0005 0.0008 0.9913 0.0007 
      SSBC04 17 0.0039 0.0029 0.0005 0.0008 0.9912 0.0007 
      SSBC05 17 0.0039 0.0028 0.0005 0.0008 0.9913 0.0007 
      SSBC06 17 0.0041 0.0022 0.0004 0.0008 0.9917 0.0007 
      SSBC07 17 0.0038 0.0029 0.0005 0.0008 0.9914 0.0007 
       LCV01 17 0.0036 0.0008 0.0034 0.0008 0.9906 0.0008 
       LCV02 17 0.0033 0.0007 0.0033 0.0009 0.9909 0.0008 
