        TC01  1 0.0018 0.0035 0.0016 0.0038 0.0039 0.9752 0.0012 0.0057 0.0034 
        TC02  1 0.0022 0.0014 0.0014 0.0050 0.0015 0.9801 0.0015 0.0024 0.0045 
        TC03  1 0.0030 0.0016 0.0017 0.0026 0.0020 0.9838 0.0016 0.0012 0.0024 
        TC04  1 0.0513 0.0012 0.0118 0.0417 0.0233 0.8563 0.0015 0.0016 0.0112 
        TC05  1 0.0029 0.0007 0.0015 0.0097 0.0008 0.9804 0.0015 0.0008 0.0017 
        TC06  1 0.1029 0.0010 0.0018 0.0049 0.0022 0.8783 0.0012 0.0011 0.0066 
        TC07  1 0.0033 0.0006 0.0021 0.0053 0.0010 0.9795 0.0021 0.0046 0.0015 
        TC08  1 0.0029 0.0010 0.0011 0.0031 0.0007 0.9841 0.0025 0.0012 0.0035 
        TC09  1 0.0134 0.0006 0.0015 0.0029 0.0010 0.8367 0.0010 0.0009 0.1419 
        TC10  1 0.0088 0.0027 0.0319 0.0026 0.0008 0.9376 0.0010 0.0030 0.0116 
        TC11  1 0.0013 0.0011 0.0010 0.0015 0.0011 0.9879 0.0013 0.0030 0.0018 
        TC12  1 0.0128 0.0056 0.0094 0.0074 0.0043 0.9498 0.0021 0.0030 0.0056 
        TC13  1 0.0030 0.0009 0.0009 0.0019 0.0008 0.9868 0.0012 0.0010 0.0035 
        TC14  1 0.0596 0.0020 0.0018 0.0052 0.0041 0.9023 0.0056 0.0019 0.0174 
        TC15  1 0.0503 0.0018 0.0031 0.0058 0.0020 0.9178 0.0019 0.0008 0.0164 
        TC16  1 0.0110 0.0012 0.0030 0.0045 0.0019 0.7895 0.0032 0.0012 0.1844 
        TC17  1 0.0206 0.0065 0.0044 0.0441 0.0038 0.8482 0.0105 0.0025 0.0593 
        TC18  1 0.0036 0.0074 0.0033 0.0094 0.0264 0.9406 0.0046 0.0024 0.0023 
        TC19  1 0.0021 0.0012 0.0011 0.0017 0.0008 0.9709 0.0011 0.0011 0.0201 
        TC20  1 0.0027 0.0009 0.0011 0.0021 0.0030 0.9814 0.0015 0.0011 0.0062 
        TC21  1 0.0078 0.0017 0.0130 0.1065 0.0201 0.8298 0.0132 0.0049 0.0029 
        TC22  1 0.0045 0.0093 0.0043 0.0069 0.0013 0.9673 0.0016 0.0020 0.0027 
        TC23  1 0.0031 0.0011 0.0016 0.0020 0.0013 0.9842 0.0017 0.0027 0.0023 
        TC24  1 0.0018 0.0006 0.0009 0.0014 0.0006 0.9899 0.0019 0.0007 0.0022 
        TC25  1 0.1213 0.0012 0.0044 0.0035 0.0201 0.8313 0.0034 0.0110 0.0038 
        TC26  1 0.0088 0.0008 0.0013 0.0039 0.0009 0.9749 0.0015 0.0008 0.0072 
        TC27  1 0.0100 0.0107 0.0012 0.0047 0.0012 0.9668 0.0026 0.0011 0.0018 
        TC28  1 0.0288 0.0011 0.0064 0.0056 0.0029 0.9485 0.0020 0.0015 0.0031 
        TC29  1 0.0232 0.0007 0.0014 0.0091 0.0031 0.9516 0.0027 0.0025 0.0056 
        TC30  1 0.0036 0.0011 0.0013 0.0024 0.0009 0.9803 0.0013 0.0010 0.0081 
        TC31  1 0.0017 0.0025 0.0036 0.0031 0.0075 0.9624 0.0027 0.0133 0.0031 
        TC32  1 0.1237 0.0008 0.0297 0.0050 0.0014 0.8318 0.0019 0.0015 0.0043 
        TC33  1 0.0033 0.0011 0.0014 0.0025 0.0013 0.9797 0.0045 0.0043 0.0019 
        TC34  1 0.0654 0.0038 0.0021 0.0035 0.0010 0.9114 0.0057 0.0012 0.0060 
        TC35  1 0.0062 0.0066 0.0035 0.0029 0.0036 0.9413 0.0015 0.0064 0.0279 
        TC36  1 0.0024 0.0012 0.0020 0.0035 0.0010 0.9836 0.0014 0.0012 0.0035 
        TC37  1 0.0011 0.0010 0.0021 0.0025 0.0013 0.9857 0.0025 0.0014 0.0025 
        TC38  1 0.0170 0.0007 0.0016 0.0047 0.0194 0.8700 0.0014 0.0027 0.0825 
        TC39  1 0.0528 0.0008 0.0017 0.0033 0.0021 0.8852 0.0014 0.0012 0.0515 
        TC40  1 0.0347 0.0015 0.0033 0.0034 0.0015 0.9397 0.0106 0.0012 0.0041 
        TC41  1 0.0017 0.0020 0.0024 0.0023 0.0010 0.9859 0.0017 0.0011 0.0018 
        TC42  1 0.0071 0.0011 0.0009 0.0023 0.0007 0.9830 0.0012 0.0007 0.0030 
        TC43  1 0.0059 0.0010 0.0015 0.0021 0.0014 0.9832 0.0016 0.0009 0.0023 
        TC44  1 0.0075 0.0026 0.0016 0.0032 0.0011 0.9218 0.0013 0.0026 0.0581 
        TC45  1 0.0013 0.0007 0.0014 0.0030 0.0053 0.9833 0.0009 0.0011 0.0030 
        TC46  1 0.0022 0.0028 0.0039 0.0045 0.0037 0.9772 0.0021 0.0010 0.0026 
        TC47  1 0.0049 0.0030 0.0019 0.0024 0.0014 0.9703 0.0017 0.0014 0.0130 
        TC48  1 0.0039 0.0033 0.0032 0.0124 0.0058 0.9477 0.0189 0.0012 0.0035 
        TC49  1 0.0023 0.0011 0.0013 0.0047 0.0012 0.9839 0.0019 0.0019 0.0018 
        TC50  1 0.0019 0.0038 0.0022 0.0046 0.0024 0.9769 0.0033 0.0017 0.0033 
        TC51  1 0.0206 0.0014 0.0016 0.0041 0.0017 0.9589 0.0017 0.0041 0.0059 
        TC52  1 0.0041 0.0007 0.0082 0.0028 0.0042 0.9749 0.0017 0.0007 0.0026 
        TC53  1 0.0052 0.0061 0.0010 0.0048 0.0007 0.9758 0.0014 0.0007 0.0044 
        TC54  1 0.0100 0.0020 0.0020 0.0066 0.0019 0.9583 0.0139 0.0017 0.0036 
        TC55  1 0.0130 0.0013 0.0074 0.0078 0.0025 0.9584 0.0028 0.0012 0.0057 
        TC56  1 0.0060 0.0023 0.0019 0.0046 0.0082 0.9610 0.0095 0.0030 0.0034 
        TC57  1 0.0018 0.0058 0.0026 0.0067 0.0013 0.9705 0.0034 0.0014 0.0065 
        TC58  1 0.0024 0.0013 0.0017 0.0032 0.0011 0.9752 0.0012 0.0082 0.0057 
        TC59  1 0.0025 0.0010 0.0010 0.0020 0.0007 0.9882 0.0014 0.0012 0.0020 
        TA01  2 0.0043 0.0012 0.0009 0.0031 0.0008 0.9704 0.0014 0.0013 0.0165 
        TA02  2 0.0021 0.0008 0.0017 0.0028 0.0010 0.9838 0.0036 0.0008 0.0035 
        TA03  2 0.0029 0.0047 0.0016 0.0033 0.0011 0.9646 0.0026 0.0015 0.0178 
        TA04  2 0.0206 0.0017 0.0022 0.0022 0.0009 0.6288 0.0014 0.0011 0.3412 
        TA05  2 0.0019 0.0011 0.0013 0.0029 0.0014 0.9845 0.0020 0.0012 0.0037 
        TA06  2 0.0045 0.0009 0.0013 0.0014 0.0008 0.9819 0.0012 0.0015 0.0065 
        TA07  2 0.0029 0.0013 0.0016 0.0080 0.0011 0.9011 0.0027 0.0029 0.0783 
        TA08  2 0.0107 0.0075 0.0008 0.0017 0.0017 0.9669 0.0019 0.0009 0.0079 
        TA09  2 0.0037 0.0010 0.0012 0.0018 0.0007 0.9815 0.0014 0.0009 0.0078 
        TA10  2 0.0033 0.0016 0.0012 0.0060 0.0010 0.9281 0.0014 0.0507 0.0067 
        TA11  2 0.0043 0.0075 0.0022 0.0043 0.0031 0.8867 0.0026 0.0331 0.0563 
        TA12  2 0.0017 0.0045 0.0010 0.0277 0.0009 0.9502 0.0021 0.0081 0.0037 
        TA13  2 0.0280 0.0024 0.0020 0.0968 0.0012 0.8370 0.0026 0.0160 0.0140 
        TA14  2 0.0048 0.0006 0.0013 0.0020 0.0006 0.9803 0.0021 0.0007 0.0076 
        TA15  2 0.0070 0.0007 0.0011 0.0027 0.0006 0.9826 0.0014 0.0012 0.0027 
        TA16  2 0.0120 0.0011 0.0012 0.0071 0.0009 0.9334 0.0012 0.0195 0.0236 
        TA17  2 0.0045 0.0036 0.0015 0.0043 0.0008 0.9790 0.0033 0.0010 0.0020 
        TA18  2 0.0021 0.0012 0.0349 0.0020 0.0008 0.9467 0.0046 0.0054 0.0023 
        TA19  2 0.0092 0.0412 0.0039 0.0063 0.0010 0.9025 0.0019 0.0036 0.0305 
        TA20  2 0.0028 0.0015 0.0011 0.0051 0.0013 0.9660 0.0183 0.0011 0.0027 
        TA21  2 0.0089 0.0013 0.0015 0.0052 0.0014 0.9365 0.0036 0.0015 0.0401 
        TA22  2 0.0148 0.0009 0.0011 0.0022 0.0009 0.9735 0.0039 0.0007 0.0020 
        TA23  2 0.0202 0.0008 0.0009 0.0018 0.0008 0.9687 0.0017 0.0010 0.0041 
        TA24  2 0.0025 0.0027 0.0017 0.0058 0.0010 0.9812 0.0015 0.0011 0.0025 
        TA25  2 0.0045 0.0015 0.0013 0.0051 0.0009 0.8389 0.0010 0.1443 0.0027 
        TA26  2 0.0064 0.0022 0.0009 0.0039 0.0029 0.8740 0.0024 0.0028 0.1046 
        TA27  2 0.0028 0.0020 0.0013 0.0063 0.0007 0.9793 0.0021 0.0013 0.0043 
        TA28  2 0.0026 0.0010 0.0086 0.0064 0.0064 0.9550 0.0105 0.0009 0.0086 
        TA29  2 0.0125 0.0033 0.0013 0.0029 0.0009 0.9740 0.0013 0.0014 0.0025 
        TA30  2 0.0033 0.0039 0.0014 0.0043 0.0018 0.6333 0.0052 0.0014 0.3454 
      BERM01  3 0.9800 0.0007 0.0007 0.0016 0.0006 0.0014 0.0012 0.0009 0.0130 
      BERM02  3 0.9873 0.0006 0.0009 0.0016 0.0007 0.0022 0.0012 0.0007 0.0048 
      BERM03  3 0.9909 0.0008 0.0007 0.0017 0.0007 0.0013 0.0011 0.0010 0.0019 
      BERM04  3 0.9899 0.0009 0.0007 0.0014 0.0008 0.0010 0.0010 0.0011 0.0032 
      BERM05  3 0.9887 0.0010 0.0009 0.0016 0.0010 0.0011 0.0013 0.0011 0.0033 
      BERM06  3 0.9612 0.0008 0.0012 0.0016 0.0009 0.0016 0.0009 0.0007 0.0311 
      BERM07  3 0.9853 0.0012 0.0008 0.0017 0.0008 0.0019 0.0011 0.0014 0.0059 
      BERM08  3 0.9905 0.0006 0.0006 0.0012 0.0008 0.0015 0.0008 0.0008 0.0032 
      BERM09  3 0.6200 0.0007 0.0010 0.0014 0.0005 0.0046 0.0010 0.0010 0.3698 
      BERM10  3 0.9789 0.0016 0.0009 0.0025 0.0012 0.0025 0.0010 0.0009 0.0104 
      BERM11  3 0.9786 0.0006 0.0008 0.0013 0.0009 0.0020 0.0011 0.0010 0.0136 
      BERM12  3 0.9683 0.0043 0.0014 0.0014 0.0145 0.0033 0.0021 0.0018 0.0030 
      BERM13  3 0.9890 0.0009 0.0013 0.0017 0.0007 0.0015 0.0010 0.0012 0.0030 
      BERM14  3 0.9792 0.0008 0.0009 0.0014 0.0007 0.0023 0.0010 0.0012 0.0126 
      CROC01  3 0.9776 0.0027 0.0032 0.0030 0.0011 0.0017 0.0053 0.0016 0.0038 
      CROC02  3 0.9770 0.0008 0.0040 0.0037 0.0020 0.0022 0.0020 0.0014 0.0069 
      CROC03  3 0.9743 0.0011 0.0012 0.0018 0.0020 0.0018 0.0014 0.0011 0.0153 
      CROC04  3 0.9102 0.0008 0.0049 0.0036 0.0006 0.0759 0.0010 0.0009 0.0021 
      CROC05  3 0.9792 0.0007 0.0014 0.0020 0.0008 0.0014 0.0012 0.0017 0.0116 
      CROC06  3 0.9339 0.0010 0.0076 0.0073 0.0013 0.0076 0.0068 0.0288 0.0059 
      CROC07  3 0.9799 0.0013 0.0022 0.0024 0.0009 0.0034 0.0016 0.0012 0.0072 
      CROC08  3 0.9654 0.0016 0.0010 0.0026 0.0020 0.0018 0.0200 0.0026 0.0031 
      CROC09  3 0.9339 0.0006 0.0010 0.0021 0.0011 0.0012 0.0028 0.0008 0.0566 
      CROC10  3 0.9672 0.0007 0.0010 0.0017 0.0009 0.0015 0.0008 0.0015 0.0247 
      CROC11  3 0.9355 0.0006 0.0010 0.0020 0.0010 0.0012 0.0027 0.0008 0.0551 
     CROC110  3 0.9454 0.0013 0.0018 0.0151 0.0007 0.0045 0.0027 0.0011 0.0274 
     CROC116  3 0.9749 0.0015 0.0034 0.0048 0.0021 0.0044 0.0024 0.0012 0.0055 
      CROC12  3 0.9896 0.0006 0.0008 0.0019 0.0008 0.0016 0.0010 0.0008 0.0028 
     CROC123  3 0.9875 0.0005 0.0008 0.0013 0.0008 0.0016 0.0008 0.0006 0.0061 
      CROC13  3 0.9874 0.0010 0.0007 0.0017 0.0020 0.0013 0.0011 0.0014 0.0034 
      CROC14  3 0.8993 0.0005 0.0009 0.0037 0.0012 0.0025 0.0017 0.0818 0.0085 
      CROC15  3 0.8946 0.0009 0.0682 0.0129 0.0051 0.0031 0.0071 0.0059 0.0021 
      CROC16  3 0.9529 0.0010 0.0015 0.0037 0.0046 0.0012 0.0028 0.0013 0.0311 
      CROC17  3 0.9475 0.0006 0.0007 0.0049 0.0008 0.0423 0.0009 0.0007 0.0018 
      CROC18  3 0.9694 0.0019 0.0080 0.0040 0.0087 0.0035 0.0012 0.0008 0.0024 
      CROC19  3 0.9857 0.0013 0.0014 0.0025 0.0010 0.0028 0.0013 0.0012 0.0029 
     CROC198  3 0.9787 0.0015 0.0008 0.0018 0.0008 0.0014 0.0012 0.0013 0.0124 
      CROC20  3 0.9837 0.0010 0.0015 0.0026 0.0013 0.0013 0.0019 0.0012 0.0056 
     CROC202  3 0.9840 0.0016 0.0009 0.0017 0.0031 0.0015 0.0011 0.0015 0.0045 
      CROC21  3 0.9874 0.0008 0.0009 0.0021 0.0009 0.0019 0.0011 0.0011 0.0039 
     CROC216  3 0.9367 0.0008 0.0171 0.0079 0.0012 0.0186 0.0034 0.0011 0.0132 
      CROC22  3 0.9412 0.0193 0.0011 0.0116 0.0010 0.0062 0.0009 0.0010 0.0175 
      CROC23  3 0.9641 0.0010 0.0013 0.0028 0.0011 0.0084 0.0020 0.0012 0.0181 
      CROC24  3 0.9495 0.0007 0.0009 0.0018 0.0017 0.0018 0.0014 0.0009 0.0413 
      CROC25  3 0.9895 0.0007 0.0010 0.0013 0.0007 0.0015 0.0011 0.0010 0.0033 
     CROC259  3 0.9747 0.0008 0.0007 0.0018 0.0011 0.0088 0.0011 0.0062 0.0047 
      CROC26  3 0.9377 0.0012 0.0008 0.0015 0.0010 0.0513 0.0015 0.0013 0.0037 
      CROC27  3 0.9242 0.0011 0.0015 0.0023 0.0009 0.0103 0.0033 0.0010 0.0554 
      CROC28  3 0.6959 0.0007 0.0007 0.0018 0.0008 0.0070 0.0014 0.0011 0.2907 
      CROC29  3 0.9887 0.0008 0.0010 0.0018 0.0009 0.0016 0.0015 0.0009 0.0029 
      CROC30  3 0.9739 0.0008 0.0030 0.0056 0.0016 0.0028 0.0030 0.0011 0.0081 
      CROC31  3 0.8803 0.0008 0.0013 0.0095 0.0010 0.0111 0.0023 0.0013 0.0926 
      CROC32  3 0.9864 0.0008 0.0008 0.0018 0.0007 0.0015 0.0009 0.0011 0.0060 
      CROC33  3 0.9498 0.0009 0.0032 0.0070 0.0019 0.0100 0.0219 0.0006 0.0047 
      CROC34  3 0.9890 0.0010 0.0009 0.0015 0.0008 0.0017 0.0014 0.0012 0.0024 
      CROC35  3 0.9721 0.0005 0.0006 0.0074 0.0011 0.0094 0.0008 0.0009 0.0072 
      CROC36  3 0.9846 0.0007 0.0010 0.0017 0.0008 0.0012 0.0011 0.0012 0.0077 
      CROC57  3 0.9893 0.0008 0.0008 0.0016 0.0008 0.0011 0.0012 0.0020 0.0023 
      CROC81  3 0.9788 0.0008 0.0017 0.0024 0.0047 0.0014 0.0035 0.0011 0.0056 
      CROC84  3 0.9807 0.0013 0.0008 0.0013 0.0030 0.0022 0.0013 0.0009 0.0084 
        FW01  3 0.0044 0.0026 0.0017 0.0037 0.0035 0.0019 0.0027 0.0017 0.9777 
        FW02  3 0.0014 0.0005 0.0006 0.0011 0.0005 0.0009 0.0008 0.0007 0.9935 
        FW03  3 0.0016 0.0009 0.0010 0.0014 0.0011 0.0014 0.0011 0.0008 0.9908 
        FW04  3 0.0013 0.0005 0.0006 0.0011 0.0005 0.0008 0.0008 0.0007 0.9936 
        FW05  3 0.0013 0.0005 0.0006 0.0011 0.0005 0.0009 0.0008 0.0007 0.9935 
        FW06  3 0.0014 0.0005 0.0006 0.0011 0.0005 0.0009 0.0008 0.0007 0.9934 
        FW07  3 0.0017 0.0009 0.0009 0.0015 0.0010 0.0014 0.0011 0.0008 0.9908 
        FW08  3 0.0013 0.0006 0.0006 0.0011 0.0005 0.0008 0.0008 0.0007 0.9936 
        FW09  3 0.0013 0.0006 0.0006 0.0011 0.0005 0.0008 0.0008 0.0007 0.9936 
        FW10  3 0.0017 0.0008 0.0009 0.0016 0.0010 0.0014 0.0012 0.0008 0.9905 
       FW100  3 0.0016 0.0008 0.0008 0.0015 0.0011 0.0015 0.0012 0.0008 0.9907 
       FW101  3 0.0016 0.0009 0.0009 0.0015 0.0011 0.0015 0.0012 0.0008 0.9905 
       FW102  3 0.0013 0.0006 0.0006 0.0011 0.0005 0.0008 0.0008 0.0007 0.9936 
       FW103  3 0.0013 0.0005 0.0006 0.0011 0.0005 0.0008 0.0008 0.0007 0.9936 
       FW104  3 0.0045 0.0028 0.0017 0.0036 0.0035 0.0019 0.0027 0.0017 0.9776 
       FW105  3 0.0017 0.0009 0.0009 0.0016 0.0011 0.0014 0.0012 0.0008 0.9906 
       FW106  3 0.9428 0.0013 0.0078 0.0043 0.0021 0.0037 0.0028 0.0010 0.0342 
       FW107  3 0.0046 0.0028 0.0016 0.0037 0.0033 0.0019 0.0028 0.0017 0.9777 
       FW108  3 0.0015 0.0006 0.0006 0.0011 0.0005 0.0009 0.0008 0.0007 0.9934 
       FW109  3 0.0016 0.0009 0.0009 0.0015 0.0010 0.0015 0.0012 0.0008 0.9906 
        FW11  3 0.0016 0.0009 0.0009 0.0016 0.0010 0.0015 0.0013 0.0007 0.9905 
       FW110  3 0.0017 0.0009 0.0009 0.0015 0.0010 0.0014 0.0010 0.0008 0.9909 
       FW111  3 0.0013 0.0005 0.0006 0.0011 0.0005 0.0008 0.0008 0.0007 0.9936 
       FW112  3 0.0016 0.0009 0.0008 0.0015 0.0010 0.0015 0.0012 0.0008 0.9907 
       FW113  3 0.0013 0.0006 0.0006 0.0011 0.0005 0.0008 0.0008 0.0007 0.9936 
       FW114  3 0.0019 0.0009 0.0010 0.0016 0.0010 0.0020 0.0011 0.0008 0.9897 
       FW115  3 0.0016 0.0008 0.0009 0.0016 0.0011 0.0014 0.0012 0.0008 0.9906 
       FW116  3 0.0013 0.0005 0.0006 0.0011 0.0005 0.0008 0.0008 0.0007 0.9936 
        FW12  3 0.0013 0.0005 0.0006 0.0011 0.0005 0.0008 0.0008 0.0007 0.9936 
        FW13  3 0.0014 0.0005 0.0006 0.0011 0.0005 0.0009 0.0008 0.0007 0.9935 
        FW14  3 0.0047 0.0027 0.0017 0.0038 0.0033 0.0019 0.0028 0.0017 0.9774 
        FW15  3 0.0047 0.0027 0.0016 0.0037 0.0035 0.0020 0.0027 0.0017 0.9774 
        FW16  3 0.0017 0.0009 0.0009 0.0016 0.0010 0.0014 0.0012 0.0008 0.9905 
        FW17  3 0.0016 0.0008 0.0009 0.0016 0.0011 0.0015 0.0012 0.0008 0.9905 
        FW18  3 0.0016 0.0008 0.0008 0.0015 0.0010 0.0014 0.0012 0.0008 0.9908 
        FW19  3 0.0013 0.0005 0.0006 0.0011 0.0005 0.0009 0.0008 0.0007 0.9935 
        FW20  3 0.0013 0.0005 0.0006 0.0011 0.0005 0.0008 0.0008 0.0007 0.9936 
        FW21  3 0.0013 0.0005 0.0006 0.0011 0.0005 0.0008 0.0008 0.0007 0.9936 
        FW22  3 0.0016 0.0009 0.0009 0.0015 0.0010 0.0015 0.0012 0.0008 0.9907 
        FW23  3 0.0013 0.0005 0.0006 0.0011 0.0005 0.0008 0.0008 0.0007 0.9937 
        FW24  3 0.0014 0.0005 0.0006 0.0010 0.0005 0.0008 0.0008 0.0007 0.9935 
        FW25  3 0.0013 0.0006 0.0006 0.0011 0.0005 0.0008 0.0008 0.0007 0.9936 
        FW26  3 0.0013 0.0005 0.0006 0.0011 0.0005 0.0008 0.0008 0.0007 0.9936 
        FW27  3 0.0017 0.0009 0.0008 0.0016 0.0010 0.0014 0.0012 0.0008 0.9906 
        FW28  3 0.0014 0.0005 0.0006 0.0011 0.0005 0.0009 0.0008 0.0007 0.9935 
        FW29  3 0.0013 0.0005 0.0006 0.0011 0.0005 0.0008 0.0008 0.0007 0.9937 
        FW30  3 0.9439 0.0013 0.0071 0.0042 0.0021 0.0037 0.0027 0.0010 0.0341 
        FW32  3 0.0048 0.0027 0.0016 0.0038 0.0034 0.0019 0.0027 0.0017 0.9773 
        FW33  3 0.0129 0.0006 0.0038 0.0042 0.0005 0.0030 0.0008 0.0007 0.9734 
        FW34  3 0.0013 0.0005 0.0006 0.0011 0.0005 0.0009 0.0008 0.0007 0.9935 
        FW35  3 0.0014 0.0005 0.0006 0.0011 0.0005 0.0008 0.0008 0.0007 0.9935 
        FW36  3 0.0013 0.0005 0.0006 0.0011 0.0005 0.0008 0.0008 0.0007 0.9936 
        FW37  3 0.0017 0.0009 0.0009 0.0016 0.0010 0.0014 0.0012 0.0008 0.9905 
        FW51  3 0.0013 0.0005 0.0006 0.0011 0.0006 0.0008 0.0008 0.0007 0.9936 
        FW52  3 0.0017 0.0009 0.0009 0.0016 0.0010 0.0015 0.0012 0.0008 0.9905 
        FW53  3 0.0013 0.0005 0.0006 0.0010 0.0005 0.0008 0.0008 0.0007 0.9936 
        FW54  3 0.0017 0.0009 0.0010 0.0014 0.0011 0.0014 0.0010 0.0008 0.9908 
        FW55  3 0.0013 0.0005 0.0006 0.0011 0.0005 0.0009 0.0008 0.0007 0.9936 
        FW56  3 0.0013 0.0005 0.0006 0.0011 0.0005 0.0008 0.0008 0.0007 0.9936 
        FW57  3 0.0013 0.0005 0.0006 0.0011 0.0005 0.0008 0.0008 0.0007 0.9936 
        FW78  3 0.0014 0.0005 0.0006 0.0011 0.0005 0.0009 0.0008 0.0007 0.9935 
        FW79  3 0.0014 0.0006 0.0006 0.0011 0.0005 0.0009 0.0008 0.0007 0.9935 
        FW80  3 0.0013 0.0005 0.0006 0.0011 0.0005 0.0008 0.0008 0.0007 0.9936 
        FW81  3 0.0017 0.0009 0.0009 0.0015 0.0011 0.0014 0.0010 0.0008 0.9909 
        FW82  3 0.0017 0.0009 0.0009 0.0016 0.0010 0.0014 0.0012 0.0008 0.9905 
        FW83  3 0.0046 0.0028 0.0016 0.0036 0.0034 0.0020 0.0027 0.0018 0.9775 
        FW84  3 0.0013 0.0006 0.0006 0.0011 0.0005 0.0008 0.0008 0.0007 0.9936 
        FW85  3 0.0016 0.0008 0.0011 0.0018 0.0014 0.0017 0.0012 0.0008 0.9895 
        FW86  3 0.0016 0.0009 0.0008 0.0015 0.0011 0.0015 0.0012 0.0008 0.9906 
        FW87  3 0.0017 0.0009 0.0008 0.0016 0.0011 0.0014 0.0012 0.0008 0.9906 
        FW88  3 0.0013 0.0005 0.0006 0.0011 0.0005 0.0008 0.0008 0.0007 0.9936 
        FW89  3 0.0014 0.0005 0.0006 0.0011 0.0005 0.0008 0.0008 0.0007 0.9935 
        FW90  3 0.0014 0.0005 0.0006 0.0011 0.0005 0.0008 0.0008 0.0007 0.9936 
        FW91  3 0.0017 0.0009 0.0009 0.0016 0.0010 0.0014 0.0012 0.0008 0.9905 
        FW92  3 0.0014 0.0005 0.0006 0.0011 0.0005 0.0008 0.0008 0.0007 0.9935 
        FW93  3 0.0013 0.0005 0.0006 0.0011 0.0005 0.0008 0.0008 0.0007 0.9936 
        FW94  3 0.0017 0.0008 0.0009 0.0016 0.0010 0.0014 0.0012 0.0008 0.9905 
        FW95  3 0.0014 0.0005 0.0006 0.0011 0.0005 0.0009 0.0008 0.0007 0.9935 
        FW96  3 0.0013 0.0005 0.0006 0.0011 0.0005 0.0009 0.0008 0.0007 0.9935 
        FW97  3 0.9592 0.0025 0.0018 0.0027 0.0014 0.0019 0.0022 0.0029 0.0255 
        FW98  3 0.0016 0.0009 0.0009 0.0014 0.0010 0.0014 0.0011 0.0008 0.9909 
        FW99  3 0.0013 0.0005 0.0006 0.0011 0.0005 0.0008 0.0008 0.0007 0.9936 
       Cal01  3 0.8766 0.0010 0.0007 0.0021 0.0008 0.0018 0.0028 0.0012 0.1130 
       Cal02  3 0.9864 0.0008 0.0012 0.0021 0.0010 0.0016 0.0010 0.0011 0.0047 
       Cal03  3 0.9369 0.0007 0.0013 0.0023 0.0013 0.0015 0.0017 0.0006 0.0538 
       Cal04  3 0.9867 0.0021 0.0014 0.0026 0.0013 0.0019 0.0013 0.0010 0.0016 
       Cal05  3 0.9826 0.0006 0.0007 0.0011 0.0007 0.0026 0.0007 0.0006 0.0103 
       Cal06  3 0.9856 0.0006 0.0011 0.0028 0.0008 0.0031 0.0013 0.0014 0.0033 
       Cal07  3 0.9807 0.0005 0.0008 0.0013 0.0006 0.0055 0.0009 0.0008 0.0090 
       Cal08  3 0.9480 0.0020 0.0031 0.0024 0.0012 0.0021 0.0020 0.0026 0.0367 
       Cal09  3 0.9546 0.0009 0.0008 0.0040 0.0027 0.0217 0.0011 0.0009 0.0132 
       Cal10  3 0.9871 0.0010 0.0011 0.0027 0.0010 0.0019 0.0018 0.0007 0.0026 
       Cal11  3 0.9531 0.0017 0.0014 0.0026 0.0009 0.0034 0.0015 0.0154 0.0201 
      Cal197  3 0.8586 0.0005 0.0008 0.0022 0.0006 0.0019 0.0013 0.0007 0.1335 
      Cal198  3 0.8909 0.0014 0.0011 0.0031 0.0008 0.0204 0.0609 0.0008 0.0207 
      Cal199  3 0.9707 0.0167 0.0009 0.0015 0.0010 0.0011 0.0024 0.0008 0.0049 
      Cal200  3 0.8894 0.0005 0.0036 0.0031 0.0013 0.0035 0.0014 0.0015 0.0956 
      Cal201  3 0.9361 0.0005 0.0009 0.0021 0.0006 0.0029 0.0009 0.0009 0.0551 
      Cal202  3 0.9468 0.0052 0.0021 0.0119 0.0067 0.0018 0.0180 0.0009 0.0065 
      Cal203  3 0.9868 0.0009 0.0010 0.0017 0.0009 0.0013 0.0012 0.0019 0.0043 
      Cal204  3 0.9897 0.0007 0.0011 0.0016 0.0010 0.0015 0.0014 0.0011 0.0021 
      Cal205  3 0.9882 0.0008 0.0010 0.0018 0.0008 0.0015 0.0014 0.0006 0.0039 
      Cal206  3 0.9832 0.0007 0.0010 0.0023 0.0013 0.0013 0.0012 0.0009 0.0080 
      Cal207  3 0.9833 0.0006 0.0011 0.0015 0.0006 0.0017 0.0073 0.0007 0.0032 
      Cal208  3 0.9825 0.0009 0.0009 0.0019 0.0008 0.0013 0.0016 0.0011 0.0090 
      Cal209  3 0.9847 0.0007 0.0007 0.0014 0.0008 0.0013 0.0009 0.0008 0.0087 
      Cal210  3 0.9706 0.0169 0.0009 0.0015 0.0010 0.0011 0.0023 0.0008 0.0048 
      Cal211  3 0.9833 0.0007 0.0010 0.0015 0.0006 0.0018 0.0009 0.0008 0.0094 
      Cal212  3 0.9823 0.0008 0.0015 0.0016 0.0008 0.0015 0.0011 0.0007 0.0095 
      Cal213  3 0.7608 0.0009 0.0023 0.0047 0.0009 0.0218 0.0697 0.0006 0.1382 
      Cal214  3 0.9734 0.0104 0.0008 0.0061 0.0010 0.0013 0.0047 0.0009 0.0015 
      Cal215  3 0.9786 0.0024 0.0010 0.0021 0.0018 0.0016 0.0014 0.0013 0.0097 
      Cal216  3 0.8951 0.0005 0.0012 0.0021 0.0010 0.0024 0.0019 0.0010 0.0947 
      Cal217  3 0.9855 0.0005 0.0007 0.0016 0.0006 0.0019 0.0010 0.0009 0.0073 
      Cal218  3 0.9439 0.0008 0.0013 0.0016 0.0008 0.0017 0.0010 0.0007 0.0482 
      Cal219  3 0.9701 0.0010 0.0010 0.0025 0.0008 0.0016 0.0010 0.0011 0.0211 
      Cal220  3 0.9769 0.0024 0.0043 0.0035 0.0007 0.0020 0.0027 0.0025 0.0050 
      Cal221  3 0.9815 0.0012 0.0009 0.0014 0.0009 0.0014 0.0015 0.0007 0.0104 
      Cal222  3 0.9850 0.0030 0.0010 0.0015 0.0009 0.0016 0.0015 0.0008 0.0048 
      Cal223  3 0.9146 0.0018 0.0018 0.0060 0.0008 0.0518 0.0120 0.0022 0.0091 
      Cal224  3 0.9239 0.0010 0.0012 0.0019 0.0044 0.0022 0.0617 0.0018 0.0020 
       Cal33  3 0.9886 0.0007 0.0009 0.0023 0.0008 0.0015 0.0009 0.0007 0.0036 
       Cal34  3 0.9862 0.0008 0.0012 0.0020 0.0011 0.0028 0.0020 0.0008 0.0031 
       Cal35  3 0.9898 0.0006 0.0010 0.0016 0.0008 0.0018 0.0009 0.0007 0.0028 
       Cal37  3 0.9808 0.0006 0.0024 0.0060 0.0009 0.0044 0.0009 0.0007 0.0033 
       Cal38  3 0.8072 0.0008 0.0007 0.0016 0.0005 0.0017 0.0009 0.0009 0.1857 
       Cal39  3 0.9100 0.0015 0.0008 0.0016 0.0015 0.0019 0.0009 0.0010 0.0808 
       Cal40  3 0.9845 0.0007 0.0006 0.0014 0.0008 0.0012 0.0009 0.0008 0.0090 
       Cal41  3 0.9888 0.0008 0.0007 0.0013 0.0008 0.0014 0.0009 0.0009 0.0045 
       Cal42  3 0.9889 0.0009 0.0007 0.0017 0.0009 0.0011 0.0010 0.0013 0.0035 
       Cal43  3 0.9885 0.0008 0.0011 0.0018 0.0006 0.0017 0.0012 0.0009 0.0034 
       Cal44  3 0.9524 0.0011 0.0077 0.0018 0.0010 0.0017 0.0021 0.0012 0.0310 
        BW41  3 0.9584 0.0013 0.0020 0.0029 0.0250 0.0019 0.0026 0.0011 0.0048 
        BW42  3 0.9798 0.0007 0.0017 0.0042 0.0009 0.0022 0.0014 0.0010 0.0081 
        BW44  3 0.9873 0.0007 0.0009 0.0017 0.0006 0.0028 0.0013 0.0011 0.0036 
        BW45  3 0.9865 0.0005 0.0007 0.0012 0.0006 0.0020 0.0007 0.0007 0.0070 
        BW46  3 0.9356 0.0008 0.0009 0.0037 0.0017 0.0015 0.0037 0.0008 0.0512 
        BW47  3 0.9315 0.0010 0.0397 0.0024 0.0089 0.0059 0.0009 0.0007 0.0091 
        BW48  3 0.9699 0.0020 0.0015 0.0030 0.0017 0.0025 0.0014 0.0016 0.0163 
        BW49  3 0.9827 0.0007 0.0008 0.0017 0.0006 0.0047 0.0010 0.0012 0.0066 
        BW50  3 0.9841 0.0007 0.0008 0.0017 0.0010 0.0014 0.0012 0.0010 0.0081 
        BW51  3 0.7890 0.0008 0.0007 0.0017 0.0006 0.0133 0.0011 0.0009 0.1920 
        BW52  3 0.9860 0.0008 0.0008 0.0016 0.0007 0.0014 0.0010 0.0037 0.0040 
        BW53  3 0.9727 0.0006 0.0080 0.0062 0.0008 0.0038 0.0035 0.0007 0.0036 
        BW54  3 0.8236 0.0019 0.1529 0.0023 0.0017 0.0047 0.0012 0.0012 0.0104 
        BW55  3 0.9600 0.0011 0.0011 0.0025 0.0017 0.0018 0.0033 0.0014 0.0272 
        BW56  3 0.9895 0.0006 0.0008 0.0016 0.0014 0.0016 0.0011 0.0009 0.0025 
        BW57  3 0.9865 0.0006 0.0010 0.0021 0.0007 0.0022 0.0018 0.0008 0.0043 
        BW58  3 0.9814 0.0007 0.0009 0.0021 0.0008 0.0026 0.0013 0.0008 0.0094 
        BW59  3 0.9402 0.0007 0.0008 0.0023 0.0007 0.0019 0.0008 0.0008 0.0518 
        BW60  3 0.9892 0.0006 0.0009 0.0014 0.0008 0.0016 0.0011 0.0010 0.0033 
        BW61  3 0.8529 0.0008 0.0009 0.0144 0.0642 0.0028 0.0013 0.0013 0.0613 
        BW62  3 0.9729 0.0007 0.0046 0.0020 0.0019 0.0019 0.0015 0.0009 0.0135 
        BW63  3 0.8975 0.0011 0.0614 0.0065 0.0011 0.0183 0.0018 0.0008 0.0114 
        BW64  3 0.9389 0.0006 0.0010 0.0016 0.0007 0.0017 0.0011 0.0008 0.0536 
        BW65  3 0.9723 0.0015 0.0027 0.0051 0.0041 0.0028 0.0051 0.0015 0.0048 
        BW66  3 0.9786 0.0008 0.0009 0.0015 0.0013 0.0034 0.0012 0.0028 0.0094 
        BW67  3 0.8371 0.0006 0.0009 0.0013 0.0007 0.0016 0.0011 0.0009 0.1559 
        BW68  3 0.9813 0.0007 0.0021 0.0030 0.0017 0.0030 0.0012 0.0008 0.0062 
        BW69  3 0.9497 0.0010 0.0009 0.0018 0.0381 0.0014 0.0011 0.0010 0.0049 
        BW70  3 0.9445 0.0011 0.0012 0.0019 0.0007 0.0025 0.0018 0.0012 0.0452 
        BW71  3 0.9867 0.0007 0.0006 0.0013 0.0006 0.0014 0.0008 0.0010 0.0069 
        BW72  3 0.9713 0.0015 0.0046 0.0057 0.0033 0.0028 0.0033 0.0022 0.0053 
        BW73  3 0.9292 0.0010 0.0013 0.0195 0.0155 0.0040 0.0010 0.0244 0.0041 
        BW74  3 0.9413 0.0017 0.0010 0.0057 0.0019 0.0037 0.0023 0.0010 0.0413 
        BW75  3 0.9632 0.0008 0.0016 0.0074 0.0007 0.0061 0.0025 0.0124 0.0054 
        BW76  3 0.9863 0.0012 0.0011 0.0018 0.0019 0.0014 0.0015 0.0011 0.0036 
        BW77  3 0.8441 0.0005 0.0048 0.0118 0.0017 0.0114 0.0040 0.0012 0.1205 
        BW78  3 0.9881 0.0014 0.0008 0.0013 0.0009 0.0026 0.0010 0.0010 0.0028 
        BW79  3 0.9812 0.0009 0.0008 0.0039 0.0008 0.0025 0.0012 0.0010 0.0077 
        BW80  3 0.9843 0.0006 0.0014 0.0022 0.0007 0.0015 0.0012 0.0009 0.0072 
        BW81  3 0.9840 0.0005 0.0007 0.0022 0.0008 0.0028 0.0025 0.0008 0.0055 
       BWS05  3 0.8867 0.0019 0.0044 0.0062 0.0093 0.0039 0.0022 0.0021 0.0834 
       BWS06  3 0.8112 0.0019 0.0013 0.0022 0.0010 0.0019 0.0021 0.0011 0.1773 
       BWS07  3 0.9606 0.0007 0.0009 0.0193 0.0006 0.0042 0.0008 0.0006 0.0122 
       BWS08  3 0.9704 0.0010 0.0019 0.0026 0.0058 0.0086 0.0032 0.0036 0.0027 
       BWS09  3 0.9832 0.0006 0.0008 0.0013 0.0006 0.0013 0.0013 0.0007 0.0101 
       BWS10  3 0.9613 0.0014 0.0170 0.0027 0.0012 0.0030 0.0014 0.0011 0.0110 
       BWS11  3 0.9906 0.0007 0.0008 0.0018 0.0007 0.0012 0.0010 0.0009 0.0024 
       BWS12  3 0.9805 0.0008 0.0015 0.0034 0.0010 0.0022 0.0021 0.0020 0.0065 
       BWS13  3 0.9830 0.0009 0.0011 0.0015 0.0008 0.0013 0.0032 0.0010 0.0073 
       BWS14  3 0.9501 0.0008 0.0020 0.0037 0.0021 0.0023 0.0014 0.0007 0.0369 
       BWS15  3 0.9807 0.0027 0.0015 0.0036 0.0012 0.0024 0.0025 0.0029 0.0026 
       BWS16  3 0.9787 0.0008 0.0016 0.0016 0.0009 0.0117 0.0010 0.0008 0.0029 
       BWS17  3 0.9885 0.0008 0.0010 0.0017 0.0014 0.0015 0.0016 0.0011 0.0024 
       BWS18  3 0.9610 0.0030 0.0012 0.0033 0.0009 0.0029 0.0211 0.0007 0.0058 
       BWS19  3 0.9452 0.0027 0.0009 0.0128 0.0097 0.0025 0.0090 0.0009 0.0163 
       BWS20  3 0.9821 0.0006 0.0007 0.0015 0.0007 0.0052 0.0012 0.0009 0.0071 
       BWS21  3 0.9179 0.0034 0.0108 0.0133 0.0016 0.0052 0.0395 0.0014 0.0069 
       BWS22  3 0.9758 0.0007 0.0012 0.0020 0.0008 0.0014 0.0018 0.0009 0.0155 
       BWS23  3 0.9640 0.0013 0.0008 0.0026 0.0010 0.0022 0.0231 0.0007 0.0043 
       BWS24  3 0.9798 0.0023 0.0015 0.0067 0.0010 0.0032 0.0015 0.0012 0.0028 
       BWS25  3 0.9808 0.0008 0.0006 0.0108 0.0017 0.0012 0.0009 0.0008 0.0024 
       BWS26  3 0.9867 0.0006 0.0011 0.0024 0.0010 0.0022 0.0010 0.0014 0.0036 
       BWS27  3 0.9857 0.0007 0.0008 0.0027 0.0006 0.0045 0.0009 0.0008 0.0033 
       BWS28  3 0.9572 0.0010 0.0100 0.0092 0.0018 0.0037 0.0024 0.0010 0.0137 
       BWS29  3 0.9810 0.0013 0.0016 0.0023 0.0017 0.0028 0.0015 0.0016 0.0063 
       BWS30  3 0.9772 0.0007 0.0007 0.0016 0.0008 0.0016 0.0019 0.0009 0.0147 
       BWS31  3 0.9803 0.0007 0.0011 0.0022 0.0029 0.0068 0.0012 0.0007 0.0041 
       BWS32  3 0.9714 0.0015 0.0015 0.0035 0.0008 0.0044 0.0010 0.0013 0.0145 
       BWS33  3 0.9817 0.0013 0.0033 0.0029 0.0019 0.0015 0.0020 0.0011 0.0043 
       BWS34  3 0.9707 0.0008 0.0028 0.0032 0.0022 0.0022 0.0051 0.0015 0.0116 
       BWS35  3 0.9806 0.0032 0.0022 0.0028 0.0011 0.0030 0.0018 0.0014 0.0039 
       BWS36  3 0.9867 0.0007 0.0007 0.0014 0.0009 0.0013 0.0008 0.0020 0.0055 
       BWS37  3 0.9789 0.0009 0.0016 0.0026 0.0035 0.0025 0.0014 0.0008 0.0078 
       BWS38  3 0.9685 0.0012 0.0013 0.0024 0.0011 0.0033 0.0018 0.0018 0.0186 
       BWS39  3 0.9293 0.0007 0.0011 0.0015 0.0007 0.0026 0.0011 0.0011 0.0619 
       BWS40  3 0.9857 0.0016 0.0008 0.0015 0.0011 0.0013 0.0011 0.0019 0.0050 
       BWN01  3 0.9805 0.0010 0.0009 0.0016 0.0011 0.0031 0.0011 0.0011 0.0096 
       BWN02  3 0.9213 0.0006 0.0009 0.0015 0.0008 0.0489 0.0010 0.0007 0.0243 
       BWN03  3 0.9755 0.0014 0.0051 0.0041 0.0032 0.0018 0.0033 0.0026 0.0029 
       BWN04  3 0.9611 0.0006 0.0012 0.0021 0.0014 0.0034 0.0018 0.0049 0.0235 
        NC01  4 0.0337 0.0006 0.0037 0.0235 0.0008 0.8382 0.0011 0.0014 0.0972 
        NC02  4 0.0082 0.0008 0.0014 0.0038 0.0021 0.9501 0.0018 0.0017 0.0301 
        NC03  4 0.0024 0.0006 0.0009 0.0037 0.0007 0.9802 0.0066 0.0008 0.0042 
        NC04  4 0.0052 0.0012 0.0008 0.0033 0.0009 0.9812 0.0015 0.0009 0.0050 
        NC05  4 0.0262 0.0037 0.0033 0.0367 0.0017 0.9176 0.0050 0.0020 0.0039 
        NC06  4 0.0207 0.0010 0.0010 0.0041 0.0130 0.9419 0.0013 0.0008 0.0162 
        NC07  4 0.0059 0.0014 0.0008 0.0022 0.0008 0.9780 0.0011 0.0008 0.0090 
        NC08  4 0.0072 0.0009 0.0009 0.0026 0.0017 0.8755 0.0025 0.0016 0.1071 
        NC09  4 0.0086 0.0012 0.0020 0.0025 0.0008 0.9725 0.0023 0.0019 0.0081 
        NC10  4 0.1771 0.0005 0.0011 0.0020 0.0008 0.7431 0.0013 0.0016 0.0725 
        NC11  4 0.0252 0.0018 0.0028 0.0060 0.0017 0.9514 0.0021 0.0021 0.0070 
        NC12  4 0.0052 0.0007 0.0015 0.0030 0.0029 0.9808 0.0012 0.0008 0.0039 
        NC13  4 0.0055 0.0009 0.0018 0.0040 0.0007 0.9632 0.0191 0.0007 0.0041 
        NC14  4 0.0077 0.0008 0.0017 0.0136 0.0010 0.9529 0.0015 0.0013 0.0194 
        NC15  4 0.0081 0.0011 0.0016 0.0034 0.0015 0.9736 0.0027 0.0015 0.0064 
        NC16  4 0.0253 0.0006 0.0033 0.0158 0.0008 0.9389 0.0012 0.0013 0.0129 
        NC18  4 0.0060 0.0006 0.0014 0.0035 0.0010 0.9639 0.0020 0.0055 0.0162 
        NC19  4 0.0018 0.0005 0.0012 0.0017 0.0008 0.9883 0.0011 0.0007 0.0039 
        NC20  4 0.0221 0.0014 0.0017 0.0027 0.0034 0.7793 0.0054 0.0090 0.1751 
        NC21  4 0.0036 0.0007 0.0045 0.0055 0.0010 0.8129 0.0060 0.0008 0.1649 
        NC22  4 0.0034 0.0010 0.0008 0.0013 0.0051 0.8559 0.0018 0.0014 0.1293 
        NC23  4 0.0122 0.0007 0.0017 0.0048 0.0008 0.9473 0.0018 0.0019 0.0288 
        NC24  4 0.0023 0.0012 0.0009 0.0019 0.0012 0.9868 0.0011 0.0015 0.0031 
      SAND01  4 0.0027 0.0012 0.0013 0.0014 0.0007 0.0017 0.0010 0.0009 0.9891 
      SAND02  4 0.0019 0.0011 0.0009 0.0014 0.0010 0.0012 0.0008 0.0008 0.9908 
      SAND03  4 0.0018 0.0007 0.0006 0.0011 0.0006 0.0012 0.0009 0.0007 0.9924 
      SAND04  4 0.0013 0.0007 0.0008 0.0016 0.0008 0.0014 0.0010 0.0007 0.9917 
      SAND05  4 0.0021 0.0008 0.0010 0.0014 0.0006 0.0017 0.0010 0.0009 0.9905 
      SAND06  4 0.0015 0.0007 0.0011 0.0017 0.0008 0.0021 0.0009 0.0007 0.9904 
      SAND07  4 0.0028 0.0014 0.0010 0.0013 0.0007 0.0013 0.0010 0.0014 0.9890 
      SAND08  4 0.0019 0.0006 0.0011 0.0017 0.0015 0.0339 0.0009 0.0010 0.9574 
      SAND09  4 0.0438 0.0027 0.0169 0.0051 0.0016 0.0730 0.0022 0.0016 0.8532 
      SAND10  4 0.0016 0.0008 0.0009 0.0014 0.0008 0.0026 0.0008 0.0014 0.9898 
      SAND11  4 0.0059 0.0008 0.0011 0.0017 0.0008 0.0016 0.0013 0.0011 0.9857 
      SAND12  4 0.0016 0.0007 0.0010 0.0013 0.0006 0.0016 0.0009 0.0012 0.9911 
      SAND13  4 0.0015 0.0008 0.0009 0.0014 0.0008 0.0026 0.0008 0.0013 0.9899 
      SAND14  4 0.0042 0.0016 0.0018 0.0022 0.0023 0.0036 0.0020 0.0024 0.9797 
      SAND15  4 0.0027 0.0007 0.0014 0.0016 0.0006 0.0020 0.0023 0.0007 0.9880 
      SAND16  4 0.0072 0.0012 0.0320 0.0163 0.0008 0.0264 0.0016 0.0008 0.9138 
      SAND17  4 0.0048 0.0011 0.0011 0.0014 0.0007 0.0015 0.0010 0.0010 0.9875 
      SAND18  4 0.0020 0.0005 0.0008 0.0013 0.0007 0.0014 0.0009 0.0007 0.9918 
      SAND19  4 0.0016 0.0006 0.0007 0.0012 0.0006 0.0013 0.0009 0.0006 0.9925 
      SAND20  4 0.0045 0.0008 0.0008 0.0012 0.0005 0.0216 0.0009 0.0016 0.9680 
      SAND21  4 0.0030 0.0009 0.0009 0.0013 0.0007 0.0015 0.0008 0.0010 0.9899 
      SAND22  4 0.0051 0.0006 0.0007 0.0011 0.0005 0.0034 0.0010 0.0008 0.9867 
      SAND23  4 0.0023 0.0006 0.0008 0.0014 0.0009 0.0010 0.0010 0.0007 0.9913 
      SAND24  4 0.9825 0.0010 0.0014 0.0032 0.0031 0.0017 0.0020 0.0009 0.0043 
      SAND25  4 0.0026 0.0017 0.0075 0.0076 0.0010 0.0225 0.0015 0.0014 0.9541 
      SAND26  4 0.0017 0.0007 0.0007 0.0011 0.0008 0.0030 0.0009 0.0007 0.9903 
      SAND27  4 0.0080 0.0009 0.0017 0.0028 0.0010 0.2624 0.0026 0.0027 0.7180 
      SAND28  4 0.0023 0.0006 0.0007 0.0013 0.0008 0.0017 0.0010 0.0010 0.9906 
      SAND29  4 0.0020 0.0005 0.0007 0.0012 0.0006 0.0013 0.0009 0.0008 0.9920 
      SAND30  4 0.0108 0.0006 0.0014 0.0017 0.0006 0.0053 0.0020 0.0009 0.9768 
      SAND31  4 0.0018 0.0007 0.0012 0.0016 0.0005 0.0040 0.0011 0.0018 0.9872 
      SAND32  4 0.0016 0.0006 0.0009 0.0017 0.0010 0.0166 0.0009 0.0008 0.9759 
      SAND33  4 0.0023 0.0033 0.0018 0.0018 0.0016 0.0027 0.0021 0.0025 0.9820 
      SAND34  4 0.0019 0.0005 0.0010 0.0014 0.0006 0.0019 0.0010 0.0007 0.9911 
      SAND35  4 0.0012 0.0008 0.0006 0.0010 0.0006 0.0012 0.0009 0.0008 0.9929 
      SAND36  4 0.0042 0.0006 0.0010 0.0014 0.0008 0.0014 0.0009 0.0008 0.9890 
      SAND37  4 0.0158 0.0006 0.0009 0.0015 0.0007 0.0042 0.0010 0.0008 0.9744 
      SAND38  4 0.0032 0.0012 0.0011 0.0021 0.0008 0.0036 0.0010 0.0015 0.9856 
      SAND39  4 0.0029 0.0005 0.0007 0.0018 0.0009 0.0197 0.0011 0.0008 0.9716 
      SAND40  4 0.0025 0.0010 0.0024 0.0031 0.0018 0.0027 0.0023 0.0025 0.9817 
      SAND41  4 0.0022 0.0007 0.0008 0.0013 0.0006 0.0020 0.0010 0.0008 0.9906 
      SAND42  4 0.0054 0.0022 0.0027 0.0030 0.0019 0.0029 0.0020 0.0024 0.9775 
      SAND43  4 0.2087 0.0024 0.0021 0.0026 0.0017 0.0091 0.0025 0.0020 0.7689 
      SAND44  4 0.0017 0.0007 0.0007 0.0012 0.0006 0.0016 0.0009 0.0016 0.9912 
       Hon01  5 0.0009 0.0015 0.0018 0.0022 0.0012 0.9881 0.0013 0.0016 0.0014 
       Hon02  5 0.0046 0.0006 0.0008 0.0021 0.0012 0.9788 0.0036 0.0010 0.0074 
       Hon03  5 0.0030 0.0074 0.0011 0.0048 0.0111 0.8447 0.1047 0.0046 0.0187 
       Hon04  5 0.0015 0.0012 0.0014 0.0023 0.0008 0.9868 0.0027 0.0012 0.0020 
       Hon05  5 0.0017 0.0007 0.0010 0.0020 0.0014 0.9883 0.0014 0.0016 0.0019 
       Hon06  5 0.0009 0.0013 0.0016 0.0017 0.0006 0.9901 0.0008 0.0011 0.0018 
       Hon07  5 0.0013 0.0010 0.0007 0.0018 0.0011 0.9890 0.0018 0.0016 0.0017 
       Hon08  5 0.0015 0.0009 0.0010 0.0022 0.0008 0.9877 0.0028 0.0008 0.0024 
       Hon09  5 0.0057 0.0009 0.0008 0.0015 0.0012 0.9151 0.0035 0.0018 0.0694 
       Hon10  5 0.0016 0.0056 0.0021 0.0020 0.0028 0.9613 0.0028 0.0200 0.0019 
       Hon11  5 0.0063 0.0052 0.0061 0.0447 0.0016 0.9287 0.0019 0.0024 0.0030 
       Hon12  5 0.0038 0.0015 0.0008 0.0015 0.0015 0.9680 0.0071 0.0033 0.0126 
       Hon13  5 0.0017 0.0008 0.0009 0.0023 0.0015 0.9883 0.0015 0.0014 0.0016 
       Hon14  5 0.0013 0.0008 0.0011 0.0031 0.0129 0.9614 0.0161 0.0019 0.0015 
       Hon15  5 0.0009 0.0017 0.0022 0.0020 0.0009 0.9861 0.0034 0.0011 0.0018 
       Hon16  5 0.0014 0.0009 0.0010 0.0020 0.0007 0.9880 0.0027 0.0008 0.0024 
       Hon17  5 0.0012 0.0007 0.0013 0.0021 0.0006 0.9899 0.0011 0.0012 0.0018 
       Hon18  5 0.0277 0.0008 0.0015 0.0020 0.0007 0.9288 0.0026 0.0011 0.0348 
       Hon19  5 0.0018 0.0010 0.0087 0.0021 0.0008 0.9763 0.0018 0.0057 0.0018 
       Hon20  5 0.0015 0.0033 0.0014 0.0074 0.0008 0.9804 0.0017 0.0020 0.0015 
      ERIN01  6 0.0007 0.0008 0.0007 0.0013 0.0008 0.0008 0.0010 0.9929 0.0010 
      ERIN02  6 0.0007 0.0008 0.0007 0.0013 0.0008 0.0008 0.0010 0.9930 0.0010 
      ERIN03  6 0.0007 0.0008 0.0007 0.0013 0.0008 0.0008 0.0010 0.9929 0.0010 
      ERIN04  6 0.0007 0.0008 0.0007 0.0013 0.0008 0.0008 0.0010 0.9929 0.0010 
      ERIN05  6 0.0007 0.0008 0.0007 0.0013 0.0008 0.0008 0.0011 0.9929 0.0010 
      ERIN06  6 0.0007 0.0008 0.0007 0.0013 0.0008 0.0008 0.0010 0.9929 0.0010 
      ERIN07  6 0.0007 0.0008 0.0007 0.0013 0.0008 0.0008 0.0010 0.9929 0.0010 
      ERIN08  6 0.0007 0.0008 0.0007 0.0013 0.0008 0.0007 0.0011 0.9929 0.0010 
      ERIN09  6 0.0007 0.0008 0.0007 0.0013 0.0008 0.0008 0.0011 0.9929 0.0010 
      ERIN10  6 0.0007 0.0008 0.0007 0.0013 0.0008 0.0008 0.0010 0.9930 0.0010 
      ERIN11  6 0.0008 0.0009 0.0019 0.0090 0.0010 0.0059 0.0011 0.9785 0.0010 
      ERIN12  6 0.0007 0.0008 0.0007 0.0013 0.0008 0.0007 0.0010 0.9929 0.0010 
      ERIN13  6 0.0007 0.0008 0.0007 0.0013 0.0008 0.0008 0.0010 0.9930 0.0010 
      ERIN14  6 0.0007 0.0008 0.0007 0.0013 0.0008 0.0008 0.0010 0.9929 0.0010 
      ERIN15  6 0.0007 0.0008 0.0007 0.0013 0.0008 0.0008 0.0010 0.9930 0.0010 
      ERIN16  6 0.0007 0.0008 0.0007 0.0014 0.0008 0.0008 0.0011 0.9928 0.0010 
      ERIN17  6 0.0007 0.0008 0.0007 0.0013 0.0008 0.0008 0.0010 0.9929 0.0010 
      ERIN18  6 0.0007 0.0008 0.0007 0.0013 0.0008 0.0008 0.0010 0.9929 0.0010 
      ERIN19  6 0.0007 0.0008 0.0007 0.0013 0.0008 0.0007 0.0010 0.9930 0.0010 
      ERIN20  6 0.0007 0.0008 0.0007 0.0013 0.0008 0.0008 0.0011 0.9929 0.0010 
      ERIN21  6 0.0007 0.0051 0.0008 0.0014 0.0042 0.0012 0.0016 0.9840 0.0010 
      ERIN22  6 0.0007 0.0008 0.0007 0.0013 0.0008 0.0008 0.0011 0.9929 0.0010 
      ERIN23  6 0.0007 0.0008 0.0007 0.0013 0.0008 0.0008 0.0010 0.9929 0.0010 
      ERIN24  6 0.0007 0.0008 0.0007 0.0013 0.0008 0.0008 0.0011 0.9930 0.0010 
      ERIN25  6 0.0007 0.0047 0.0009 0.0014 0.0049 0.0011 0.0015 0.9839 0.0010 
      ERIN26  6 0.0007 0.0008 0.0007 0.0013 0.0008 0.0008 0.0010 0.9929 0.0010 
      ERIN27  6 0.0007 0.0008 0.0006 0.0013 0.0008 0.0008 0.0010 0.9930 0.0010 
      ERIN28  6 0.0007 0.0008 0.0007 0.0013 0.0008 0.0008 0.0011 0.9929 0.0010 
      ERIN29  6 0.0007 0.0008 0.0007 0.0013 0.0008 0.0008 0.0010 0.9929 0.0010 
      ERIN30  6 0.0007 0.0008 0.0007 0.0013 0.0008 0.0008 0.0010 0.9928 0.0010 
      ERIN31  6 0.0007 0.0008 0.0007 0.0013 0.0008 0.0008 0.0010 0.9929 0.0010 
      ERIN32  6 0.0007 0.0008 0.0007 0.0013 0.0008 0.0008 0.0010 0.9930 0.0010 
      ERIN33  6 0.0007 0.0009 0.0007 0.0013 0.0008 0.0008 0.0010 0.9929 0.0010 
      ERIN34  6 0.0007 0.0008 0.0007 0.0013 0.0008 0.0008 0.0010 0.9930 0.0010 
      ERIN35  6 0.0007 0.0008 0.0007 0.0013 0.0008 0.0008 0.0011 0.9929 0.0010 
      ERIN38  6 0.0007 0.0008 0.0007 0.0013 0.0008 0.0008 0.0010 0.9929 0.0010 
      ERIN39  6 0.0007 0.0009 0.0007 0.0013 0.0008 0.0007 0.0010 0.9929 0.0010 
      ERIN40  6 0.0007 0.0008 0.0007 0.0013 0.0008 0.0008 0.0010 0.9929 0.0009 
      ERIN41  6 0.0007 0.0008 0.0007 0.0013 0.0008 0.0008 0.0010 0.9929 0.0010 
      ERIN42  6 0.0007 0.0008 0.0007 0.0013 0.0008 0.0008 0.0010 0.9929 0.0010 
      ERIN43  6 0.0007 0.0008 0.0007 0.0013 0.0008 0.0008 0.0010 0.9929 0.0010 
      ERIN44  6 0.0007 0.0009 0.0007 0.0013 0.0008 0.0008 0.0011 0.9929 0.0010 
      ERIN45  6 0.0007 0.0009 0.0007 0.0013 0.0008 0.0008 0.0010 0.9928 0.0010 
      ERIN46  6 0.0007 0.0008 0.0007 0.0013 0.0008 0.0008 0.0011 0.9929 0.0010 
      ERIN47  6 0.0007 0.0008 0.0007 0.0013 0.0008 0.0008 0.0010 0.9929 0.0009 
       FDS01  6 0.0007 0.0008 0.0007 0.0013 0.0008 0.0008 0.0010 0.9929 0.0010 
       FDS02  6 0.0007 0.0008 0.0007 0.0013 0.0008 0.0008 0.0010 0.9930 0.0010 
       FDS03  6 0.0007 0.0008 0.0007 0.0015 0.0008 0.0008 0.0011 0.9927 0.0010 
       FDS04  6 0.0007 0.0008 0.0007 0.0013 0.0008 0.0008 0.0011 0.9929 0.0010 
       FDS05  6 0.0007 0.0009 0.0007 0.0013 0.0008 0.0008 0.0011 0.9929 0.0010 
       FDS06  6 0.0007 0.0008 0.0007 0.0013 0.0008 0.0008 0.0011 0.9929 0.0009 
       FDS07  6 0.0007 0.0008 0.0007 0.0013 0.0008 0.0007 0.0010 0.9930 0.0010 
       FDS08  6 0.0007 0.0008 0.0007 0.0013 0.0008 0.0008 0.0010 0.9929 0.0010 
       FDS09  6 0.0007 0.0008 0.0007 0.0013 0.0008 0.0008 0.0010 0.9928 0.0010 
       FDS10  6 0.0007 0.0008 0.0007 0.0013 0.0008 0.0008 0.0010 0.9929 0.0009 
       FDS11  6 0.0008 0.0008 0.0007 0.0013 0.0008 0.0008 0.0010 0.9929 0.0010 
       FDS12  6 0.0007 0.0008 0.0007 0.0014 0.0008 0.0008 0.0010 0.9927 0.0010 
       FDS13  6 0.0007 0.0008 0.0007 0.0013 0.0008 0.0007 0.0010 0.9929 0.0010 
       FDS14  6 0.0007 0.0008 0.0007 0.0013 0.0008 0.0008 0.0010 0.9929 0.0010 
       FDS15  6 0.0007 0.0008 0.0007 0.0013 0.0008 0.0008 0.0010 0.9929 0.0010 
       FDS16  6 0.0007 0.0008 0.0007 0.0013 0.0008 0.0007 0.0010 0.9929 0.0010 
       FDS17  6 0.0007 0.0008 0.0007 0.0013 0.0008 0.0008 0.0010 0.9929 0.0010 
       FDS18  6 0.0007 0.0008 0.0007 0.0014 0.0008 0.0008 0.0010 0.9928 0.0010 
       EPP01  6 0.0007 0.9920 0.0009 0.0014 0.0008 0.0008 0.0013 0.0011 0.0010 
       EPP02  6 0.0007 0.9921 0.0009 0.0014 0.0008 0.0007 0.0013 0.0011 0.0010 
       EPP03  6 0.0008 0.9916 0.0009 0.0015 0.0010 0.0007 0.0013 0.0012 0.0010 
       EPP04  6 0.0007 0.9920 0.0009 0.0014 0.0008 0.0007 0.0013 0.0011 0.0010 
       EPP05  6 0.0007 0.9919 0.0009 0.0015 0.0008 0.0008 0.0012 0.0011 0.0010 
       EPP06  6 0.0007 0.9920 0.0009 0.0014 0.0008 0.0007 0.0013 0.0011 0.0010 
       EPP07  6 0.0007 0.9920 0.0009 0.0014 0.0008 0.0008 0.0014 0.0011 0.0010 
       EPP08  6 0.0007 0.9920 0.0009 0.0014 0.0008 0.0008 0.0013 0.0011 0.0010 
       EPP09  6 0.0007 0.9920 0.0009 0.0014 0.0008 0.0007 0.0014 0.0011 0.0010 
       EPP10  6 0.0007 0.9921 0.0008 0.0014 0.0008 0.0007 0.0013 0.0011 0.0010 
       EPP11  6 0.0007 0.9506 0.0223 0.0121 0.0009 0.0014 0.0098 0.0011 0.0010 
       EPP12  6 0.0007 0.9920 0.0009 0.0014 0.0008 0.0007 0.0013 0.0011 0.0010 
       EPP13  6 0.0007 0.9919 0.0009 0.0014 0.0008 0.0007 0.0013 0.0011 0.0010 
       EPP14  6 0.0008 0.9919 0.0008 0.0014 0.0008 0.0007 0.0013 0.0012 0.0010 
       EPP15  6 0.0008 0.9916 0.0008 0.0014 0.0008 0.0009 0.0013 0.0010 0.0013 
       EPP16  6 0.0007 0.9921 0.0009 0.0014 0.0008 0.0007 0.0013 0.0011 0.0010 
       EPP17  6 0.0007 0.9919 0.0009 0.0014 0.0008 0.0008 0.0013 0.0011 0.0010 
       EPP18  6 0.0007 0.9919 0.0009 0.0014 0.0009 0.0008 0.0013 0.0011 0.0010 
       EPP19  6 0.0007 0.9920 0.0009 0.0014 0.0009 0.0008 0.0013 0.0011 0.0010 
       EPP20  6 0.0007 0.9916 0.0010 0.0015 0.0009 0.0008 0.0014 0.0011 0.0010 
       EPP21  6 0.0007 0.9301 0.0019 0.0041 0.0008 0.0009 0.0051 0.0554 0.0010 
       EPP22  6 0.0007 0.9920 0.0009 0.0014 0.0008 0.0008 0.0013 0.0011 0.0010 
       EPP23  6 0.0008 0.9006 0.0015 0.0085 0.0008 0.0012 0.0844 0.0012 0.0010 
       EPP24  6 0.0007 0.9921 0.0008 0.0014 0.0008 0.0008 0.0013 0.0011 0.0010 
       EPP25  6 0.0007 0.9919 0.0009 0.0015 0.0008 0.0008 0.0013 0.0011 0.0010 
       EPP26  6 0.0007 0.9918 0.0009 0.0015 0.0009 0.0008 0.0013 0.0011 0.0010 
       EPP27  6 0.0007 0.9916 0.0010 0.0015 0.0010 0.0007 0.0014 0.0011 0.0010 
       EPP28  6 0.0007 0.9920 0.0008 0.0014 0.0008 0.0007 0.0013 0.0011 0.0010 
       EPP29  6 0.0007 0.9920 0.0009 0.0014 0.0008 0.0008 0.0014 0.0011 0.0010 
       EPP30  6 0.0007 0.9920 0.0009 0.0014 0.0008 0.0008 0.0013 0.0012 0.0010 
       EPP31  6 0.0007 0.9917 0.0010 0.0015 0.0010 0.0008 0.0014 0.0011 0.0010 
       EPP32  6 0.0007 0.9920 0.0009 0.0014 0.0008 0.0008 0.0013 0.0011 0.0010 
       EPP33  6 0.0007 0.9919 0.0009 0.0014 0.0008 0.0008 0.0013 0.0011 0.0010 
       EPP34  6 0.0007 0.9919 0.0009 0.0015 0.0008 0.0008 0.0013 0.0012 0.0010 
       EPP35  6 0.0008 0.9654 0.0248 0.0016 0.0010 0.0028 0.0014 0.0011 0.0013 
       EPP36  6 0.0007 0.9921 0.0009 0.0014 0.0008 0.0007 0.0013 0.0011 0.0010 
       EPP37  6 0.0035 0.9668 0.0116 0.0071 0.0010 0.0009 0.0014 0.0012 0.0066 
       EPP38  6 0.0007 0.9916 0.0010 0.0015 0.0010 0.0008 0.0014 0.0011 0.0010 
       EPP39  6 0.0007 0.9920 0.0009 0.0014 0.0009 0.0007 0.0013 0.0011 0.0010 
       EPP40  6 0.0007 0.9919 0.0009 0.0014 0.0008 0.0007 0.0014 0.0011 0.0010 
       EPP41  6 0.0007 0.9920 0.0009 0.0014 0.0008 0.0007 0.0013 0.0011 0.0010 
       EPP42  6 0.0007 0.9919 0.0009 0.0014 0.0008 0.0007 0.0013 0.0011 0.0010 
       EPP43  6 0.0007 0.9921 0.0008 0.0014 0.0008 0.0008 0.0013 0.0011 0.0010 
        ES68  6 0.0020 0.6059 0.0008 0.0884 0.0095 0.0194 0.0015 0.2689 0.0036 
       ENW44  6 0.0007 0.9919 0.0009 0.0014 0.0008 0.0007 0.0013 0.0012 0.0010 
       ENW45  6 0.0007 0.9919 0.0009 0.0014 0.0008 0.0008 0.0013 0.0011 0.0010 
       ENW46  6 0.0007 0.9919 0.0009 0.0014 0.0008 0.0008 0.0013 0.0011 0.0010 
       ENW48  6 0.0007 0.9919 0.0009 0.0014 0.0008 0.0007 0.0013 0.0011 0.0010 
       ENW49  6 0.0007 0.9920 0.0009 0.0014 0.0008 0.0007 0.0013 0.0011 0.0010 
       ENW50  6 0.0007 0.9920 0.0009 0.0014 0.0008 0.0007 0.0013 0.0011 0.0010 
       ENW51  6 0.0008 0.9895 0.0008 0.0017 0.0009 0.0010 0.0013 0.0027 0.0013 
       ENW52  6 0.0007 0.9920 0.0009 0.0014 0.0008 0.0007 0.0014 0.0011 0.0010 
       ENW53  6 0.0008 0.9894 0.0008 0.0018 0.0009 0.0009 0.0012 0.0029 0.0013 
       ENW54  6 0.0009 0.9893 0.0009 0.0018 0.0009 0.0009 0.0012 0.0029 0.0013 
       ENW55  6 0.0009 0.9892 0.0008 0.0018 0.0009 0.0009 0.0012 0.0030 0.0013 
       ENW56  6 0.0009 0.9893 0.0008 0.0018 0.0009 0.0009 0.0013 0.0029 0.0013 
       ENW57  6 0.0009 0.9893 0.0009 0.0017 0.0009 0.0009 0.0012 0.0028 0.0013 
       ENE58  6 0.0009 0.9841 0.0009 0.0022 0.0012 0.0010 0.0025 0.0036 0.0036 
       ENE59  6 0.0009 0.9894 0.0009 0.0018 0.0009 0.0010 0.0012 0.0028 0.0013 
       ENE60  6 0.0008 0.9894 0.0008 0.0017 0.0009 0.0010 0.0012 0.0029 0.0013 
       ENE61  6 0.0009 0.9841 0.0008 0.0022 0.0013 0.0010 0.0026 0.0036 0.0036 
       ENE62  6 0.0009 0.9894 0.0008 0.0017 0.0009 0.0010 0.0012 0.0028 0.0013 
       ENE63  6 0.0009 0.9892 0.0008 0.0018 0.0009 0.0010 0.0012 0.0029 0.0013 
       ENE64  6 0.0009 0.9841 0.0008 0.0022 0.0013 0.0010 0.0025 0.0037 0.0035 
       ENE65  6 0.0009 0.9894 0.0008 0.0017 0.0009 0.0009 0.0012 0.0028 0.0013 
       ENE66  6 0.0009 0.9894 0.0008 0.0018 0.0008 0.0010 0.0012 0.0029 0.0013 
       ENE67  6 0.0010 0.9891 0.0009 0.0018 0.0009 0.0009 0.0012 0.0029 0.0013 
         CC1  7 0.0038 0.8222 0.0028 0.0066 0.0101 0.0020 0.0042 0.1463 0.0020 
        CC10  7 0.0031 0.8059 0.0028 0.0058 0.0028 0.0017 0.0035 0.1724 0.0020 
        CC11  7 0.0008 0.7223 0.0769 0.0062 0.0040 0.0020 0.0050 0.1769 0.0059 
        CC12  7 0.0011 0.6013 0.0525 0.1235 0.0021 0.0023 0.0019 0.2142 0.0011 
        CC13  7 0.0042 0.8212 0.0030 0.0071 0.0102 0.0021 0.0044 0.1457 0.0021 
        CC14  7 0.0042 0.8222 0.0029 0.0067 0.0103 0.0022 0.0040 0.1455 0.0021 
        CC15  7 0.0261 0.7987 0.0029 0.0290 0.0094 0.0095 0.0038 0.1186 0.0020 
        CC16  7 0.0008 0.7845 0.0736 0.0064 0.0528 0.0042 0.0016 0.0750 0.0010 
        CC17  7 0.0029 0.8041 0.0035 0.0064 0.0031 0.0019 0.0040 0.1721 0.0020 
         CC2  7 0.0045 0.8222 0.0029 0.0065 0.0099 0.0021 0.0041 0.1457 0.0020 
         CC3  7 0.0039 0.8262 0.0029 0.0072 0.0073 0.0021 0.0025 0.1458 0.0020 
         CC4  7 0.0190 0.4030 0.1548 0.3290 0.0044 0.0751 0.0038 0.0038 0.0071 
         CC5  7 0.0008 0.8172 0.0035 0.0022 0.0038 0.0010 0.0013 0.1692 0.0010 
         CC6  7 0.0008 0.8166 0.0038 0.0023 0.0046 0.0011 0.0013 0.1685 0.0010 
         CC7  7 0.0008 0.8172 0.0033 0.0022 0.0037 0.0010 0.0012 0.1695 0.0010 
         CC8  7 0.0008 0.8171 0.0034 0.0023 0.0038 0.0010 0.0012 0.1694 0.0010 
         CC9  7 0.0008 0.8160 0.0038 0.0022 0.0048 0.0011 0.0013 0.1690 0.0010 
       BUN01  8 0.0012 0.0089 0.1082 0.8260 0.0361 0.0015 0.0155 0.0011 0.0014 
       BUN02  8 0.0013 0.0066 0.0066 0.8012 0.1558 0.0028 0.0072 0.0147 0.0038 
       BUN03  8 0.0016 0.0012 0.0162 0.8379 0.0009 0.0026 0.1339 0.0041 0.0016 
       BUN04  8 0.0014 0.0325 0.0031 0.9525 0.0014 0.0013 0.0042 0.0013 0.0025 
       BUN05  8 0.0422 0.0017 0.0021 0.5066 0.0074 0.0012 0.4304 0.0063 0.0021 
       BUN06  8 0.0010 0.0050 0.0020 0.9481 0.0022 0.0025 0.0365 0.0015 0.0013 
       BUN07  8 0.0010 0.0013 0.0207 0.9403 0.0014 0.0029 0.0305 0.0009 0.0011 
       SOB01  8 0.0016 0.0018 0.0019 0.9879 0.0013 0.0010 0.0019 0.0012 0.0014 
       SOB02  8 0.0016 0.0016 0.0029 0.8172 0.0035 0.0927 0.0521 0.0218 0.0067 
       SOB03  8 0.0015 0.0025 0.0013 0.9760 0.0016 0.0010 0.0069 0.0063 0.0028 
       SOB04  8 0.0054 0.0009 0.0016 0.9371 0.0041 0.0446 0.0017 0.0015 0.0031 
       SOB05  8 0.0012 0.0722 0.0118 0.9048 0.0026 0.0014 0.0019 0.0029 0.0014 
       SOB06  8 0.0086 0.0010 0.0019 0.8666 0.0966 0.0036 0.0129 0.0078 0.0011 
       SOB07  8 0.0012 0.0136 0.0033 0.7866 0.1706 0.0046 0.0075 0.0112 0.0013 
       SOB08  8 0.0015 0.0030 0.0017 0.9795 0.0076 0.0011 0.0019 0.0013 0.0023 
       SOB09  8 0.0534 0.0021 0.0246 0.8378 0.0049 0.0306 0.0033 0.0300 0.0132 
       SOB10  8 0.0014 0.0045 0.0183 0.9520 0.0043 0.0013 0.0031 0.0138 0.0013 
       SOB11  8 0.0011 0.0014 0.0019 0.7004 0.0030 0.1192 0.1641 0.0042 0.0048 
       OSR01  8 0.0017 0.0215 0.2827 0.6486 0.0011 0.0222 0.0019 0.0037 0.0166 
       OSR02  8 0.0013 0.0033 0.0095 0.6409 0.3333 0.0018 0.0077 0.0011 0.0012 
       OSR03  8 0.0013 0.0030 0.0090 0.6440 0.3312 0.0018 0.0074 0.0011 0.0012 
       OSR04  8 0.0011 0.0074 0.0267 0.6847 0.2008 0.0022 0.0733 0.0022 0.0015 
       OSR05  8 0.0013 0.0029 0.0092 0.6425 0.3319 0.0019 0.0080 0.0012 0.0012 
       OSR06  8 0.0011 0.0009 0.0016 0.9859 0.0010 0.0033 0.0027 0.0017 0.0018 
       OSR07  8 0.0016 0.0596 0.5494 0.3328 0.0166 0.0017 0.0268 0.0085 0.0030 
       OSR08  8 0.0016 0.0582 0.5495 0.3331 0.0167 0.0018 0.0274 0.0086 0.0030 
       OSR09  8 0.0013 0.0287 0.0019 0.8600 0.0015 0.0052 0.0062 0.0934 0.0018 
      Lion01  8 0.0009 0.0260 0.1704 0.7291 0.0018 0.0033 0.0477 0.0133 0.0074 
      Lion02  8 0.0010 0.0013 0.1098 0.8664 0.0020 0.0021 0.0120 0.0027 0.0028 
      Lion03  8 0.0011 0.0010 0.1227 0.7716 0.0026 0.0014 0.0972 0.0012 0.0012 
      Lion04  8 0.0018 0.0046 0.0099 0.9536 0.0017 0.0025 0.0200 0.0034 0.0026 
      Lion05  8 0.0043 0.0019 0.0093 0.9473 0.0045 0.0069 0.0021 0.0162 0.0075 
      Lion06  8 0.0054 0.0020 0.0298 0.9255 0.0049 0.0076 0.0021 0.0151 0.0075 
        TW01  8 0.0012 0.0014 0.0029 0.9728 0.0017 0.0014 0.0154 0.0022 0.0012 
        TW02  8 0.0173 0.0017 0.2422 0.6669 0.0150 0.0016 0.0347 0.0184 0.0022 
        TW03  8 0.0012 0.0013 0.0026 0.9729 0.0018 0.0013 0.0156 0.0022 0.0012 
        TW04  8 0.0012 0.0014 0.0027 0.9734 0.0018 0.0013 0.0148 0.0022 0.0012 
        CF01  8 0.0010 0.0058 0.9778 0.0044 0.0016 0.0010 0.0026 0.0041 0.0018 
        CF02  8 0.0060 0.0022 0.5441 0.1889 0.2394 0.0017 0.0132 0.0010 0.0035 
        CF03  8 0.0010 0.0056 0.9785 0.0042 0.0015 0.0011 0.0024 0.0040 0.0017 
        CF04  8 0.0253 0.0695 0.2025 0.6298 0.0019 0.0055 0.0588 0.0021 0.0044 
        CF05  8 0.0014 0.0014 0.9853 0.0035 0.0017 0.0016 0.0018 0.0017 0.0016 
        CF06  8 0.0014 0.0013 0.9858 0.0033 0.0015 0.0016 0.0018 0.0016 0.0016 
        CF07  8 0.0205 0.0008 0.2852 0.6514 0.0008 0.0045 0.0036 0.0014 0.0319 
        CF08  8 0.0014 0.0014 0.9858 0.0033 0.0016 0.0016 0.0018 0.0016 0.0016 
        CF09  8 0.0010 0.0057 0.9782 0.0044 0.0015 0.0011 0.0025 0.0039 0.0018 
        CF10  8 0.0163 0.0013 0.9319 0.0378 0.0016 0.0066 0.0018 0.0012 0.0014 
        CF11  8 0.0028 0.1983 0.0422 0.7280 0.0138 0.0040 0.0028 0.0025 0.0056 
        CF12  8 0.0009 0.0056 0.9786 0.0042 0.0015 0.0011 0.0025 0.0040 0.0017 
        CF13  8 0.0013 0.0013 0.9859 0.0032 0.0015 0.0016 0.0018 0.0017 0.0016 
        CF14  8 0.0223 0.0677 0.2093 0.6268 0.0020 0.0055 0.0596 0.0022 0.0047 
        CF15  8 0.0105 0.0093 0.3855 0.5814 0.0011 0.0030 0.0032 0.0023 0.0038 
        CF16  8 0.0009 0.0053 0.9790 0.0041 0.0015 0.0010 0.0024 0.0040 0.0017 
        CF17  8 0.0009 0.0020 0.9849 0.0030 0.0017 0.0011 0.0030 0.0019 0.0015 
        CF18  8 0.0255 0.0683 0.2054 0.6278 0.0019 0.0058 0.0587 0.0021 0.0045 
        CF19  8 0.0214 0.0021 0.0087 0.8999 0.0050 0.0263 0.0026 0.0033 0.0306 
        CF20  8 0.0014 0.0014 0.9857 0.0033 0.0015 0.0016 0.0018 0.0016 0.0016 
        CF21  8 0.0014 0.0014 0.9857 0.0034 0.0015 0.0016 0.0018 0.0016 0.0016 
        CF22  8 0.0013 0.0014 0.9858 0.0034 0.0015 0.0016 0.0018 0.0016 0.0016 
        CF23  8 0.0014 0.0015 0.9854 0.0034 0.0017 0.0017 0.0018 0.0016 0.0016 
        CF24  8 0.0009 0.0056 0.9784 0.0040 0.0015 0.0011 0.0025 0.0041 0.0018 
        CF25  8 0.0010 0.0054 0.9786 0.0041 0.0015 0.0011 0.0025 0.0041 0.0017 
        CF26  8 0.0064 0.0022 0.5461 0.1868 0.2389 0.0019 0.0132 0.0010 0.0036 
        CF27  8 0.0015 0.0014 0.9854 0.0036 0.0016 0.0016 0.0018 0.0016 0.0016 
        CF28  8 0.0102 0.0088 0.3774 0.5883 0.0011 0.0029 0.0039 0.0023 0.0051 
        CF29  8 0.0009 0.0056 0.9786 0.0041 0.0015 0.0011 0.0024 0.0041 0.0017 
        CF30  8 0.0018 0.0041 0.0097 0.9546 0.0018 0.0024 0.0196 0.0033 0.0025 
        CF31  8 0.0010 0.0055 0.9785 0.0044 0.0015 0.0010 0.0025 0.0039 0.0017 
        CF32  8 0.0010 0.0013 0.6106 0.3721 0.0051 0.0013 0.0054 0.0016 0.0014 
        CF33  8 0.0014 0.0014 0.9473 0.0034 0.0016 0.0400 0.0018 0.0016 0.0016 
        CF34  8 0.0013 0.0014 0.9860 0.0033 0.0015 0.0016 0.0018 0.0015 0.0016 
        CF35  8 0.0102 0.0100 0.3810 0.5852 0.0012 0.0031 0.0034 0.0022 0.0038 
        CF36  8 0.0011 0.0011 0.0013 0.9893 0.0014 0.0011 0.0017 0.0020 0.0011 
        BP01  8 0.0016 0.0044 0.0029 0.9661 0.0072 0.0015 0.0026 0.0120 0.0017 
        BP02  8 0.0014 0.0013 0.0305 0.8798 0.0010 0.0013 0.0816 0.0015 0.0016 
        BP03  8 0.0012 0.0012 0.0016 0.9887 0.0016 0.0010 0.0020 0.0014 0.0014 
        BP04  8 0.0014 0.0150 0.0211 0.8908 0.0085 0.0012 0.0525 0.0080 0.0015 
        BP06  8 0.0012 0.0047 0.0037 0.9796 0.0033 0.0013 0.0022 0.0021 0.0018 
        BP07  8 0.0151 0.0015 0.0028 0.9448 0.0017 0.0029 0.0021 0.0039 0.0252 
        BP08  8 0.0012 0.0120 0.0038 0.9711 0.0033 0.0012 0.0028 0.0027 0.0020 
        BP09  8 0.0016 0.0011 0.0015 0.9758 0.0061 0.0028 0.0029 0.0021 0.0062 
        BP10  8 0.0014 0.0011 0.0018 0.9873 0.0008 0.0012 0.0017 0.0034 0.0015 
        BP11  8 0.0012 0.0009 0.0009 0.9909 0.0012 0.0009 0.0017 0.0011 0.0011 
        BP12  8 0.0012 0.0016 0.0014 0.9023 0.0878 0.0014 0.0016 0.0014 0.0013 
        BP14  8 0.0024 0.0067 0.0106 0.9581 0.0033 0.0030 0.0082 0.0044 0.0033 
        BP16  8 0.0010 0.0010 0.0014 0.9888 0.0011 0.0010 0.0020 0.0022 0.0015 
        BP17  8 0.0015 0.0010 0.0012 0.9864 0.0015 0.0010 0.0014 0.0046 0.0013 
        BP18  8 0.0013 0.0010 0.0017 0.9875 0.0008 0.0012 0.0017 0.0032 0.0015 
        BP19  8 0.0017 0.0012 0.0018 0.9874 0.0014 0.0015 0.0012 0.0018 0.0019 
        BP20  8 0.0013 0.0010 0.0017 0.9873 0.0008 0.0011 0.0017 0.0035 0.0016 
   BP2007-01  8 0.0012 0.0009 0.0010 0.9910 0.0013 0.0009 0.0017 0.0011 0.0011 
   BP2007-02  8 0.0012 0.0011 0.0038 0.9874 0.0015 0.0010 0.0015 0.0011 0.0014 
   BP2007-03  8 0.0010 0.0013 0.0046 0.6739 0.0052 0.0014 0.3066 0.0018 0.0041 
   BP2007-04  8 0.0016 0.0012 0.0020 0.9880 0.0011 0.0015 0.0014 0.0016 0.0018 
   BP2007-05  8 0.0011 0.0009 0.0119 0.7696 0.0414 0.1630 0.0025 0.0083 0.0014 
   BP2007-06  8 0.0012 0.0053 0.0014 0.9462 0.0116 0.0018 0.0046 0.0261 0.0019 
   BP2007-07  8 0.0012 0.0012 0.0017 0.9882 0.0018 0.0010 0.0021 0.0014 0.0014 
   BP2007-08  8 0.0017 0.0012 0.0011 0.9659 0.0061 0.0016 0.0055 0.0042 0.0126 
   BP2007-09  8 0.0016 0.0012 0.0011 0.9674 0.0056 0.0016 0.0052 0.0040 0.0123 
   BP2007-10  8 0.0012 0.0012 0.0016 0.9887 0.0016 0.0011 0.0020 0.0013 0.0014 
   BP2007-11  8 0.0011 0.0009 0.0010 0.9902 0.0015 0.0009 0.0020 0.0011 0.0014 
   BP2007-12  8 0.0013 0.0012 0.1011 0.8785 0.0068 0.0009 0.0054 0.0033 0.0014 
   BP2007-13  8 0.0016 0.0012 0.0011 0.9674 0.0056 0.0016 0.0051 0.0042 0.0121 
   BP2007-14  8 0.0276 0.0122 0.0053 0.8903 0.0019 0.0174 0.0253 0.0011 0.0189 
   BP2007-15  8 0.0011 0.0044 0.0067 0.9798 0.0027 0.0013 0.0013 0.0012 0.0015 
   BP2007-16  8 0.0017 0.0029 0.1679 0.7994 0.0017 0.0018 0.0203 0.0009 0.0033 
   BP2007-17  8 0.0012 0.0129 0.0036 0.9708 0.0031 0.0013 0.0027 0.0026 0.0020 
   BP2007-18  8 0.0343 0.0011 0.0065 0.9232 0.0018 0.0100 0.0039 0.0009 0.0183 
   BP2007-19  8 0.0014 0.0142 0.0209 0.8897 0.0088 0.0012 0.0546 0.0076 0.0015 
   BP2007-20  8 0.0014 0.0150 0.0214 0.8906 0.0086 0.0012 0.0521 0.0081 0.0015 
   BP2007-21  8 0.0012 0.0010 0.0010 0.9907 0.0011 0.0010 0.0017 0.0011 0.0012 
   BP2007-22  8 0.0012 0.0009 0.0010 0.9902 0.0015 0.0009 0.0020 0.0011 0.0013 
   BP2007-23  8 0.0011 0.0009 0.0010 0.9910 0.0013 0.0009 0.0016 0.0011 0.0011 
   BP2007-24  8 0.0022 0.0035 0.0473 0.9252 0.0057 0.0030 0.0032 0.0065 0.0032 
   BP2007-25  8 0.0012 0.0011 0.0031 0.9882 0.0015 0.0010 0.0013 0.0012 0.0013 
   BP2007-26  8 0.0012 0.0017 0.0013 0.9049 0.0852 0.0014 0.0016 0.0014 0.0012 
   BP2007-27  8 0.0014 0.0011 0.0017 0.9874 0.0008 0.0012 0.0016 0.0034 0.0014 
   BP2007-28  8 0.0011 0.0008 0.0010 0.9901 0.0016 0.0009 0.0020 0.0011 0.0014 
   BP2007-29  8 0.0012 0.0011 0.0010 0.9906 0.0010 0.0009 0.0017 0.0012 0.0013 
   BP2007-30  8 0.0014 0.2077 0.0044 0.7714 0.0068 0.0011 0.0039 0.0016 0.0018 
   BP2007-31  8 0.0010 0.0028 0.0017 0.9859 0.0020 0.0014 0.0025 0.0012 0.0014 
   BP2007-32  8 0.0024 0.0863 0.0085 0.8105 0.0012 0.0278 0.0545 0.0041 0.0048 
   BP2007-33  8 0.0011 0.0009 0.0009 0.9904 0.0014 0.0009 0.0019 0.0011 0.0014 
   BP2007-34  8 0.0014 0.0066 0.0041 0.7845 0.0365 0.0011 0.0095 0.1548 0.0014 
   BP2007-35  8 0.0015 0.0150 0.0231 0.8886 0.0087 0.0012 0.0528 0.0076 0.0015 
   BP2007-36  8 0.0013 0.0012 0.0035 0.9877 0.0015 0.0010 0.0012 0.0012 0.0014 
   BP2007-37  8 0.0155 0.0007 0.0935 0.7622 0.0025 0.0907 0.0015 0.0023 0.0311 
   BP2007-38  8 0.0012 0.0012 0.0016 0.9884 0.0016 0.0010 0.0021 0.0014 0.0014 
   BP2007-39  8 0.0011 0.0047 0.0069 0.9793 0.0026 0.0012 0.0013 0.0012 0.0016 
   BP2007-40  8 0.0012 0.0094 0.0034 0.9722 0.0040 0.0012 0.0032 0.0027 0.0028 
        BP21  8 0.0012 0.0011 0.0035 0.9879 0.0014 0.0010 0.0013 0.0012 0.0014 
        BP22  8 0.0010 0.0015 0.0029 0.9779 0.0061 0.0012 0.0053 0.0026 0.0014 
        BP23  8 0.0010 0.0029 0.0022 0.9710 0.0158 0.0011 0.0023 0.0026 0.0011 
        BP24  8 0.0010 0.0019 0.0043 0.9733 0.0062 0.0011 0.0082 0.0027 0.0013 
        BP25  8 0.0012 0.0010 0.0037 0.9875 0.0016 0.0010 0.0014 0.0012 0.0014 
        BP26  8 0.0013 0.0011 0.0035 0.9878 0.0015 0.0010 0.0013 0.0012 0.0014 
        BP27  8 0.0016 0.0012 0.0011 0.9574 0.0151 0.0015 0.0052 0.0044 0.0125 
        BP28  8 0.0010 0.0014 0.0025 0.9781 0.0063 0.0012 0.0052 0.0028 0.0015 
        BP29  8 0.0016 0.0010 0.0019 0.9875 0.0011 0.0009 0.0026 0.0023 0.0012 
        BP30  8 0.0013 0.0010 0.0045 0.9870 0.0016 0.0010 0.0013 0.0011 0.0013 
      NNKB01  8 0.0038 0.0015 0.0016 0.9781 0.0013 0.0028 0.0024 0.0070 0.0016 
      NNKB02  8 0.0020 0.0040 0.0090 0.9703 0.0019 0.0014 0.0029 0.0014 0.0071 
      NNKN01  8 0.0014 0.0010 0.3386 0.5975 0.0027 0.0517 0.0026 0.0012 0.0032 
         SR1  9 0.0011 0.0020 0.0023 0.7031 0.2853 0.0012 0.0023 0.0015 0.0013 
        SR10  9 0.0027 0.2386 0.1450 0.5942 0.0016 0.0087 0.0016 0.0061 0.0017 
        SR11  9 0.0012 0.0041 0.0072 0.7485 0.0380 0.0011 0.1963 0.0022 0.0012 
        SR12  9 0.0011 0.0020 0.0023 0.7062 0.2822 0.0012 0.0022 0.0016 0.0013 
        SR13  9 0.0105 0.0942 0.0165 0.3465 0.1139 0.0292 0.3148 0.0268 0.0476 
        SR15  9 0.0042 0.0029 0.0711 0.8186 0.0018 0.0136 0.0142 0.0477 0.0260 
        SR16  9 0.0023 0.0017 0.0993 0.8532 0.0043 0.0028 0.0328 0.0026 0.0010 
        SR17  9 0.0048 0.2243 0.5984 0.1051 0.0024 0.0132 0.0146 0.0249 0.0123 
        SR18  9 0.0059 0.0016 0.1248 0.8334 0.0091 0.0024 0.0055 0.0061 0.0112 
        SR19  9 0.0012 0.0032 0.0548 0.7624 0.0847 0.0734 0.0180 0.0011 0.0014 
         SR2  9 0.0012 0.0048 0.0071 0.7498 0.0393 0.0012 0.1933 0.0021 0.0012 
        SR20  9 0.0012 0.2242 0.2036 0.4292 0.0015 0.0023 0.0633 0.0731 0.0016 
        SR21  9 0.0011 0.0031 0.5617 0.0806 0.3426 0.0015 0.0034 0.0047 0.0014 
        SR22  9 0.0009 0.0010 0.1703 0.3942 0.4248 0.0015 0.0030 0.0029 0.0012 
        SR23  9 0.0016 0.0029 0.6502 0.0157 0.3169 0.0014 0.0034 0.0053 0.0024 
        SR24  9 0.0063 0.0427 0.0984 0.7373 0.0090 0.0164 0.0792 0.0038 0.0069 
        SR25  9 0.0013 0.0094 0.0073 0.8652 0.0565 0.0041 0.0509 0.0036 0.0016 
        SR26  9 0.0017 0.1598 0.0187 0.7627 0.0076 0.0132 0.0110 0.0239 0.0014 
        SR27  9 0.0014 0.0014 0.0051 0.8814 0.1027 0.0025 0.0024 0.0019 0.0012 
        SR28  9 0.0015 0.0013 0.2982 0.6549 0.0021 0.0019 0.0375 0.0013 0.0012 
        SR29  9 0.0019 0.2381 0.0033 0.7103 0.0193 0.0031 0.0203 0.0019 0.0017 
         SR3  9 0.0015 0.0020 0.0034 0.6116 0.0109 0.0013 0.3668 0.0013 0.0013 
        SR30  9 0.0009 0.0032 0.0023 0.9756 0.0035 0.0013 0.0031 0.0088 0.0013 
         SR5  9 0.0011 0.0104 0.0099 0.7442 0.0844 0.0018 0.0907 0.0558 0.0018 
         SR6  9 0.0014 0.0075 0.0058 0.8235 0.0138 0.0016 0.1274 0.0170 0.0020 
         SR7  9 0.0013 0.4043 0.0033 0.5734 0.0030 0.0018 0.0021 0.0097 0.0011 
         SR8  9 0.0012 0.0027 0.0089 0.7086 0.0481 0.0013 0.2264 0.0016 0.0012 
         SR9  9 0.0014 0.3887 0.0055 0.5861 0.0043 0.0019 0.0025 0.0085 0.0011 
       HAM01 10 0.0010 0.0015 0.0021 0.9720 0.0093 0.0010 0.0100 0.0020 0.0010 
       HAM02 10 0.0063 0.0045 0.0344 0.6311 0.0070 0.0030 0.3110 0.0013 0.0015 
       HAM03 10 0.0011 0.0014 0.0021 0.9721 0.0090 0.0010 0.0103 0.0019 0.0010 
       HAM07 10 0.0018 0.0065 0.0067 0.8953 0.0689 0.0026 0.0063 0.0016 0.0102 
       HAM08 10 0.0011 0.0038 0.0067 0.6691 0.0035 0.0019 0.3111 0.0014 0.0013 
       HAM09 10 0.0106 0.0062 0.0045 0.9421 0.0018 0.0272 0.0017 0.0040 0.0019 
       HAM10 10 0.0020 0.0040 0.3187 0.6520 0.0034 0.0029 0.0046 0.0081 0.0043 
      CRWL01 10 0.0013 0.0025 0.0026 0.9819 0.0033 0.0013 0.0032 0.0022 0.0016 
      CRWL02 10 0.0012 0.0037 0.0034 0.9805 0.0037 0.0013 0.0025 0.0021 0.0016 
      CRWL03 10 0.0013 0.0276 0.0075 0.9435 0.0046 0.0032 0.0018 0.0093 0.0014 
      CRWL04 10 0.0012 0.0086 0.0024 0.9793 0.0015 0.0011 0.0017 0.0022 0.0021 
      CRWL05 10 0.0013 0.0008 0.0013 0.9866 0.0015 0.0013 0.0018 0.0036 0.0019 
      CRWL06 10 0.0012 0.0049 0.0035 0.9750 0.0036 0.0011 0.0079 0.0012 0.0015 
      CRWL07 10 0.0014 0.0007 0.0020 0.9818 0.0020 0.0015 0.0078 0.0013 0.0016 
      CRWL08 10 0.0012 0.0058 0.0032 0.9784 0.0012 0.0013 0.0058 0.0012 0.0020 
      CRWL09 10 0.0011 0.0016 0.0024 0.9732 0.0038 0.0096 0.0059 0.0012 0.0011 
      CRWL10 10 0.0014 0.0012 0.0029 0.9107 0.0111 0.0017 0.0682 0.0011 0.0016 
      CRWL11 10 0.0020 0.0049 0.0178 0.8429 0.0338 0.0032 0.0881 0.0041 0.0032 
      CRWL12 10 0.0041 0.2051 0.0060 0.7742 0.0014 0.0013 0.0041 0.0018 0.0020 
      CRWL13 10 0.0011 0.0030 0.0057 0.9798 0.0017 0.0010 0.0046 0.0017 0.0013 
      CRWL14 10 0.0023 0.0022 0.0051 0.9756 0.0014 0.0019 0.0077 0.0018 0.0019 
      CRWL15 10 0.0008 0.0316 0.0027 0.9156 0.0017 0.0013 0.0390 0.0061 0.0012 
      CRWL16 10 0.0023 0.0024 0.0071 0.9481 0.0017 0.0020 0.0327 0.0018 0.0020 
      CRWL17 10 0.0019 0.0042 0.0087 0.8781 0.0097 0.0028 0.0873 0.0043 0.0029 
      CRWL18 10 0.0011 0.0015 0.0023 0.9822 0.0036 0.0014 0.0056 0.0011 0.0011 
      CRWL19 10 0.0011 0.0015 0.0024 0.9817 0.0039 0.0014 0.0058 0.0012 0.0011 
      CRWL20 10 0.0010 0.0010 0.0034 0.9830 0.0027 0.0013 0.0039 0.0021 0.0016 
      CRWL21 10 0.0020 0.0015 0.0135 0.8093 0.0024 0.0094 0.1596 0.0011 0.0012 
       MES01 11 0.0007 0.0009 0.0011 0.0022 0.9904 0.0008 0.0017 0.0011 0.0011 
       MES02 11 0.0008 0.0008 0.0012 0.0021 0.9905 0.0010 0.0014 0.0011 0.0011 
       MES03 11 0.0008 0.0260 0.0023 0.0015 0.9339 0.0013 0.0012 0.0315 0.0014 
       MES04 11 0.0008 0.0008 0.0012 0.0021 0.9904 0.0010 0.0015 0.0011 0.0011 
       MES05 11 0.0008 0.0008 0.0018 0.0019 0.9906 0.0008 0.0011 0.0011 0.0010 
       MES06 11 0.0008 0.0008 0.0011 0.0021 0.9906 0.0008 0.0017 0.0010 0.0011 
       MES07 11 0.0008 0.0008 0.0011 0.0020 0.9906 0.0008 0.0016 0.0011 0.0011 
       MES08 11 0.0007 0.0008 0.0011 0.0021 0.9907 0.0008 0.0016 0.0011 0.0011 
       MES09 11 0.0007 0.0008 0.0011 0.0022 0.9906 0.0008 0.0015 0.0010 0.0011 
       MES10 11 0.0008 0.0008 0.0012 0.0021 0.9904 0.0010 0.0015 0.0011 0.0011 
       MES11 11 0.0008 0.0008 0.0012 0.0036 0.9878 0.0021 0.0015 0.0011 0.0011 
       MES12 11 0.0007 0.0008 0.0011 0.0021 0.9905 0.0008 0.0016 0.0011 0.0012 
       MES13 11 0.0007 0.0008 0.0010 0.0021 0.9906 0.0008 0.0016 0.0011 0.0012 
       MES14 11 0.0008 0.0008 0.0008 0.0014 0.9923 0.0008 0.0011 0.0011 0.0010 
       MES15 11 0.0067 0.0008 0.0014 0.0015 0.9544 0.0012 0.0012 0.0011 0.0317 
       MES16 11 0.0008 0.0009 0.0012 0.0021 0.9905 0.0010 0.0014 0.0011 0.0011 
       MES17 11 0.0007 0.0008 0.0010 0.0021 0.9907 0.0008 0.0016 0.0011 0.0011 
       MES18 11 0.0008 0.0008 0.0011 0.0021 0.9906 0.0008 0.0016 0.0011 0.0011 
       MES19 11 0.0007 0.0008 0.0011 0.0022 0.9904 0.0008 0.0016 0.0011 0.0011 
       MES20 11 0.0008 0.0009 0.0011 0.0020 0.9908 0.0009 0.0015 0.0010 0.0010 
       MES21 11 0.0007 0.0008 0.0008 0.0013 0.9923 0.0008 0.0012 0.0010 0.0010 
       MES22 11 0.0007 0.0008 0.0010 0.0021 0.9906 0.0009 0.0017 0.0010 0.0012 
       SAX01 11 0.0008 0.0008 0.0008 0.0015 0.9919 0.0008 0.0013 0.0010 0.0010 
       SAX02 11 0.0007 0.0007 0.0008 0.0014 0.9923 0.0008 0.0011 0.0011 0.0010 
       SAX03 11 0.0007 0.0008 0.0047 0.0019 0.9843 0.0010 0.0024 0.0011 0.0031 
       SAX04 11 0.0012 0.0013 0.0470 0.0431 0.8778 0.0027 0.0248 0.0010 0.0010 
       SAX05 11 0.0008 0.0008 0.0013 0.0022 0.9905 0.0008 0.0014 0.0011 0.0010 
       SAX06 11 0.0008 0.0008 0.0015 0.0022 0.9903 0.0008 0.0014 0.0011 0.0010 
       SAX07 11 0.0008 0.0007 0.0010 0.0015 0.9922 0.0008 0.0011 0.0009 0.0010 
       SAX08 11 0.0008 0.0009 0.0227 0.0140 0.9493 0.0017 0.0086 0.0010 0.0010 
       SAX09 11 0.0007 0.0008 0.0008 0.0014 0.9924 0.0007 0.0012 0.0010 0.0010 
       SAX10 11 0.0008 0.0536 0.0037 0.0021 0.9302 0.0011 0.0064 0.0011 0.0010 
       SAX11 11 0.0008 0.0008 0.0442 0.0023 0.9476 0.0009 0.0014 0.0010 0.0010 
       SAX12 11 0.0008 0.0007 0.0008 0.0014 0.9924 0.0008 0.0011 0.0011 0.0010 
       SAX13 11 0.0007 0.0007 0.0008 0.0015 0.9927 0.0007 0.0010 0.0009 0.0010 
       SAX14 11 0.0008 0.0008 0.0012 0.0023 0.9907 0.0009 0.0013 0.0011 0.0010 
       SAX15 11 0.0008 0.0008 0.0059 0.0093 0.9457 0.0047 0.0308 0.0011 0.0010 
       SAX16 11 0.0008 0.0008 0.0008 0.0015 0.9919 0.0008 0.0013 0.0011 0.0010 
       SAX17 11 0.0008 0.0008 0.0009 0.0015 0.9923 0.0007 0.0010 0.0009 0.0010 
       SAX18 11 0.0008 0.0007 0.0009 0.0016 0.9922 0.0008 0.0011 0.0009 0.0010 
       SAX19 11 0.0008 0.0025 0.0009 0.0081 0.9833 0.0015 0.0011 0.0009 0.0009 
       IRP01 11 0.0008 0.0007 0.0009 0.0014 0.9923 0.0007 0.0012 0.0010 0.0010 
       IRP02 11 0.0008 0.0008 0.0010 0.0014 0.9920 0.0007 0.0013 0.0010 0.0010 
       IRP03 11 0.0008 0.0008 0.0010 0.0014 0.9920 0.0007 0.0013 0.0010 0.0010 
       IRP04 11 0.0008 0.0008 0.0010 0.0014 0.9919 0.0007 0.0013 0.0010 0.0010 
       IRP05 11 0.0008 0.0008 0.0010 0.0014 0.9920 0.0007 0.0013 0.0010 0.0010 
       IRP06 11 0.0008 0.0007 0.0009 0.0014 0.9924 0.0007 0.0012 0.0010 0.0010 
       IRP07 11 0.0008 0.0008 0.0010 0.0014 0.9919 0.0007 0.0014 0.0010 0.0010 
       IRP08 11 0.0008 0.0007 0.0009 0.0014 0.9923 0.0007 0.0011 0.0009 0.0010 
       IRP09 11 0.0008 0.0008 0.0011 0.0014 0.9918 0.0007 0.0014 0.0010 0.0010 
       IRP10 11 0.0007 0.0007 0.0009 0.0014 0.9924 0.0007 0.0012 0.0009 0.0010 
       IRP11 11 0.0007 0.0007 0.0009 0.0014 0.9924 0.0007 0.0012 0.0010 0.0010 
       IRP12 11 0.0007 0.0007 0.0009 0.0014 0.9923 0.0007 0.0012 0.0010 0.0010 
       IRP13 11 0.0008 0.0007 0.0009 0.0014 0.9923 0.0007 0.0012 0.0009 0.0010 
       IRP14 11 0.0008 0.0008 0.0011 0.0014 0.9919 0.0007 0.0013 0.0009 0.0010 
       IRP15 11 0.0008 0.0008 0.0010 0.0014 0.9919 0.0007 0.0013 0.0010 0.0010 
       IRP16 11 0.0010 0.0016 0.9868 0.0035 0.0017 0.0011 0.0020 0.0011 0.0012 
     IRP16-2 11 0.0010 0.0016 0.9870 0.0033 0.0018 0.0010 0.0020 0.0011 0.0012 
       IRP17 11 0.0008 0.0008 0.0011 0.0014 0.9920 0.0007 0.0013 0.0010 0.0010 
       MRT01 11 0.0007 0.0008 0.0009 0.0015 0.9921 0.0007 0.0012 0.0010 0.0010 
       MRT02 11 0.0008 0.0008 0.0009 0.0014 0.9923 0.0007 0.0011 0.0010 0.0010 
       MRT03 11 0.0007 0.0007 0.0009 0.0014 0.9924 0.0007 0.0012 0.0009 0.0009 
       MRT04 11 0.0007 0.0007 0.0009 0.0016 0.9922 0.0007 0.0012 0.0009 0.0010 
       MRT05 11 0.0007 0.0008 0.0009 0.0015 0.9922 0.0007 0.0012 0.0009 0.0010 
       MRT06 11 0.0007 0.0007 0.0009 0.0014 0.9925 0.0007 0.0012 0.0009 0.0009 
       MRT07 11 0.0008 0.0008 0.0009 0.0014 0.9922 0.0007 0.0012 0.0010 0.0010 
       MRT08 11 0.0008 0.0007 0.0022 0.0020 0.9904 0.0008 0.0012 0.0009 0.0010 
       MRT09 11 0.0008 0.0008 0.0009 0.0014 0.9923 0.0007 0.0012 0.0010 0.0010 
       MRT10 11 0.0007 0.0008 0.0009 0.0014 0.9922 0.0007 0.0012 0.0011 0.0010 
       MRT11 11 0.0008 0.0008 0.0009 0.0014 0.9922 0.0007 0.0012 0.0011 0.0010 
       MRT12 11 0.0007 0.0008 0.0009 0.0015 0.9922 0.0007 0.0012 0.0009 0.0010 
       MRT13 11 0.0007 0.0313 0.0032 0.0057 0.9367 0.0007 0.0197 0.0011 0.0010 
       MRT14 11 0.0007 0.0008 0.0009 0.0016 0.9922 0.0007 0.0012 0.0009 0.0010 
       MRT15 11 0.0007 0.0007 0.0009 0.0015 0.9923 0.0007 0.0012 0.0009 0.0010 
       MRT16 11 0.0007 0.0007 0.0009 0.0015 0.9925 0.0007 0.0012 0.0009 0.0009 
       MRT17 11 0.0007 0.0007 0.0009 0.0015 0.9925 0.0007 0.0012 0.0009 0.0009 
       MRT18 11 0.0008 0.0008 0.0009 0.0014 0.9921 0.0007 0.0011 0.0011 0.0011 
       MRT19 11 0.0007 0.0007 0.0009 0.0015 0.9922 0.0007 0.0012 0.0009 0.0010 
       MRT20 11 0.0007 0.0008 0.0009 0.0014 0.9923 0.0007 0.0012 0.0011 0.0010 
       MRT21 11 0.0007 0.0008 0.0009 0.0015 0.9922 0.0007 0.0012 0.0009 0.0010 
       MRT22 11 0.0007 0.0007 0.0009 0.0015 0.9922 0.0007 0.0012 0.0009 0.0010 
       MRT23 11 0.0007 0.0007 0.0009 0.0015 0.9923 0.0007 0.0012 0.0009 0.0010 
       MRT24 11 0.0008 0.0008 0.0009 0.0014 0.9923 0.0007 0.0012 0.0010 0.0010 
       MRT25 11 0.0008 0.0007 0.0008 0.0015 0.9923 0.0007 0.0012 0.0010 0.0010 
       MRT26 11 0.0007 0.0007 0.0009 0.0016 0.9921 0.0007 0.0012 0.0009 0.0010 
       MRT27 11 0.0007 0.0007 0.0009 0.0016 0.9922 0.0007 0.0012 0.0009 0.0010 
       MRT28 11 0.0007 0.0008 0.0009 0.0014 0.9922 0.0007 0.0012 0.0011 0.0010 
       MRT29 11 0.0007 0.0007 0.0009 0.0015 0.9923 0.0007 0.0012 0.0010 0.0010 
       MRT30 11 0.0007 0.0007 0.0009 0.0014 0.9925 0.0007 0.0011 0.0009 0.0009 
       MRT31 11 0.0007 0.0007 0.0009 0.0015 0.9923 0.0007 0.0012 0.0009 0.0010 
       MRT32 11 0.0007 0.0008 0.0009 0.0015 0.9922 0.0007 0.0012 0.0009 0.0010 
       MRT33 11 0.0007 0.0008 0.0023 0.0018 0.9885 0.0009 0.0020 0.0011 0.0020 
        LK01 10 0.0065 0.0498 0.0360 0.8806 0.0024 0.0012 0.0044 0.0009 0.0183 
        LK02 10 0.0009 0.0206 0.0108 0.9561 0.0027 0.0028 0.0036 0.0013 0.0013 
        LK05 10 0.0010 0.0014 0.0032 0.9856 0.0012 0.0011 0.0028 0.0012 0.0025 
        LK06 10 0.0016 0.0062 0.0044 0.9436 0.0074 0.0019 0.0315 0.0020 0.0013 
        LK07 10 0.0019 0.0010 0.0014 0.9661 0.0145 0.0037 0.0028 0.0012 0.0074 
     LK07-01 10 0.0010 0.0014 0.0034 0.9854 0.0012 0.0011 0.0027 0.0012 0.0027 
     LK07-02 10 0.0030 0.0026 0.0037 0.9667 0.0013 0.0016 0.0045 0.0022 0.0144 
     LK07-03 10 0.0012 0.0014 0.0021 0.7252 0.0014 0.0029 0.2574 0.0068 0.0016 
     LK07-04 10 0.0011 0.0012 0.0078 0.9810 0.0007 0.0013 0.0045 0.0008 0.0016 
     LK07-05 10 0.0016 0.0022 0.0016 0.9834 0.0024 0.0013 0.0050 0.0013 0.0013 
     LK07-06 10 0.0012 0.0011 0.0014 0.9709 0.0153 0.0032 0.0024 0.0017 0.0028 
        LK08 10 0.0013 0.0013 0.0134 0.9753 0.0030 0.0011 0.0014 0.0022 0.0012 
        LK09 10 0.0010 0.0020 0.0030 0.9847 0.0011 0.0017 0.0041 0.0010 0.0014 
        LK11 10 0.0045 0.0011 0.0012 0.9738 0.0012 0.0079 0.0048 0.0019 0.0036 
        LK12 10 0.0009 0.0064 0.0015 0.9783 0.0014 0.0020 0.0031 0.0051 0.0014 
        LK13 10 0.0034 0.0018 0.0061 0.9732 0.0017 0.0056 0.0030 0.0015 0.0037 
        LK14 10 0.0016 0.0019 0.0013 0.9833 0.0016 0.0016 0.0038 0.0023 0.0026 
        LK15 10 0.0009 0.0013 0.0010 0.9885 0.0014 0.0014 0.0029 0.0013 0.0012 
        LK16 10 0.0014 0.0008 0.0017 0.9845 0.0015 0.0015 0.0049 0.0022 0.0016 
        LK17 10 0.0010 0.0013 0.0014 0.9874 0.0029 0.0011 0.0023 0.0014 0.0012 
        LK18 10 0.0010 0.0010 0.0018 0.9803 0.0076 0.0011 0.0045 0.0012 0.0015 
        LK19 10 0.0012 0.0012 0.0014 0.9714 0.0148 0.0030 0.0025 0.0017 0.0027 
        LK20 10 0.0011 0.0042 0.0027 0.9833 0.0011 0.0012 0.0038 0.0014 0.0012 
        LK21 10 0.0016 0.0119 0.0013 0.9729 0.0010 0.0028 0.0032 0.0016 0.0037 
        LK22 10 0.0010 0.0022 0.0065 0.9826 0.0023 0.0011 0.0017 0.0010 0.0017 
        LK23 10 0.0020 0.0007 0.0014 0.9817 0.0012 0.0019 0.0026 0.0055 0.0030 
        LK24 10 0.0014 0.0160 0.1635 0.7843 0.0020 0.0067 0.0223 0.0010 0.0027 
        LK25 10 0.0010 0.0013 0.6103 0.3732 0.0047 0.0013 0.0053 0.0014 0.0015 
       LMC01 10 0.0010 0.0010 0.0185 0.6083 0.0011 0.0020 0.3594 0.0075 0.0013 
       LMC02 10 0.0009 0.0012 0.0023 0.8114 0.0010 0.0009 0.1728 0.0084 0.0012 
       LMC03 10 0.0008 0.0014 0.0018 0.7893 0.0079 0.0009 0.1951 0.0016 0.0011 
       LMC04 10 0.0031 0.0042 0.0170 0.9245 0.0022 0.0176 0.0182 0.0086 0.0046 
        UM01 10 0.0685 0.0101 0.0013 0.8256 0.0008 0.0681 0.0061 0.0174 0.0021 
        UM02 10 0.0014 0.0152 0.0022 0.7633 0.0009 0.0024 0.0730 0.1402 0.0013 
        UM03 10 0.0014 0.0123 0.0013 0.6304 0.0009 0.0013 0.2236 0.1272 0.0016 
        UM04 10 0.0019 0.0061 0.0058 0.8233 0.0011 0.0030 0.1451 0.0107 0.0030 
        UM05 10 0.0037 0.0016 0.0098 0.9024 0.0013 0.0593 0.0137 0.0022 0.0061 
        UM06 10 0.0722 0.0088 0.2515 0.6082 0.0011 0.0121 0.0026 0.0120 0.0315 
        UM07 10 0.0042 0.0095 0.0448 0.8828 0.0014 0.0062 0.0029 0.0456 0.0025 
        UM08 10 0.1036 0.0012 0.0072 0.8678 0.0022 0.0028 0.0054 0.0018 0.0079 
        UM09 10 0.0908 0.0180 0.0019 0.8266 0.0025 0.0483 0.0027 0.0031 0.0060 
        UM10 10 0.0036 0.0015 0.0089 0.8974 0.0012 0.0601 0.0186 0.0023 0.0064 
       PLT01 10 0.0014 0.0071 0.2519 0.6920 0.0325 0.0016 0.0048 0.0073 0.0014 
       PLT02 10 0.1074 0.0016 0.0094 0.8579 0.0024 0.0069 0.0020 0.0013 0.0111 
       PLT03 10 0.0011 0.0011 0.0203 0.9680 0.0028 0.0020 0.0018 0.0014 0.0014 
        DC01 10 0.0020 0.0012 0.0127 0.9620 0.0016 0.0103 0.0031 0.0016 0.0057 
        DC02 10 0.0021 0.0085 0.0152 0.9581 0.0022 0.0056 0.0016 0.0017 0.0050 
        DC03 10 0.0018 0.0015 0.0115 0.9013 0.0012 0.0731 0.0061 0.0019 0.0017 
        DC04 10 0.0248 0.0135 0.0058 0.9033 0.0061 0.0249 0.0063 0.0012 0.0142 
        DC05 10 0.0017 0.0008 0.0010 0.9546 0.0061 0.0028 0.0297 0.0021 0.0012 
        DC06 10 0.0037 0.0016 0.0342 0.9359 0.0019 0.0048 0.0024 0.0032 0.0123 
        DC07 10 0.0018 0.0123 0.0178 0.8723 0.0019 0.0104 0.0052 0.0620 0.0161 
        DC08 10 0.0013 0.0011 0.0136 0.9739 0.0016 0.0016 0.0040 0.0008 0.0020 
        DC09 10 0.0339 0.0010 0.0017 0.8676 0.0028 0.0070 0.0017 0.0014 0.0829 
        DC10 10 0.0056 0.0301 0.0117 0.8055 0.0029 0.1207 0.0082 0.0023 0.0130 
        DC11 10 0.0042 0.0081 0.0165 0.9551 0.0022 0.0055 0.0016 0.0018 0.0051 
        DC12 10 0.0017 0.0007 0.0015 0.9718 0.0013 0.0018 0.0073 0.0017 0.0121 
        DC13 10 0.0014 0.0008 0.0188 0.8437 0.1231 0.0072 0.0019 0.0012 0.0019 
        DC14 10 0.0247 0.0142 0.0054 0.9036 0.0066 0.0245 0.0062 0.0012 0.0135 
        DC15 10 0.0015 0.0069 0.0099 0.9629 0.0015 0.0030 0.0039 0.0019 0.0085 
        DC16 10 0.0036 0.0040 0.4222 0.5211 0.0040 0.0018 0.0015 0.0033 0.0384 
        DC17 10 0.0015 0.0025 0.0038 0.9783 0.0020 0.0020 0.0055 0.0021 0.0023 
        DC18 10 0.0029 0.0015 0.0075 0.7985 0.0020 0.1820 0.0030 0.0012 0.0014 
        DC19 10 0.0011 0.0133 0.1522 0.8176 0.0014 0.0017 0.0033 0.0040 0.0055 
        DC20 10 0.0010 0.0109 0.5728 0.2845 0.1166 0.0012 0.0042 0.0073 0.0016 
        DC21 10 0.0017 0.0011 0.0012 0.9875 0.0009 0.0020 0.0021 0.0015 0.0019 
        DC22 10 0.0398 0.0236 0.0070 0.7945 0.0012 0.0503 0.0068 0.0686 0.0082 
        DC23 10 0.0019 0.0048 0.0142 0.9615 0.0031 0.0019 0.0048 0.0041 0.0038 
        DC24 10 0.0030 0.0014 0.0082 0.7992 0.0019 0.1806 0.0030 0.0013 0.0014 
        DC25 10 0.0014 0.0068 0.0092 0.9436 0.0011 0.0039 0.0308 0.0012 0.0019 
        DC26 10 0.0016 0.0007 0.0016 0.9712 0.0013 0.0018 0.0079 0.0019 0.0121 
        PC02 12 0.0010 0.0017 0.9866 0.0035 0.0018 0.0010 0.0020 0.0012 0.0012 
        PC03 12 0.0010 0.0016 0.9869 0.0035 0.0017 0.0011 0.0020 0.0011 0.0012 
        PC04 12 0.0010 0.0017 0.9868 0.0033 0.0018 0.0011 0.0020 0.0011 0.0012 
        PC05 12 0.0009 0.0017 0.9866 0.0035 0.0018 0.0011 0.0020 0.0011 0.0012 
        PC06 12 0.0010 0.0016 0.9868 0.0035 0.0018 0.0011 0.0020 0.0011 0.0012 
        PC07 12 0.0010 0.0009 0.1809 0.7161 0.0942 0.0011 0.0020 0.0024 0.0013 
        PC08 12 0.0010 0.0016 0.9868 0.0035 0.0018 0.0011 0.0019 0.0011 0.0012 
        PC09 12 0.0010 0.0016 0.9868 0.0035 0.0018 0.0011 0.0019 0.0012 0.0011 
        PC10 12 0.0010 0.0025 0.9854 0.0035 0.0017 0.0011 0.0026 0.0012 0.0011 
        PC11 12 0.0010 0.0016 0.9869 0.0035 0.0018 0.0011 0.0019 0.0011 0.0012 
        PC12 12 0.0009 0.0016 0.9869 0.0034 0.0018 0.0011 0.0020 0.0012 0.0011 
        PC13 12 0.0010 0.0016 0.9870 0.0034 0.0017 0.0011 0.0020 0.0011 0.0011 
        PC14 12 0.0010 0.0016 0.9866 0.0036 0.0017 0.0012 0.0020 0.0012 0.0011 
        PC01 12 0.0010 0.0015 0.9871 0.0035 0.0016 0.0010 0.0020 0.0012 0.0012 
      Nuke10 13 0.0008 0.0015 0.9882 0.0024 0.0024 0.0009 0.0017 0.0008 0.0011 
      Nuke11 13 0.0009 0.0017 0.9875 0.0020 0.0036 0.0009 0.0015 0.0008 0.0012 
      Nuke12 13 0.0009 0.0061 0.9751 0.0037 0.0014 0.0011 0.0093 0.0010 0.0014 
      Nuke13 13 0.0008 0.0010 0.9789 0.0025 0.0105 0.0014 0.0021 0.0015 0.0013 
      Nuke01 13 0.0009 0.0025 0.9463 0.0046 0.0337 0.0015 0.0075 0.0020 0.0011 
      Nuke02 13 0.0009 0.0056 0.9762 0.0036 0.0015 0.0011 0.0088 0.0010 0.0014 
      Nuke03 13 0.0009 0.0019 0.9854 0.0022 0.0039 0.0010 0.0028 0.0008 0.0011 
      Nuke04 13 0.0009 0.0011 0.9848 0.0023 0.0024 0.0010 0.0056 0.0008 0.0012 
      Nuke05 13 0.0009 0.0015 0.9869 0.0022 0.0027 0.0009 0.0028 0.0010 0.0012 
      Nuke06 13 0.0011 0.0012 0.9672 0.0039 0.0186 0.0019 0.0029 0.0020 0.0012 
      Nuke07 13 0.0011 0.0016 0.9586 0.0088 0.0049 0.0019 0.0209 0.0009 0.0012 
      Nuke08 13 0.0008 0.0021 0.9888 0.0021 0.0012 0.0009 0.0019 0.0009 0.0012 
      Nuke09 13 0.0008 0.0021 0.9891 0.0021 0.0014 0.0009 0.0015 0.0009 0.0013 
       Rad01 13 0.0008 0.0114 0.9628 0.0184 0.0013 0.0012 0.0018 0.0011 0.0013 
       Rad02 13 0.0009 0.0012 0.7421 0.0030 0.2466 0.0013 0.0025 0.0011 0.0013 
       Rad03 13 0.0009 0.0018 0.9644 0.0030 0.0166 0.0015 0.0093 0.0014 0.0011 
       Rad04 13 0.0008 0.0025 0.9167 0.0024 0.0692 0.0013 0.0041 0.0017 0.0012 
       Rad05 13 0.0247 0.0012 0.9632 0.0027 0.0016 0.0014 0.0029 0.0010 0.0011 
       Rad06 13 0.0008 0.0129 0.9784 0.0016 0.0013 0.0010 0.0021 0.0009 0.0011 
       Rad07 13 0.0009 0.0020 0.9884 0.0022 0.0016 0.0009 0.0019 0.0009 0.0013 
       Rad08 13 0.0009 0.0024 0.8352 0.0084 0.0501 0.0026 0.0958 0.0032 0.0015 
       Rad09 13 0.0009 0.0013 0.9824 0.0025 0.0061 0.0011 0.0034 0.0011 0.0011 
       Rad10 13 0.0009 0.0018 0.9812 0.0025 0.0057 0.0010 0.0048 0.0010 0.0012 
       Rad11 13 0.0009 0.0044 0.9673 0.0046 0.0019 0.0012 0.0171 0.0011 0.0013 
       Rad12 13 0.0011 0.0101 0.9585 0.0018 0.0140 0.0014 0.0110 0.0009 0.0011 
       Rad13 13 0.0008 0.0027 0.9886 0.0020 0.0012 0.0009 0.0017 0.0008 0.0012 
       Rad14 13 0.0008 0.0026 0.9174 0.0025 0.0681 0.0014 0.0042 0.0018 0.0012 
       Rad15 13 0.0009 0.0013 0.9709 0.0058 0.0041 0.0013 0.0105 0.0037 0.0015 
       Rad16 13 0.0008 0.0021 0.9889 0.0021 0.0012 0.0009 0.0019 0.0008 0.0012 
       HTB16 14 0.0014 0.0020 0.7569 0.2285 0.0020 0.0014 0.0023 0.0040 0.0015 
       HTB17 14 0.0011 0.0016 0.6972 0.1036 0.1533 0.0177 0.0022 0.0012 0.0222 
       HTB18 14 0.0012 0.0021 0.7964 0.0253 0.0063 0.0012 0.0130 0.1524 0.0021 
       HTB19 14 0.0022 0.0010 0.5212 0.4684 0.0011 0.0016 0.0017 0.0010 0.0017 
       HTB20 14 0.0234 0.0014 0.8097 0.0038 0.1469 0.0025 0.0088 0.0008 0.0027 
       HTB21 14 0.0058 0.0012 0.8782 0.0146 0.0039 0.0087 0.0016 0.0626 0.0235 
       HTB22 14 0.0018 0.0010 0.5497 0.4357 0.0040 0.0019 0.0022 0.0012 0.0024 
       HTB23 14 0.0024 0.0017 0.3770 0.6040 0.0036 0.0022 0.0052 0.0023 0.0016 
       HTB11 14 0.0104 0.0055 0.5002 0.4570 0.0012 0.0080 0.0025 0.0023 0.0130 
       HTB12 14 0.0013 0.0068 0.6994 0.2340 0.0010 0.0017 0.0020 0.0431 0.0107 
       HTB13 14 0.0012 0.0141 0.7888 0.1465 0.0010 0.0016 0.0024 0.0429 0.0016 
       HTB14 14 0.0025 0.0013 0.2365 0.6486 0.0026 0.1006 0.0037 0.0020 0.0022 
       HTB15 14 0.0086 0.0013 0.8764 0.0130 0.0037 0.0116 0.0016 0.0618 0.0220 
       Nel01 15 0.0018 0.0054 0.9785 0.0034 0.0006 0.0014 0.0055 0.0017 0.0016 
       Nel02 15 0.0327 0.0016 0.4286 0.0064 0.0029 0.1411 0.3809 0.0039 0.0019 
       Nel03 15 0.0018 0.0053 0.9785 0.0033 0.0006 0.0015 0.0058 0.0016 0.0016 
       Nel04 15 0.0018 0.0051 0.9789 0.0033 0.0007 0.0014 0.0055 0.0017 0.0016 
       Nel05 15 0.0013 0.0072 0.0035 0.3586 0.0011 0.0021 0.6216 0.0033 0.0014 
       Nel06 15 0.0013 0.0073 0.0037 0.3583 0.0011 0.0021 0.6216 0.0033 0.0014 
       Nel07 15 0.0012 0.0074 0.0036 0.3582 0.0011 0.0022 0.6215 0.0034 0.0014 
       Nel08 15 0.0046 0.0020 0.6996 0.1777 0.0009 0.0498 0.0584 0.0024 0.0046 
       Nel09 15 0.0013 0.0071 0.0034 0.3583 0.0011 0.0021 0.6222 0.0032 0.0014 
       Nel10 15 0.0074 0.0031 0.3220 0.3683 0.0013 0.0040 0.2882 0.0046 0.0010 
       Nel11 15 0.0018 0.0054 0.9786 0.0032 0.0006 0.0015 0.0056 0.0017 0.0016 
       Nel12 15 0.0013 0.0075 0.0035 0.3575 0.0010 0.0020 0.6226 0.0032 0.0013 
       Nel13 15 0.0023 0.0075 0.8260 0.1121 0.0006 0.0100 0.0327 0.0040 0.0049 
       Nel14 15 0.0013 0.0075 0.0035 0.3579 0.0011 0.0022 0.6218 0.0034 0.0014 
         EI1 16 0.0013 0.0008 0.9884 0.0021 0.0011 0.0010 0.0021 0.0010 0.0022 
        EI10 16 0.0011 0.0008 0.9899 0.0020 0.0011 0.0010 0.0018 0.0009 0.0014 
        EI11 16 0.0010 0.0008 0.9903 0.0019 0.0010 0.0009 0.0017 0.0009 0.0015 
        EI12 16 0.0012 0.0009 0.9883 0.0021 0.0012 0.0009 0.0020 0.0010 0.0024 
         EI2 16 0.0009 0.0008 0.9832 0.0092 0.0011 0.0010 0.0018 0.0009 0.0011 
         EI3 16 0.0012 0.0009 0.9885 0.0021 0.0011 0.0009 0.0020 0.0010 0.0024 
         EI4 16 0.0010 0.0007 0.9904 0.0019 0.0010 0.0009 0.0018 0.0009 0.0015 
         EI5 16 0.0015 0.0009 0.9883 0.0020 0.0011 0.0010 0.0019 0.0009 0.0022 
         EI6 16 0.0012 0.0007 0.9898 0.0020 0.0010 0.0010 0.0019 0.0009 0.0014 
         EI7 16 0.0082 0.0009 0.9704 0.0142 0.0010 0.0013 0.0015 0.0009 0.0015 
         EI8 16 0.0121 0.0009 0.9428 0.0026 0.0010 0.0027 0.0017 0.0009 0.0353 
         EI9 16 0.0010 0.0008 0.9897 0.0021 0.0011 0.0010 0.0017 0.0010 0.0016 
        OL01 17 0.0008 0.0008 0.0010 0.0018 0.0015 0.0008 0.9909 0.0012 0.0011 
        OL02 17 0.0012 0.0224 0.0015 0.0261 0.0022 0.0014 0.9430 0.0009 0.0013 
        OL03 17 0.0008 0.0008 0.0010 0.0018 0.0014 0.0008 0.9910 0.0012 0.0012 
        OL04 17 0.0008 0.0008 0.0010 0.0018 0.0014 0.0008 0.9909 0.0012 0.0012 
        OL06 17 0.0008 0.0008 0.0009 0.0019 0.0014 0.0008 0.9910 0.0012 0.0012 
       OSP01 17 0.0008 0.0009 0.0010 0.0018 0.0014 0.0008 0.9909 0.0012 0.0012 
       OSP02 17 0.0008 0.0009 0.0010 0.0018 0.0014 0.0008 0.9910 0.0011 0.0012 
       OSP03 17 0.0008 0.0009 0.0010 0.0018 0.0015 0.0008 0.9909 0.0012 0.0012 
       OSP04 17 0.0009 0.0009 0.0010 0.0019 0.0013 0.0008 0.9907 0.0013 0.0012 
       OSP05 17 0.0008 0.0009 0.0010 0.0018 0.0014 0.0008 0.9909 0.0012 0.0012 
       OSP06 17 0.0008 0.0009 0.0009 0.0018 0.0013 0.0008 0.9912 0.0012 0.0012 
       OSP07 17 0.0008 0.0009 0.0009 0.0018 0.0014 0.0008 0.9910 0.0012 0.0012 
       OSP10 17 0.0008 0.0008 0.0010 0.0018 0.0014 0.0008 0.9909 0.0012 0.0012 
       OSP11 17 0.0008 0.0008 0.0010 0.0019 0.0015 0.0008 0.9908 0.0012 0.0012 
       OSP12 17 0.0008 0.0008 0.0010 0.0018 0.0015 0.0008 0.9910 0.0012 0.0012 
       OSP13 17 0.0008 0.0009 0.0010 0.0018 0.0014 0.0008 0.9908 0.0013 0.0012 
       OSP14 17 0.0008 0.0008 0.0009 0.0018 0.0014 0.0008 0.9911 0.0012 0.0012 
        OY02 17 0.0013 0.0026 0.0016 0.0022 0.0017 0.0013 0.9867 0.0010 0.0016 
        OY04 17 0.0012 0.0014 0.0020 0.0026 0.0022 0.0013 0.9871 0.0009 0.0014 
        OY05 17 0.0033 0.0025 0.0032 0.3320 0.0012 0.0049 0.6505 0.0009 0.0016 
        OY06 17 0.0019 0.0009 0.0013 0.2807 0.0010 0.0053 0.7061 0.0011 0.0017 
        OY07 17 0.0031 0.0469 0.0033 0.0027 0.0059 0.0029 0.9168 0.0102 0.0083 
        OY08 17 0.0031 0.0419 0.0030 0.0027 0.0058 0.0030 0.9221 0.0100 0.0085 
        OY10 17 0.0076 0.0113 0.0099 0.0892 0.0205 0.0046 0.8196 0.0015 0.0358 
        OY12 17 0.0492 0.0011 0.0028 0.0546 0.0018 0.0032 0.8851 0.0010 0.0012 
        OY15 17 0.0018 0.0017 0.0020 0.2555 0.0009 0.0087 0.7267 0.0011 0.0016 
        OY16 17 0.0927 0.0021 0.0446 0.0266 0.0013 0.4087 0.4130 0.0092 0.0019 
        OY20 17 0.0079 0.0018 0.0025 0.2645 0.0020 0.0023 0.7166 0.0011 0.0013 
        OY26 17 0.0036 0.0009 0.0015 0.0340 0.0023 0.0018 0.9540 0.0009 0.0012 
        OY27 17 0.0015 0.0008 0.0018 0.3967 0.0014 0.0046 0.5883 0.0035 0.0014 
       RHL02 17 0.0010 0.0138 0.0034 0.6276 0.0131 0.0011 0.3378 0.0012 0.0010 
       RHL03 17 0.0010 0.0090 0.0016 0.6363 0.0093 0.0010 0.3396 0.0012 0.0010 
       RHL05 17 0.0010 0.0090 0.0015 0.6366 0.0087 0.0010 0.3399 0.0012 0.0010 
       RHL06 17 0.0010 0.0124 0.0027 0.6164 0.0071 0.0011 0.3570 0.0012 0.0010 
       RHL07 17 0.0010 0.0061 0.0015 0.6529 0.0070 0.0010 0.3284 0.0011 0.0010 
       RHL09 17 0.0010 0.0088 0.0016 0.6355 0.0090 0.0010 0.3408 0.0012 0.0010 
       RHL11 17 0.0010 0.0060 0.0013 0.6539 0.0068 0.0010 0.3279 0.0011 0.0010 
       RHL12 17 0.0010 0.0032 0.0018 0.5499 0.0044 0.0011 0.4363 0.0012 0.0010 
       RHL13 17 0.0010 0.0090 0.0015 0.6357 0.0091 0.0010 0.3404 0.0012 0.0010 
       RHL14 17 0.0010 0.0094 0.0017 0.6352 0.0097 0.0011 0.3398 0.0012 0.0010 
       MOON1 17 0.0009 0.0015 0.0145 0.4089 0.0049 0.0033 0.5637 0.0009 0.0014 
       Cre01 17 0.0008 0.0010 0.0011 0.0017 0.0009 0.0008 0.9918 0.0009 0.0010 
       Cre02 17 0.0008 0.0009 0.0011 0.0019 0.0009 0.0008 0.9915 0.0011 0.0010 
       Cre03 17 0.0008 0.0008 0.0011 0.0019 0.0009 0.0008 0.9915 0.0011 0.0010 
       Cre04 17 0.0008 0.0008 0.0011 0.0019 0.0009 0.0008 0.9915 0.0011 0.0010 
       Cre05 17 0.0008 0.0009 0.0012 0.0018 0.0009 0.0008 0.9915 0.0011 0.0010 
       Cre06 17 0.0007 0.0013 0.0011 0.0018 0.0008 0.0008 0.9916 0.0008 0.0011 
       Cre07 17 0.0008 0.0009 0.0011 0.0018 0.0009 0.0008 0.9916 0.0011 0.0010 
       Cre08 17 0.0007 0.0014 0.0009 0.0019 0.0022 0.0008 0.9901 0.0010 0.0010 
       Cre09 17 0.0007 0.0012 0.0012 0.0018 0.0008 0.0008 0.9916 0.0008 0.0011 
       Cre10 17 0.0007 0.0008 0.0013 0.0017 0.0008 0.0008 0.9920 0.0010 0.0010 
       Cre11 17 0.0008 0.0009 0.0011 0.0018 0.0009 0.0008 0.9916 0.0011 0.0010 
       SSN31 17 0.0008 0.0009 0.0012 0.0019 0.0022 0.0009 0.9901 0.0010 0.0009 
       SSN32 17 0.0007 0.0013 0.0012 0.0018 0.0008 0.0008 0.9915 0.0008 0.0011 
       SSN33 17 0.0007 0.0010 0.0012 0.0017 0.0021 0.0009 0.9906 0.0008 0.0009 
       SSN34 17 0.0007 0.0012 0.0012 0.0018 0.0009 0.0008 0.9915 0.0008 0.0011 
       SSN35 17 0.0008 0.0009 0.0011 0.0018 0.0009 0.0008 0.9916 0.0011 0.0010 
       SSN36 17 0.0008 0.0008 0.0012 0.0018 0.0010 0.0008 0.9916 0.0011 0.0010 
       SSN38 17 0.0013 0.0195 0.1516 0.1029 0.0014 0.0020 0.7191 0.0010 0.0012 
       SSN39 17 0.0007 0.0008 0.0010 0.0018 0.0008 0.0008 0.9922 0.0010 0.0009 
       SSN40 17 0.0007 0.0055 0.0391 0.0016 0.0021 0.0048 0.9445 0.0009 0.0009 
       SSN41 17 0.0007 0.0008 0.0011 0.0018 0.0008 0.0008 0.9921 0.0010 0.0010 
       BCV44 17 0.0008 0.0010 0.0011 0.0016 0.0012 0.0008 0.9914 0.0012 0.0010 
       BCV45 17 0.0007 0.0012 0.0010 0.0015 0.0012 0.0008 0.9915 0.0012 0.0010 
       BCV46 17 0.0007 0.0011 0.0010 0.0015 0.0012 0.0008 0.9916 0.0012 0.0010 
       BCV47 17 0.0007 0.0011 0.0011 0.0015 0.0012 0.0008 0.9915 0.0012 0.0010 
       BCV48 17 0.0007 0.0011 0.0010 0.0015 0.0012 0.0008 0.9915 0.0012 0.0009 
       BCV49 17 0.0007 0.0012 0.0010 0.0015 0.0012 0.0008 0.9914 0.0012 0.0010 
       BCV50 17 0.0007 0.0011 0.0010 0.0015 0.0012 0.0009 0.9914 0.0012 0.0010 
       BCV51 17 0.0007 0.0011 0.0010 0.0015 0.0012 0.0008 0.9914 0.0012 0.0010 
       BCV52 17 0.0007 0.0011 0.0010 0.0015 0.0012 0.0008 0.9916 0.0012 0.0010 
       BCV53 17 0.0007 0.0011 0.0010 0.0015 0.0012 0.0008 0.9915 0.0012 0.0010 
      SSBC01 17 0.0007 0.0011 0.0010 0.0015 0.0012 0.0008 0.9915 0.0012 0.0010 
      SSBC02 17 0.0007 0.0011 0.0010 0.0014 0.0012 0.0008 0.9915 0.0012 0.0010 
      SSBC03 17 0.0007 0.0011 0.0010 0.0015 0.0012 0.0008 0.9915 0.0011 0.0010 
      SSBC04 17 0.0007 0.0011 0.0010 0.0015 0.0012 0.0008 0.9914 0.0012 0.0010 
      SSBC05 17 0.0008 0.0012 0.0010 0.0015 0.0011 0.0008 0.9915 0.0011 0.0010 
      SSBC06 17 0.0011 0.0011 0.0135 0.0132 0.0012 0.0024 0.9653 0.0012 0.0010 
      SSBC07 17 0.0007 0.0012 0.0011 0.0015 0.0012 0.0008 0.9913 0.0012 0.0010 
       LCV01 17 0.0008 0.0011 0.0009 0.0027 0.0008 0.0009 0.9901 0.0013 0.0014 
       LCV02 17 0.0008 0.0011 0.0010 0.0027 0.0008 0.0010 0.9900 0.0013 0.0014 
