        TC01  1 0.0095 0.0029 0.0025 0.0034 0.0035 0.9752 0.0016 0.0014 
        TC02  1 0.0018 0.0035 0.0033 0.0021 0.0013 0.9842 0.0018 0.0020 
        TC03  1 0.0014 0.0023 0.0031 0.0023 0.0017 0.9859 0.0014 0.0020 
        TC04  1 0.0017 0.0317 0.0855 0.0099 0.0188 0.8471 0.0025 0.0028 
        TC05  1 0.0008 0.0079 0.0031 0.0018 0.0008 0.9827 0.0009 0.0020 
        TC06  1 0.0010 0.0040 0.0863 0.0025 0.0022 0.8981 0.0038 0.0020 
        TC07  1 0.0015 0.0028 0.0056 0.0064 0.0010 0.9796 0.0007 0.0023 
        TC08  1 0.0011 0.0024 0.0037 0.0013 0.0007 0.9860 0.0019 0.0029 
        TC09  1 0.0007 0.0022 0.0082 0.0022 0.0009 0.8138 0.1707 0.0013 
        TC10  1 0.0047 0.0022 0.0079 0.0210 0.0008 0.9500 0.0120 0.0015 
        TC11  1 0.0020 0.0013 0.0015 0.0010 0.0010 0.9903 0.0012 0.0017 
        TC12  1 0.0103 0.0042 0.0161 0.0093 0.0046 0.9490 0.0013 0.0052 
        TC13  1 0.0011 0.0016 0.0028 0.0010 0.0008 0.9883 0.0030 0.0015 
        TC14  1 0.0025 0.0042 0.0847 0.0020 0.0037 0.8895 0.0077 0.0057 
        TC15  1 0.0012 0.0047 0.0357 0.0037 0.0019 0.9350 0.0149 0.0029 
        TC16  1 0.0012 0.0037 0.0121 0.0031 0.0017 0.7895 0.1846 0.0041 
        TC17  1 0.0062 0.0318 0.0673 0.0106 0.0037 0.8542 0.0160 0.0101 
        TC18  1 0.0069 0.0079 0.0035 0.0035 0.0254 0.9444 0.0019 0.0066 
        TC19  1 0.0012 0.0014 0.0023 0.0010 0.0008 0.9682 0.0234 0.0018 
        TC20  1 0.0011 0.0017 0.0031 0.0011 0.0027 0.9839 0.0043 0.0021 
        TC21  1 0.0042 0.0565 0.0046 0.0066 0.0209 0.8487 0.0023 0.0563 
        TC22  1 0.0048 0.0062 0.0040 0.0027 0.0013 0.9754 0.0019 0.0037 
        TC23  1 0.0017 0.0016 0.0035 0.0022 0.0012 0.9866 0.0013 0.0018 
        TC24  1 0.0007 0.0012 0.0018 0.0010 0.0006 0.9912 0.0017 0.0019 
        TC25  1 0.0052 0.0032 0.0424 0.0047 0.0281 0.9043 0.0058 0.0062 
        TC26  1 0.0008 0.0025 0.0076 0.0026 0.0009 0.9768 0.0070 0.0018 
        TC27  1 0.0046 0.0036 0.0071 0.0018 0.0011 0.9781 0.0011 0.0025 
        TC28  1 0.0015 0.0041 0.0246 0.0054 0.0027 0.9557 0.0015 0.0045 
        TC29  1 0.0015 0.0079 0.0467 0.0023 0.0034 0.9341 0.0014 0.0027 
        TC30  1 0.0012 0.0018 0.0047 0.0013 0.0008 0.9841 0.0041 0.0020 
        TC31  1 0.0072 0.0031 0.0019 0.0018 0.0079 0.9700 0.0022 0.0059 
        TC32  1 0.0012 0.0048 0.0906 0.0039 0.0014 0.8677 0.0050 0.0255 
        TC33  1 0.0024 0.0022 0.0029 0.0019 0.0012 0.9850 0.0013 0.0032 
        TC34  1 0.0029 0.0028 0.0452 0.0041 0.0010 0.9326 0.0055 0.0059 
        TC35  1 0.0246 0.0024 0.0132 0.0024 0.0029 0.9465 0.0034 0.0046 
        TC36  1 0.0014 0.0027 0.0035 0.0025 0.0010 0.9849 0.0022 0.0019 
        TC37  1 0.0012 0.0021 0.0015 0.0017 0.0012 0.9876 0.0011 0.0036 
        TC38  1 0.0014 0.0043 0.0296 0.0025 0.0201 0.9052 0.0351 0.0019 
        TC39  1 0.0009 0.0028 0.0876 0.0026 0.0021 0.8900 0.0121 0.0018 
        TC40  1 0.0014 0.0029 0.0256 0.0031 0.0015 0.9523 0.0027 0.0105 
        TC41  1 0.0010 0.0016 0.0020 0.0049 0.0010 0.9851 0.0012 0.0032 
        TC42  1 0.0010 0.0018 0.0070 0.0013 0.0007 0.9856 0.0015 0.0013 
        TC43  1 0.0011 0.0017 0.0073 0.0015 0.0014 0.9836 0.0011 0.0024 
        TC44  1 0.0035 0.0024 0.0120 0.0026 0.0010 0.9509 0.0259 0.0017 
        TC45  1 0.0008 0.0025 0.0016 0.0016 0.0048 0.9856 0.0019 0.0012 
        TC46  1 0.0017 0.0036 0.0022 0.0038 0.0033 0.9802 0.0020 0.0032 
        TC47  1 0.0028 0.0018 0.0052 0.0020 0.0012 0.9761 0.0085 0.0024 
        TC48  1 0.0020 0.0095 0.0057 0.0037 0.0055 0.9495 0.0020 0.0219 
        TC49  1 0.0016 0.0038 0.0024 0.0012 0.0011 0.9853 0.0012 0.0035 
        TC50  1 0.0026 0.0033 0.0022 0.0027 0.0021 0.9807 0.0019 0.0044 
        TC51  1 0.0028 0.0033 0.0128 0.0022 0.0015 0.9695 0.0056 0.0023 
        TC52  1 0.0007 0.0017 0.0034 0.0159 0.0041 0.9703 0.0021 0.0018 
        TC53  1 0.0013 0.0035 0.0081 0.0026 0.0006 0.9803 0.0018 0.0017 
        TC54  1 0.0020 0.0048 0.0087 0.0046 0.0018 0.9665 0.0023 0.0092 
        TC55  1 0.0016 0.0050 0.0129 0.0069 0.0024 0.9615 0.0047 0.0050 
        TC56  1 0.0028 0.0040 0.0162 0.0019 0.0076 0.9547 0.0010 0.0118 
        TC57  1 0.0034 0.0051 0.0025 0.0026 0.0012 0.9776 0.0028 0.0048 
        TC58  1 0.0042 0.0023 0.0027 0.0029 0.0011 0.9813 0.0041 0.0015 
        TC59  1 0.0013 0.0015 0.0024 0.0014 0.0006 0.9899 0.0012 0.0016 
        TA01  2 0.0014 0.0021 0.0067 0.0017 0.0008 0.9773 0.0083 0.0017 
        TA02  2 0.0008 0.0021 0.0031 0.0024 0.0010 0.9853 0.0014 0.0040 
        TA03  2 0.0027 0.0026 0.0057 0.0019 0.0010 0.9782 0.0045 0.0035 
        TA04  2 0.0013 0.0016 0.3853 0.0021 0.0008 0.5522 0.0546 0.0021 
        TA05  2 0.0013 0.0024 0.0022 0.0014 0.0013 0.9869 0.0023 0.0022 
        TA06  2 0.0013 0.0011 0.0056 0.0016 0.0007 0.9830 0.0051 0.0016 
        TA07  2 0.0020 0.0045 0.0135 0.0022 0.0010 0.9689 0.0051 0.0027 
        TA08  2 0.0034 0.0014 0.0162 0.0010 0.0016 0.9711 0.0033 0.0020 
        TA09  2 0.0009 0.0014 0.0054 0.0016 0.0006 0.9855 0.0030 0.0016 
        TA10  2 0.0299 0.0052 0.0050 0.0022 0.0010 0.9518 0.0030 0.0020 
        TA11  2 0.0184 0.0037 0.0050 0.0024 0.0029 0.9015 0.0624 0.0037 
        TA12  2 0.0079 0.0227 0.0025 0.0019 0.0008 0.9602 0.0015 0.0024 
        TA13  2 0.0070 0.0886 0.0227 0.0032 0.0012 0.8648 0.0083 0.0042 
        TA14  2 0.0007 0.0017 0.0084 0.0013 0.0006 0.9825 0.0025 0.0024 
        TA15  2 0.0010 0.0023 0.0091 0.0011 0.0006 0.9827 0.0011 0.0020 
        TA16  2 0.0121 0.0058 0.0166 0.0015 0.0008 0.9515 0.0101 0.0016 
        TA17  2 0.0021 0.0031 0.0041 0.0021 0.0008 0.9832 0.0013 0.0033 
        TA18  2 0.0027 0.0017 0.0024 0.0171 0.0007 0.9621 0.0014 0.0120 
        TA19  2 0.0431 0.0061 0.0095 0.0026 0.0009 0.9107 0.0232 0.0038 
        TA20  2 0.0012 0.0041 0.0034 0.0019 0.0013 0.9739 0.0015 0.0129 
        TA21  2 0.0015 0.0039 0.0127 0.0017 0.0013 0.9540 0.0209 0.0039 
        TA22  2 0.0008 0.0016 0.0161 0.0016 0.0008 0.9733 0.0010 0.0048 
        TA23  2 0.0010 0.0015 0.0247 0.0010 0.0007 0.9674 0.0017 0.0021 
        TA24  2 0.0018 0.0048 0.0028 0.0022 0.0009 0.9836 0.0018 0.0020 
        TA25  2 0.1381 0.0053 0.0041 0.0018 0.0008 0.8465 0.0018 0.0016 
        TA26  2 0.0028 0.0029 0.0139 0.0011 0.0030 0.9046 0.0688 0.0029 
        TA27  2 0.0016 0.0053 0.0033 0.0020 0.0007 0.9823 0.0023 0.0023 
        TA28  2 0.0009 0.0043 0.0043 0.0112 0.0056 0.9572 0.0036 0.0128 
        TA29  2 0.0022 0.0021 0.0147 0.0015 0.0008 0.9751 0.0016 0.0019 
        TA30  2 0.0024 0.0036 0.0064 0.0013 0.0015 0.7063 0.2743 0.0042 
      BERM01  3 0.0009 0.0014 0.9185 0.0009 0.0006 0.0014 0.0746 0.0018 
      BERM02  3 0.0007 0.0013 0.9883 0.0009 0.0007 0.0020 0.0042 0.0019 
      BERM03  3 0.0010 0.0017 0.9912 0.0011 0.0007 0.0012 0.0016 0.0015 
      BERM04  3 0.0013 0.0012 0.9877 0.0010 0.0009 0.0010 0.0057 0.0013 
      BERM05  3 0.0012 0.0016 0.9892 0.0019 0.0010 0.0010 0.0025 0.0016 
      BERM06  3 0.0008 0.0013 0.9741 0.0015 0.0009 0.0013 0.0187 0.0013 
      BERM07  3 0.0018 0.0015 0.9843 0.0010 0.0008 0.0018 0.0073 0.0016 
      BERM08  3 0.0008 0.0011 0.9916 0.0007 0.0009 0.0015 0.0024 0.0011 
      BERM09  3 0.0009 0.0011 0.9725 0.0011 0.0005 0.0031 0.0191 0.0016 
      BERM10  3 0.0016 0.0027 0.9637 0.0016 0.0014 0.0025 0.0251 0.0015 
      BERM11  3 0.0009 0.0011 0.9911 0.0008 0.0009 0.0014 0.0022 0.0016 
      BERM12  3 0.0071 0.0011 0.9649 0.0045 0.0158 0.0038 0.0014 0.0014 
      BERM13  3 0.0013 0.0015 0.9901 0.0014 0.0007 0.0013 0.0021 0.0015 
      BERM14  3 0.0011 0.0013 0.9793 0.0013 0.0007 0.0022 0.0129 0.0012 
      CROC01  3 0.0031 0.0039 0.9703 0.0075 0.0011 0.0017 0.0027 0.0097 
      CROC02  3 0.0012 0.0020 0.9840 0.0050 0.0016 0.0017 0.0025 0.0019 
      CROC03  3 0.0015 0.0017 0.9875 0.0013 0.0017 0.0015 0.0029 0.0020 
      CROC04  3 0.0010 0.0018 0.8910 0.0324 0.0006 0.0700 0.0018 0.0013 
      CROC05  3 0.0010 0.0016 0.9751 0.0028 0.0008 0.0011 0.0162 0.0014 
      CROC06  3 0.0203 0.0054 0.9252 0.0238 0.0014 0.0074 0.0073 0.0091 
      CROC07  3 0.0009 0.0015 0.9894 0.0016 0.0008 0.0020 0.0022 0.0016 
      CROC08  3 0.0018 0.0019 0.9604 0.0014 0.0023 0.0016 0.0023 0.0282 
      CROC09  3 0.0008 0.0021 0.8789 0.0012 0.0009 0.0011 0.1105 0.0046 
      CROC10  3 0.0011 0.0014 0.9625 0.0010 0.0008 0.0013 0.0306 0.0013 
      CROC11  3 0.0007 0.0020 0.8786 0.0012 0.0009 0.0011 0.1107 0.0047 
     CROC110  3 0.0010 0.0115 0.9723 0.0018 0.0007 0.0027 0.0075 0.0026 
     CROC116  3 0.0012 0.0033 0.9775 0.0048 0.0023 0.0033 0.0047 0.0029 
      CROC12  3 0.0008 0.0021 0.9870 0.0009 0.0008 0.0019 0.0048 0.0018 
     CROC123  3 0.0006 0.0012 0.9883 0.0008 0.0008 0.0016 0.0055 0.0013 
      CROC13  3 0.0015 0.0016 0.9878 0.0011 0.0023 0.0013 0.0030 0.0014 
      CROC14  3 0.0451 0.0310 0.9021 0.0042 0.0030 0.0050 0.0066 0.0030 
      CROC15  3 0.0032 0.0100 0.8766 0.0954 0.0041 0.0025 0.0018 0.0063 
      CROC16  3 0.0014 0.0026 0.8990 0.0021 0.0042 0.0011 0.0868 0.0027 
      CROC17  3 0.0007 0.0043 0.9172 0.0007 0.0008 0.0733 0.0017 0.0013 
      CROC18  3 0.0009 0.0037 0.9630 0.0089 0.0099 0.0037 0.0021 0.0076 
      CROC19  3 0.0016 0.0023 0.9862 0.0028 0.0010 0.0026 0.0015 0.0019 
     CROC198  3 0.0019 0.0018 0.9637 0.0009 0.0008 0.0013 0.0279 0.0016 
      CROC20  3 0.0013 0.0021 0.9865 0.0020 0.0012 0.0012 0.0032 0.0025 
     CROC202  3 0.0020 0.0016 0.9828 0.0017 0.0044 0.0016 0.0044 0.0015 
      CROC21  3 0.0011 0.0022 0.9872 0.0010 0.0009 0.0016 0.0042 0.0017 
     CROC216  3 0.0010 0.0028 0.9683 0.0111 0.0014 0.0064 0.0021 0.0069 
      CROC22  3 0.0199 0.0154 0.9484 0.0011 0.0010 0.0054 0.0073 0.0016 
      CROC23  3 0.0009 0.0018 0.9380 0.0010 0.0009 0.0056 0.0495 0.0023 
      CROC24  3 0.0009 0.0018 0.9602 0.0013 0.0019 0.0017 0.0303 0.0019 
      CROC25  3 0.0009 0.0011 0.9904 0.0011 0.0006 0.0013 0.0030 0.0016 
     CROC259  3 0.0041 0.0016 0.9744 0.0012 0.0012 0.0136 0.0023 0.0015 
      CROC26  3 0.0016 0.0013 0.9231 0.0011 0.0010 0.0659 0.0041 0.0018 
      CROC27  3 0.0012 0.0020 0.9785 0.0017 0.0009 0.0028 0.0088 0.0040 
      CROC28  3 0.0009 0.0015 0.7716 0.0010 0.0007 0.0061 0.2166 0.0015 
      CROC29  3 0.0008 0.0017 0.9901 0.0013 0.0009 0.0015 0.0015 0.0023 
      CROC30  3 0.0010 0.0031 0.9793 0.0044 0.0012 0.0029 0.0049 0.0031 
      CROC31  3 0.0012 0.0032 0.9741 0.0017 0.0009 0.0032 0.0135 0.0022 
      CROC32  3 0.0012 0.0015 0.9839 0.0013 0.0008 0.0013 0.0089 0.0012 
      CROC33  3 0.0008 0.0028 0.9636 0.0014 0.0008 0.0036 0.0012 0.0258 
      CROC34  3 0.0014 0.0014 0.9901 0.0013 0.0008 0.0016 0.0013 0.0020 
      CROC35  3 0.0006 0.0085 0.9779 0.0008 0.0012 0.0079 0.0020 0.0012 
      CROC36  3 0.0008 0.0012 0.9567 0.0010 0.0008 0.0011 0.0370 0.0014 
      CROC57  3 0.0013 0.0015 0.9906 0.0012 0.0008 0.0011 0.0017 0.0019 
      CROC81  3 0.0010 0.0019 0.9808 0.0026 0.0044 0.0015 0.0035 0.0043 
      CROC84  3 0.0019 0.0011 0.9822 0.0018 0.0041 0.0025 0.0054 0.0011 
        FW01  3 0.0013 0.0019 0.0030 0.0014 0.0015 0.0013 0.9874 0.0021 
        FW02  3 0.0006 0.0009 0.0012 0.0006 0.0005 0.0007 0.9944 0.0010 
        FW03  3 0.0007 0.0010 0.0014 0.0009 0.0008 0.0010 0.9929 0.0012 
        FW04  3 0.0006 0.0008 0.0012 0.0006 0.0005 0.0007 0.9944 0.0010 
        FW05  3 0.0006 0.0009 0.0012 0.0006 0.0005 0.0008 0.9944 0.0010 
        FW06  3 0.0006 0.0008 0.0013 0.0006 0.0005 0.0007 0.9944 0.0010 
        FW07  3 0.0007 0.0010 0.0015 0.0009 0.0008 0.0010 0.9929 0.0012 
        FW08  3 0.0006 0.0009 0.0013 0.0006 0.0005 0.0007 0.9944 0.0010 
        FW09  3 0.0006 0.0009 0.0012 0.0006 0.0005 0.0007 0.9945 0.0010 
        FW10  3 0.0008 0.0011 0.0015 0.0009 0.0008 0.0011 0.9926 0.0013 
       FW100  3 0.0007 0.0011 0.0015 0.0008 0.0008 0.0010 0.9929 0.0012 
       FW101  3 0.0008 0.0011 0.0014 0.0009 0.0008 0.0011 0.9928 0.0012 
       FW102  3 0.0006 0.0008 0.0012 0.0006 0.0005 0.0007 0.9944 0.0010 
       FW103  3 0.0006 0.0009 0.0012 0.0006 0.0005 0.0007 0.9945 0.0010 
       FW104  3 0.0013 0.0019 0.0030 0.0014 0.0016 0.0013 0.9874 0.0020 
       FW105  3 0.0007 0.0011 0.0014 0.0009 0.0008 0.0010 0.9927 0.0013 
       FW106  3 0.0014 0.0039 0.9680 0.0034 0.0020 0.0025 0.0097 0.0090 
       FW107  3 0.0013 0.0019 0.0029 0.0015 0.0016 0.0013 0.9875 0.0021 
       FW108  3 0.0006 0.0008 0.0013 0.0006 0.0005 0.0008 0.9943 0.0010 
       FW109  3 0.0008 0.0011 0.0015 0.0008 0.0008 0.0011 0.9927 0.0012 
        FW11  3 0.0007 0.0011 0.0014 0.0009 0.0008 0.0011 0.9928 0.0012 
       FW110  3 0.0007 0.0010 0.0015 0.0009 0.0008 0.0011 0.9928 0.0012 
       FW111  3 0.0006 0.0009 0.0013 0.0006 0.0005 0.0007 0.9944 0.0010 
       FW112  3 0.0007 0.0010 0.0015 0.0009 0.0008 0.0011 0.9927 0.0013 
       FW113  3 0.0006 0.0008 0.0013 0.0006 0.0005 0.0007 0.9944 0.0010 
       FW114  3 0.0008 0.0012 0.0017 0.0010 0.0008 0.0021 0.9912 0.0012 
       FW115  3 0.0007 0.0011 0.0015 0.0009 0.0008 0.0011 0.9927 0.0012 
       FW116  3 0.0006 0.0009 0.0012 0.0006 0.0005 0.0007 0.9944 0.0010 
        FW12  3 0.0006 0.0009 0.0012 0.0006 0.0005 0.0007 0.9945 0.0010 
        FW13  3 0.0006 0.0009 0.0013 0.0006 0.0005 0.0007 0.9944 0.0010 
        FW14  3 0.0014 0.0019 0.0030 0.0014 0.0017 0.0013 0.9873 0.0020 
        FW15  3 0.0013 0.0020 0.0029 0.0014 0.0016 0.0013 0.9875 0.0020 
        FW16  3 0.0007 0.0011 0.0015 0.0009 0.0008 0.0011 0.9927 0.0012 
        FW17  3 0.0007 0.0011 0.0015 0.0009 0.0008 0.0011 0.9927 0.0012 
        FW18  3 0.0007 0.0010 0.0015 0.0008 0.0008 0.0011 0.9927 0.0012 
        FW19  3 0.0006 0.0009 0.0013 0.0006 0.0005 0.0007 0.9944 0.0010 
        FW20  3 0.0006 0.0009 0.0012 0.0006 0.0005 0.0007 0.9944 0.0010 
        FW21  3 0.0006 0.0008 0.0012 0.0006 0.0005 0.0007 0.9944 0.0010 
        FW22  3 0.0008 0.0010 0.0014 0.0008 0.0008 0.0011 0.9928 0.0013 
        FW23  3 0.0006 0.0008 0.0012 0.0006 0.0005 0.0007 0.9945 0.0010 
        FW24  3 0.0006 0.0008 0.0012 0.0006 0.0005 0.0007 0.9944 0.0010 
        FW25  3 0.0006 0.0009 0.0012 0.0006 0.0005 0.0007 0.9945 0.0010 
        FW26  3 0.0006 0.0008 0.0012 0.0006 0.0005 0.0007 0.9945 0.0010 
        FW27  3 0.0007 0.0011 0.0015 0.0009 0.0008 0.0011 0.9927 0.0012 
        FW28  3 0.0006 0.0008 0.0013 0.0006 0.0005 0.0007 0.9943 0.0010 
        FW29  3 0.0006 0.0009 0.0012 0.0006 0.0005 0.0007 0.9945 0.0010 
        FW30  3 0.0013 0.0039 0.9683 0.0035 0.0021 0.0026 0.0093 0.0091 
        FW32  3 0.0013 0.0019 0.0030 0.0014 0.0016 0.0014 0.9874 0.0020 
        FW33  3 0.0006 0.0045 0.0100 0.0007 0.0005 0.0029 0.9749 0.0059 
        FW34  3 0.0006 0.0008 0.0013 0.0006 0.0005 0.0007 0.9944 0.0010 
        FW35  3 0.0006 0.0008 0.0012 0.0006 0.0005 0.0007 0.9945 0.0010 
        FW36  3 0.0006 0.0009 0.0012 0.0006 0.0005 0.0007 0.9945 0.0010 
        FW37  3 0.0008 0.0011 0.0015 0.0009 0.0008 0.0010 0.9927 0.0012 
        FW51  3 0.0006 0.0009 0.0012 0.0006 0.0005 0.0007 0.9945 0.0010 
        FW52  3 0.0008 0.0011 0.0015 0.0009 0.0008 0.0011 0.9928 0.0012 
        FW53  3 0.0006 0.0009 0.0012 0.0006 0.0005 0.0007 0.9945 0.0010 
        FW54  3 0.0007 0.0010 0.0014 0.0009 0.0008 0.0010 0.9929 0.0012 
        FW55  3 0.0006 0.0008 0.0013 0.0006 0.0005 0.0007 0.9944 0.0010 
        FW56  3 0.0006 0.0008 0.0012 0.0006 0.0005 0.0007 0.9945 0.0010 
        FW57  3 0.0006 0.0008 0.0013 0.0006 0.0005 0.0007 0.9944 0.0010 
        FW78  3 0.0006 0.0008 0.0012 0.0006 0.0005 0.0007 0.9945 0.0010 
        FW79  3 0.0006 0.0009 0.0012 0.0006 0.0005 0.0007 0.9944 0.0010 
        FW80  3 0.0006 0.0009 0.0013 0.0006 0.0005 0.0007 0.9944 0.0010 
        FW81  3 0.0007 0.0010 0.0015 0.0009 0.0008 0.0010 0.9929 0.0012 
        FW82  3 0.0007 0.0011 0.0014 0.0008 0.0008 0.0010 0.9928 0.0012 
        FW83  3 0.0013 0.0019 0.0031 0.0014 0.0015 0.0013 0.9875 0.0020 
        FW84  3 0.0006 0.0009 0.0012 0.0007 0.0005 0.0007 0.9944 0.0010 
        FW85  3 0.0007 0.0038 0.0028 0.0166 0.0132 0.0071 0.9544 0.0012 
        FW86  3 0.0007 0.0011 0.0014 0.0008 0.0008 0.0011 0.9928 0.0013 
        FW87  3 0.0007 0.0011 0.0014 0.0008 0.0008 0.0010 0.9928 0.0012 
        FW88  3 0.0006 0.0008 0.0012 0.0006 0.0005 0.0007 0.9944 0.0010 
        FW89  3 0.0006 0.0009 0.0012 0.0006 0.0005 0.0007 0.9945 0.0010 
        FW90  3 0.0006 0.0008 0.0013 0.0006 0.0005 0.0007 0.9945 0.0010 
        FW91  3 0.0007 0.0011 0.0015 0.0008 0.0008 0.0011 0.9928 0.0012 
        FW92  3 0.0006 0.0008 0.0012 0.0006 0.0005 0.0007 0.9945 0.0010 
        FW93  3 0.0006 0.0008 0.0013 0.0006 0.0005 0.0007 0.9944 0.0010 
        FW94  3 0.0008 0.0011 0.0015 0.0009 0.0008 0.0011 0.9926 0.0013 
        FW95  3 0.0006 0.0008 0.0012 0.0006 0.0005 0.0007 0.9944 0.0010 
        FW96  3 0.0006 0.0008 0.0013 0.0006 0.0005 0.0007 0.9944 0.0010 
        FW97  3 0.0042 0.0024 0.9738 0.0023 0.0016 0.0017 0.0106 0.0035 
        FW98  3 0.0007 0.0010 0.0015 0.0009 0.0008 0.0010 0.9929 0.0012 
        FW99  3 0.0006 0.0008 0.0012 0.0006 0.0005 0.0007 0.9945 0.0010 
       Cal01  3 0.0011 0.0021 0.8074 0.0015 0.0009 0.0019 0.1812 0.0039 
       Cal02  3 0.0010 0.0020 0.9798 0.0013 0.0010 0.0016 0.0114 0.0019 
       Cal03  3 0.0006 0.0014 0.8437 0.0016 0.0009 0.0014 0.1488 0.0017 
       Cal04  3 0.0021 0.0027 0.9855 0.0024 0.0015 0.0023 0.0015 0.0020 
       Cal05  3 0.0007 0.0009 0.9872 0.0008 0.0007 0.0031 0.0056 0.0010 
       Cal06  3 0.0012 0.0021 0.9870 0.0017 0.0008 0.0029 0.0022 0.0022 
       Cal07  3 0.0007 0.0011 0.9781 0.0009 0.0006 0.0074 0.0100 0.0013 
       Cal08  3 0.0021 0.0016 0.8933 0.0021 0.0013 0.0018 0.0959 0.0019 
       Cal09  3 0.0011 0.0042 0.9259 0.0009 0.0030 0.0282 0.0351 0.0016 
       Cal10  3 0.0010 0.0028 0.9867 0.0020 0.0011 0.0018 0.0019 0.0026 
       Cal11  3 0.0056 0.0017 0.9805 0.0012 0.0008 0.0024 0.0061 0.0017 
      Cal197  3 0.0006 0.0026 0.7097 0.0011 0.0006 0.0021 0.2810 0.0024 
      Cal198  3 0.0009 0.0021 0.8690 0.0030 0.0007 0.0425 0.0360 0.0458 
      Cal199  3 0.0016 0.0012 0.9904 0.0013 0.0011 0.0009 0.0019 0.0014 
      Cal200  3 0.0008 0.0013 0.9870 0.0012 0.0007 0.0013 0.0065 0.0012 
      Cal201  3 0.0007 0.0018 0.9720 0.0009 0.0005 0.0022 0.0204 0.0014 
      Cal202  3 0.0045 0.0149 0.9412 0.0021 0.0065 0.0018 0.0078 0.0211 
      Cal203  3 0.0016 0.0015 0.9887 0.0012 0.0009 0.0011 0.0030 0.0019 
      Cal204  3 0.0009 0.0014 0.9907 0.0013 0.0011 0.0014 0.0010 0.0022 
      Cal205  3 0.0007 0.0016 0.9877 0.0010 0.0007 0.0015 0.0050 0.0019 
      Cal206  3 0.0009 0.0019 0.9896 0.0012 0.0013 0.0011 0.0024 0.0015 
      Cal207  3 0.0006 0.0014 0.9889 0.0026 0.0007 0.0017 0.0015 0.0027 
      Cal208  3 0.0012 0.0019 0.9638 0.0013 0.0009 0.0013 0.0274 0.0022 
      Cal209  3 0.0010 0.0012 0.9813 0.0008 0.0008 0.0013 0.0124 0.0011 
      Cal210  3 0.0018 0.0013 0.9904 0.0013 0.0011 0.0009 0.0019 0.0014 
      Cal211  3 0.0008 0.0012 0.9909 0.0011 0.0006 0.0013 0.0029 0.0012 
      Cal212  3 0.0009 0.0013 0.9906 0.0016 0.0007 0.0011 0.0024 0.0013 
      Cal213  3 0.0008 0.0092 0.8021 0.0117 0.0009 0.0746 0.0763 0.0245 
      Cal214  3 0.0118 0.0121 0.9649 0.0010 0.0011 0.0014 0.0012 0.0063 
      Cal215  3 0.0028 0.0023 0.9618 0.0017 0.0024 0.0016 0.0253 0.0019 
      Cal216  3 0.0008 0.0015 0.9642 0.0014 0.0008 0.0021 0.0272 0.0021 
      Cal217  3 0.0007 0.0014 0.9836 0.0008 0.0005 0.0019 0.0095 0.0015 
      Cal218  3 0.0008 0.0012 0.9894 0.0012 0.0007 0.0012 0.0043 0.0012 
      Cal219  3 0.0012 0.0023 0.9736 0.0013 0.0008 0.0015 0.0176 0.0016 
      Cal220  3 0.0022 0.0023 0.9781 0.0011 0.0006 0.0016 0.0044 0.0097 
      Cal221  3 0.0007 0.0011 0.9879 0.0012 0.0007 0.0013 0.0056 0.0013 
      Cal222  3 0.0012 0.0012 0.9899 0.0012 0.0009 0.0013 0.0029 0.0014 
      Cal223  3 0.0017 0.0045 0.9664 0.0017 0.0008 0.0140 0.0023 0.0087 
      Cal224  3 0.0018 0.0018 0.9197 0.0067 0.0080 0.0028 0.0012 0.0580 
       Cal33  3 0.0008 0.0023 0.9886 0.0013 0.0008 0.0015 0.0035 0.0013 
       Cal34  3 0.0010 0.0020 0.9818 0.0009 0.0011 0.0036 0.0029 0.0067 
       Cal35  3 0.0007 0.0015 0.9905 0.0013 0.0008 0.0016 0.0023 0.0013 
       Cal37  3 0.0008 0.0057 0.9826 0.0025 0.0009 0.0036 0.0024 0.0014 
       Cal38  3 0.0009 0.0013 0.7879 0.0009 0.0005 0.0015 0.2058 0.0012 
       Cal39  3 0.0014 0.0013 0.9371 0.0011 0.0016 0.0017 0.0547 0.0012 
       Cal40  3 0.0009 0.0013 0.9806 0.0008 0.0008 0.0013 0.0131 0.0012 
       Cal41  3 0.0009 0.0012 0.9860 0.0009 0.0008 0.0015 0.0075 0.0011 
       Cal42  3 0.0013 0.0017 0.9903 0.0010 0.0009 0.0010 0.0026 0.0013 
       Cal43  3 0.0010 0.0016 0.9897 0.0012 0.0006 0.0014 0.0026 0.0018 
       Cal44  3 0.0013 0.0015 0.9741 0.0020 0.0008 0.0013 0.0076 0.0114 
        BW41  3 0.0012 0.0022 0.9600 0.0020 0.0286 0.0015 0.0013 0.0031 
        BW42  3 0.0010 0.0037 0.9851 0.0014 0.0008 0.0023 0.0041 0.0017 
        BW44  3 0.0009 0.0014 0.9908 0.0010 0.0006 0.0023 0.0013 0.0017 
        BW45  3 0.0007 0.0010 0.9929 0.0007 0.0005 0.0013 0.0019 0.0010 
        BW46  3 0.0008 0.0018 0.9883 0.0013 0.0008 0.0011 0.0042 0.0017 
        BW47  3 0.0007 0.0020 0.9133 0.0226 0.0140 0.0093 0.0263 0.0117 
        BW48  3 0.0022 0.0033 0.9807 0.0023 0.0021 0.0020 0.0054 0.0022 
        BW49  3 0.0010 0.0016 0.9862 0.0011 0.0007 0.0057 0.0025 0.0013 
        BW50  3 0.0009 0.0015 0.9686 0.0011 0.0008 0.0014 0.0241 0.0016 
        BW51  3 0.0010 0.0014 0.9608 0.0008 0.0006 0.0105 0.0237 0.0013 
        BW52  3 0.0027 0.0015 0.9850 0.0009 0.0007 0.0015 0.0061 0.0016 
        BW53  3 0.0007 0.0050 0.9702 0.0069 0.0009 0.0039 0.0030 0.0093 
        BW54  3 0.0059 0.0020 0.8787 0.0921 0.0025 0.0042 0.0110 0.0037 
        BW55  3 0.0012 0.0012 0.9895 0.0014 0.0008 0.0013 0.0030 0.0015 
        BW56  3 0.0008 0.0014 0.9901 0.0009 0.0018 0.0016 0.0018 0.0016 
        BW57  3 0.0008 0.0020 0.9834 0.0011 0.0007 0.0026 0.0056 0.0038 
        BW58  3 0.0009 0.0020 0.9849 0.0010 0.0008 0.0029 0.0055 0.0020 
        BW59  3 0.0008 0.0020 0.9121 0.0016 0.0008 0.0017 0.0799 0.0012 
        BW60  3 0.0008 0.0013 0.9888 0.0011 0.0009 0.0017 0.0039 0.0015 
        BW61  3 0.0011 0.0137 0.9001 0.0011 0.0699 0.0025 0.0100 0.0016 
        BW62  3 0.0008 0.0013 0.9852 0.0049 0.0014 0.0017 0.0030 0.0017 
        BW63  3 0.0009 0.0037 0.9116 0.0647 0.0013 0.0097 0.0042 0.0039 
        BW64  3 0.0008 0.0014 0.9715 0.0010 0.0007 0.0016 0.0217 0.0014 
        BW65  3 0.0016 0.0042 0.9778 0.0019 0.0029 0.0019 0.0011 0.0086 
        BW66  3 0.0025 0.0012 0.9866 0.0011 0.0009 0.0023 0.0039 0.0015 
        BW67  3 0.0007 0.0010 0.9916 0.0008 0.0006 0.0012 0.0029 0.0012 
        BW68  3 0.0007 0.0024 0.9853 0.0029 0.0019 0.0024 0.0022 0.0022 
        BW69  3 0.0011 0.0015 0.9476 0.0010 0.0438 0.0013 0.0022 0.0015 
        BW70  3 0.0012 0.0014 0.9868 0.0011 0.0006 0.0016 0.0053 0.0021 
        BW71  3 0.0009 0.0012 0.9887 0.0008 0.0006 0.0014 0.0054 0.0010 
        BW72  3 0.0012 0.0031 0.9797 0.0057 0.0024 0.0015 0.0031 0.0032 
        BW73  3 0.0156 0.0361 0.9187 0.0015 0.0184 0.0053 0.0029 0.0015 
        BW74  3 0.0012 0.0023 0.9874 0.0012 0.0010 0.0023 0.0032 0.0014 
        BW75  3 0.0071 0.0082 0.9634 0.0038 0.0007 0.0087 0.0045 0.0035 
        BW76  3 0.0013 0.0016 0.9886 0.0016 0.0023 0.0012 0.0012 0.0020 
        BW77  3 0.0008 0.0035 0.9773 0.0011 0.0015 0.0028 0.0080 0.0050 
        BW78  3 0.0017 0.0012 0.9883 0.0010 0.0009 0.0033 0.0023 0.0014 
        BW79  3 0.0012 0.0063 0.9587 0.0019 0.0008 0.0038 0.0260 0.0013 
        BW80  3 0.0008 0.0017 0.9865 0.0028 0.0008 0.0013 0.0046 0.0015 
        BW81  3 0.0007 0.0022 0.9812 0.0009 0.0008 0.0034 0.0080 0.0027 
       BWS05  3 0.0024 0.0039 0.9690 0.0031 0.0082 0.0028 0.0069 0.0037 
       BWS06  3 0.0017 0.0024 0.9692 0.0013 0.0008 0.0019 0.0194 0.0033 
       BWS07  3 0.0007 0.0183 0.9604 0.0012 0.0006 0.0038 0.0139 0.0011 
       BWS08  3 0.0020 0.0019 0.9833 0.0025 0.0032 0.0031 0.0010 0.0030 
       BWS09  3 0.0007 0.0012 0.9851 0.0009 0.0006 0.0012 0.0087 0.0016 
       BWS10  3 0.0012 0.0018 0.9709 0.0185 0.0011 0.0022 0.0026 0.0017 
       BWS11  3 0.0009 0.0015 0.9913 0.0013 0.0007 0.0012 0.0018 0.0014 
       BWS12  3 0.0016 0.0022 0.9871 0.0012 0.0007 0.0019 0.0028 0.0024 
       BWS13  3 0.0011 0.0015 0.9814 0.0014 0.0006 0.0012 0.0084 0.0043 
       BWS14  3 0.0008 0.0023 0.9540 0.0020 0.0014 0.0021 0.0356 0.0019 
       BWS15  3 0.0023 0.0022 0.9868 0.0019 0.0011 0.0018 0.0016 0.0022 
       BWS16  3 0.0010 0.0014 0.9642 0.0015 0.0009 0.0266 0.0026 0.0019 
       BWS17  3 0.0011 0.0017 0.9884 0.0015 0.0019 0.0015 0.0015 0.0023 
       BWS18  3 0.0025 0.0032 0.9490 0.0015 0.0008 0.0031 0.0072 0.0326 
       BWS19  3 0.0029 0.0176 0.9471 0.0011 0.0087 0.0026 0.0115 0.0085 
       BWS20  3 0.0008 0.0012 0.9854 0.0009 0.0007 0.0065 0.0030 0.0015 
       BWS21  3 0.0027 0.0093 0.9172 0.0152 0.0014 0.0046 0.0018 0.0478 
       BWS22  3 0.0008 0.0016 0.9875 0.0012 0.0008 0.0011 0.0038 0.0033 
       BWS23  3 0.0014 0.0027 0.9555 0.0011 0.0011 0.0021 0.0024 0.0337 
       BWS24  3 0.0014 0.0061 0.9843 0.0020 0.0011 0.0023 0.0013 0.0015 
       BWS25  3 0.0008 0.0117 0.9804 0.0008 0.0020 0.0012 0.0019 0.0012 
       BWS26  3 0.0011 0.0020 0.9884 0.0013 0.0010 0.0020 0.0026 0.0016 
       BWS27  3 0.0008 0.0017 0.9875 0.0019 0.0006 0.0041 0.0023 0.0012 
       BWS28  3 0.0010 0.0068 0.9471 0.0084 0.0019 0.0028 0.0285 0.0036 
       BWS29  3 0.0015 0.0019 0.9863 0.0019 0.0022 0.0022 0.0019 0.0021 
       BWS30  3 0.0008 0.0016 0.9749 0.0009 0.0008 0.0015 0.0167 0.0029 
       BWS31  3 0.0008 0.0015 0.9888 0.0013 0.0014 0.0029 0.0019 0.0014 
       BWS32  3 0.0017 0.0030 0.9812 0.0021 0.0008 0.0048 0.0050 0.0014 
       BWS33  3 0.0013 0.0026 0.9727 0.0129 0.0024 0.0014 0.0036 0.0031 
       BWS34  3 0.0013 0.0020 0.9853 0.0023 0.0013 0.0018 0.0025 0.0034 
       BWS35  3 0.0028 0.0023 0.9819 0.0022 0.0011 0.0029 0.0040 0.0029 
       BWS36  3 0.0012 0.0011 0.9861 0.0009 0.0009 0.0012 0.0074 0.0012 
       BWS37  3 0.0009 0.0015 0.9875 0.0015 0.0028 0.0021 0.0021 0.0015 
       BWS38  3 0.0012 0.0015 0.9839 0.0013 0.0008 0.0023 0.0074 0.0016 
       BWS39  3 0.0008 0.0011 0.9856 0.0009 0.0007 0.0018 0.0078 0.0014 
       BWS40  3 0.0029 0.0015 0.9834 0.0011 0.0010 0.0014 0.0073 0.0015 
       BWN01  3 0.0012 0.0014 0.9862 0.0013 0.0015 0.0035 0.0034 0.0015 
       BWN02  3 0.0007 0.0013 0.9303 0.0011 0.0008 0.0474 0.0168 0.0015 
       BWN03  3 0.0018 0.0041 0.9704 0.0054 0.0045 0.0016 0.0019 0.0103 
       BWN04  3 0.0022 0.0015 0.9864 0.0010 0.0009 0.0023 0.0040 0.0018 
        NC01  4 0.0009 0.0275 0.0559 0.0028 0.0007 0.8586 0.0518 0.0017 
        NC02  4 0.0012 0.0030 0.0164 0.0017 0.0019 0.9666 0.0070 0.0022 
        NC03  4 0.0007 0.0034 0.0033 0.0008 0.0007 0.9819 0.0016 0.0076 
        NC04  4 0.0011 0.0027 0.0086 0.0013 0.0008 0.9823 0.0016 0.0015 
        NC05  4 0.0025 0.0341 0.0332 0.0050 0.0016 0.9167 0.0017 0.0053 
        NC06  4 0.0010 0.0031 0.0312 0.0011 0.0110 0.9449 0.0059 0.0018 
        NC07  4 0.0014 0.0017 0.0060 0.0012 0.0007 0.9799 0.0077 0.0013 
        NC08  4 0.0011 0.0019 0.0752 0.0013 0.0019 0.9074 0.0086 0.0027 
        NC09  4 0.0016 0.0020 0.0222 0.0023 0.0008 0.9666 0.0016 0.0029 
        NC10  4 0.0009 0.0017 0.3105 0.0011 0.0007 0.6781 0.0052 0.0018 
        NC11  4 0.0020 0.0037 0.0223 0.0048 0.0016 0.9566 0.0059 0.0030 
        NC12  4 0.0007 0.0022 0.0066 0.0024 0.0027 0.9822 0.0017 0.0015 
        NC13  4 0.0008 0.0034 0.0075 0.0017 0.0007 0.9658 0.0016 0.0185 
        NC14  4 0.0012 0.0120 0.0148 0.0022 0.0009 0.9621 0.0050 0.0018 
        NC15  4 0.0012 0.0019 0.0126 0.0043 0.0016 0.9730 0.0021 0.0032 
        NC16  4 0.0009 0.0138 0.0340 0.0037 0.0007 0.9398 0.0054 0.0017 
        NC18  4 0.0017 0.0029 0.0116 0.0023 0.0009 0.9737 0.0047 0.0023 
        NC19  4 0.0006 0.0014 0.0026 0.0013 0.0007 0.9906 0.0014 0.0014 
        NC20  4 0.0040 0.0022 0.0979 0.0020 0.0054 0.8534 0.0282 0.0069 
        NC21  4 0.0008 0.0045 0.0095 0.0049 0.0009 0.9127 0.0598 0.0069 
        NC22  4 0.0013 0.0011 0.0145 0.0009 0.0067 0.8978 0.0755 0.0023 
        NC23  4 0.0013 0.0039 0.0231 0.0014 0.0007 0.9551 0.0109 0.0037 
        NC24  4 0.0015 0.0015 0.0027 0.0012 0.0011 0.9885 0.0022 0.0013 
      SAND01  4 0.0018 0.0011 0.9901 0.0015 0.0005 0.0020 0.0014 0.0015 
      SAND02  4 0.0018 0.0013 0.9677 0.0010 0.0010 0.0017 0.0239 0.0016 
      SAND03  4 0.0009 0.0010 0.9874 0.0008 0.0006 0.0014 0.0067 0.0013 
      SAND04  4 0.0009 0.0021 0.9520 0.0012 0.0010 0.0020 0.0381 0.0026 
      SAND05  4 0.0011 0.0016 0.9830 0.0014 0.0009 0.0017 0.0081 0.0022 
      SAND06  4 0.0009 0.0022 0.9547 0.0017 0.0010 0.0049 0.0322 0.0023 
      SAND07  4 0.0028 0.0011 0.9869 0.0012 0.0006 0.0018 0.0041 0.0016 
      SAND08  4 0.0011 0.0015 0.9523 0.0009 0.0012 0.0357 0.0058 0.0016 
      SAND09  4 0.0010 0.0031 0.9641 0.0146 0.0008 0.0089 0.0036 0.0040 
      SAND10  4 0.0023 0.0017 0.9587 0.0021 0.0011 0.0159 0.0168 0.0014 
      SAND11  4 0.0012 0.0014 0.9892 0.0015 0.0008 0.0014 0.0027 0.0019 
      SAND12  4 0.0014 0.0017 0.9804 0.0020 0.0007 0.0026 0.0094 0.0020 
      SAND13  4 0.0023 0.0017 0.9591 0.0021 0.0012 0.0162 0.0160 0.0013 
      SAND14  4 0.0013 0.0013 0.9753 0.0013 0.0012 0.0035 0.0146 0.0015 
      SAND15  4 0.0009 0.0013 0.9833 0.0011 0.0007 0.0016 0.0092 0.0020 
      SAND16  4 0.0008 0.0087 0.9444 0.0087 0.0006 0.0233 0.0063 0.0070 
      SAND17  4 0.0014 0.0010 0.9907 0.0014 0.0006 0.0015 0.0019 0.0015 
      SAND18  4 0.0007 0.0014 0.9590 0.0012 0.0007 0.0021 0.0334 0.0015 
      SAND19  4 0.0008 0.0015 0.9427 0.0012 0.0007 0.0018 0.0496 0.0017 
      SAND20  4 0.0023 0.0011 0.9805 0.0011 0.0006 0.0096 0.0032 0.0016 
      SAND21  4 0.0017 0.0012 0.9684 0.0009 0.0006 0.0022 0.0236 0.0014 
      SAND22  4 0.0009 0.0011 0.9889 0.0009 0.0005 0.0021 0.0043 0.0013 
      SAND23  4 0.0007 0.0014 0.7622 0.0010 0.0008 0.0013 0.2308 0.0017 
      SAND24  4 0.0010 0.0021 0.9860 0.0016 0.0026 0.0016 0.0031 0.0020 
      SAND25  4 0.0019 0.0053 0.9586 0.0032 0.0011 0.0185 0.0051 0.0063 
      SAND26  4 0.0009 0.0011 0.9890 0.0010 0.0009 0.0040 0.0016 0.0014 
      SAND27  4 0.0012 0.0022 0.9264 0.0030 0.0011 0.0606 0.0028 0.0026 
      SAND28  4 0.0008 0.0016 0.9758 0.0012 0.0012 0.0021 0.0152 0.0021 
      SAND29  4 0.0008 0.0017 0.9181 0.0011 0.0007 0.0017 0.0743 0.0016 
      SAND30  4 0.0008 0.0014 0.9879 0.0013 0.0006 0.0023 0.0039 0.0018 
      SAND31  4 0.0018 0.0014 0.9796 0.0027 0.0005 0.0107 0.0017 0.0015 
      SAND32  4 0.0010 0.0023 0.9732 0.0016 0.0015 0.0086 0.0098 0.0021 
      SAND33  4 0.0023 0.0010 0.9785 0.0010 0.0007 0.0027 0.0122 0.0015 
      SAND34  4 0.0007 0.0015 0.9784 0.0019 0.0008 0.0026 0.0121 0.0019 
      SAND35  4 0.0011 0.0010 0.9410 0.0009 0.0006 0.0018 0.0525 0.0013 
      SAND36  4 0.0007 0.0013 0.9861 0.0011 0.0008 0.0015 0.0070 0.0014 
      SAND37  4 0.0008 0.0016 0.9807 0.0012 0.0007 0.0015 0.0116 0.0018 
      SAND38  4 0.0028 0.0018 0.9813 0.0012 0.0008 0.0034 0.0065 0.0023 
      SAND39  4 0.0007 0.0018 0.9692 0.0014 0.0011 0.0188 0.0051 0.0019 
      SAND40  4 0.0009 0.0021 0.8912 0.0020 0.0013 0.0027 0.0976 0.0023 
      SAND41  4 0.0012 0.0013 0.9841 0.0011 0.0008 0.0021 0.0077 0.0016 
      SAND42  4 0.0014 0.0014 0.9855 0.0014 0.0007 0.0021 0.0058 0.0017 
      SAND43  4 0.0014 0.0017 0.9790 0.0019 0.0009 0.0021 0.0106 0.0024 
      SAND44  4 0.0013 0.0012 0.9863 0.0009 0.0006 0.0021 0.0062 0.0013 
       Hon01  5 0.0018 0.0019 0.0012 0.0017 0.0012 0.9898 0.0008 0.0018 
       Hon02  5 0.0008 0.0017 0.0047 0.0012 0.0010 0.9771 0.0104 0.0032 
       Hon03  5 0.0110 0.0065 0.0028 0.0012 0.0177 0.8755 0.0192 0.0662 
       Hon04  5 0.0014 0.0019 0.0016 0.0016 0.0008 0.9887 0.0014 0.0027 
       Hon05  5 0.0010 0.0017 0.0018 0.0010 0.0013 0.9897 0.0014 0.0020 
       Hon06  5 0.0014 0.0013 0.0011 0.0017 0.0005 0.9914 0.0013 0.0012 
       Hon07  5 0.0014 0.0015 0.0014 0.0009 0.0010 0.9906 0.0013 0.0021 
       Hon08  5 0.0008 0.0016 0.0017 0.0013 0.0007 0.9893 0.0014 0.0032 
       Hon09  5 0.0016 0.0014 0.0049 0.0009 0.0011 0.9026 0.0841 0.0035 
       Hon10  5 0.0140 0.0018 0.0018 0.0020 0.0027 0.9735 0.0013 0.0029 
       Hon11  5 0.0047 0.0404 0.0083 0.0032 0.0015 0.9348 0.0015 0.0056 
       Hon12  5 0.0021 0.0013 0.0043 0.0010 0.0013 0.9710 0.0136 0.0054 
       Hon13  5 0.0010 0.0018 0.0017 0.0009 0.0013 0.9902 0.0011 0.0020 
       Hon14  5 0.0013 0.0029 0.0014 0.0010 0.0119 0.9673 0.0010 0.0133 
       Hon15  5 0.0015 0.0015 0.0010 0.0019 0.0009 0.9875 0.0013 0.0045 
       Hon16  5 0.0008 0.0017 0.0018 0.0013 0.0007 0.9891 0.0014 0.0032 
       Hon17  5 0.0009 0.0015 0.0014 0.0017 0.0006 0.9912 0.0011 0.0016 
       Hon18  5 0.0010 0.0017 0.0557 0.0010 0.0007 0.9324 0.0028 0.0047 
       Hon19  5 0.0023 0.0017 0.0018 0.0094 0.0007 0.9807 0.0012 0.0022 
       Hon20  5 0.0031 0.0073 0.0015 0.0019 0.0007 0.9823 0.0010 0.0020 
      ERIN01  6 0.9933 0.0013 0.0009 0.0008 0.0009 0.0007 0.0007 0.0014 
      ERIN02  6 0.9933 0.0012 0.0009 0.0008 0.0009 0.0008 0.0007 0.0014 
      ERIN03  6 0.9933 0.0013 0.0009 0.0008 0.0009 0.0007 0.0007 0.0014 
      ERIN04  6 0.9933 0.0013 0.0009 0.0008 0.0008 0.0007 0.0007 0.0014 
      ERIN05  6 0.9930 0.0013 0.0009 0.0008 0.0009 0.0008 0.0007 0.0016 
      ERIN06  6 0.9933 0.0013 0.0009 0.0008 0.0009 0.0008 0.0007 0.0014 
      ERIN07  6 0.9932 0.0013 0.0009 0.0008 0.0009 0.0007 0.0007 0.0014 
      ERIN08  6 0.9933 0.0013 0.0009 0.0008 0.0009 0.0008 0.0007 0.0014 
      ERIN09  6 0.9934 0.0013 0.0009 0.0008 0.0009 0.0008 0.0007 0.0014 
      ERIN10  6 0.9933 0.0013 0.0009 0.0008 0.0009 0.0007 0.0007 0.0014 
      ERIN11  6 0.9816 0.0060 0.0009 0.0039 0.0011 0.0043 0.0007 0.0014 
      ERIN12  6 0.9935 0.0013 0.0009 0.0008 0.0008 0.0008 0.0007 0.0014 
      ERIN13  6 0.9933 0.0013 0.0009 0.0008 0.0009 0.0007 0.0007 0.0014 
      ERIN14  6 0.9934 0.0012 0.0009 0.0008 0.0009 0.0008 0.0007 0.0014 
      ERIN15  6 0.9933 0.0013 0.0009 0.0008 0.0009 0.0007 0.0007 0.0014 
      ERIN16  6 0.9928 0.0017 0.0009 0.0008 0.0009 0.0008 0.0007 0.0014 
      ERIN17  6 0.9934 0.0013 0.0009 0.0008 0.0008 0.0007 0.0007 0.0014 
      ERIN18  6 0.9933 0.0013 0.0009 0.0008 0.0009 0.0008 0.0007 0.0014 
      ERIN19  6 0.9933 0.0013 0.0009 0.0008 0.0009 0.0007 0.0007 0.0014 
      ERIN20  6 0.9933 0.0012 0.0009 0.0008 0.0009 0.0008 0.0007 0.0014 
      ERIN21  6 0.9932 0.0012 0.0009 0.0009 0.0010 0.0008 0.0007 0.0014 
      ERIN22  6 0.9934 0.0013 0.0009 0.0008 0.0009 0.0008 0.0007 0.0014 
      ERIN23  6 0.9934 0.0013 0.0009 0.0008 0.0009 0.0008 0.0007 0.0014 
      ERIN24  6 0.9933 0.0013 0.0009 0.0008 0.0009 0.0008 0.0007 0.0014 
      ERIN25  6 0.9932 0.0012 0.0009 0.0008 0.0010 0.0007 0.0007 0.0014 
      ERIN26  6 0.9934 0.0012 0.0009 0.0008 0.0009 0.0007 0.0007 0.0014 
      ERIN27  6 0.9933 0.0013 0.0009 0.0008 0.0009 0.0008 0.0007 0.0014 
      ERIN28  6 0.9930 0.0013 0.0009 0.0008 0.0009 0.0008 0.0007 0.0016 
      ERIN29  6 0.9933 0.0013 0.0009 0.0008 0.0009 0.0007 0.0007 0.0014 
      ERIN30  6 0.9933 0.0013 0.0009 0.0008 0.0009 0.0007 0.0007 0.0014 
      ERIN31  6 0.9934 0.0013 0.0009 0.0008 0.0009 0.0007 0.0007 0.0013 
      ERIN32  6 0.9933 0.0013 0.0009 0.0008 0.0009 0.0008 0.0007 0.0014 
      ERIN33  6 0.9933 0.0013 0.0009 0.0008 0.0009 0.0008 0.0007 0.0014 
      ERIN34  6 0.9933 0.0013 0.0009 0.0008 0.0009 0.0007 0.0007 0.0014 
      ERIN35  6 0.9933 0.0013 0.0009 0.0008 0.0009 0.0007 0.0007 0.0014 
      ERIN38  6 0.9933 0.0013 0.0009 0.0008 0.0009 0.0008 0.0007 0.0015 
      ERIN39  6 0.9934 0.0013 0.0009 0.0008 0.0009 0.0008 0.0007 0.0014 
      ERIN40  6 0.9934 0.0013 0.0009 0.0008 0.0009 0.0007 0.0007 0.0014 
      ERIN41  6 0.9934 0.0013 0.0009 0.0008 0.0009 0.0007 0.0007 0.0013 
      ERIN42  6 0.9934 0.0012 0.0009 0.0008 0.0009 0.0007 0.0007 0.0014 
      ERIN43  6 0.9934 0.0013 0.0008 0.0008 0.0009 0.0008 0.0007 0.0014 
      ERIN44  6 0.9934 0.0013 0.0009 0.0008 0.0009 0.0008 0.0007 0.0013 
      ERIN45  6 0.9933 0.0013 0.0009 0.0008 0.0009 0.0007 0.0007 0.0014 
      ERIN46  6 0.9934 0.0012 0.0009 0.0008 0.0009 0.0008 0.0007 0.0014 
      ERIN47  6 0.9933 0.0013 0.0009 0.0008 0.0009 0.0008 0.0007 0.0014 
       FDS01  6 0.9933 0.0013 0.0009 0.0008 0.0009 0.0007 0.0007 0.0014 
       FDS02  6 0.9933 0.0013 0.0009 0.0008 0.0009 0.0008 0.0007 0.0014 
       FDS03  6 0.9929 0.0017 0.0009 0.0008 0.0009 0.0008 0.0007 0.0014 
       FDS04  6 0.9933 0.0012 0.0009 0.0008 0.0009 0.0007 0.0007 0.0014 
       FDS05  6 0.9934 0.0012 0.0009 0.0008 0.0009 0.0007 0.0007 0.0014 
       FDS06  6 0.9934 0.0013 0.0009 0.0008 0.0009 0.0007 0.0007 0.0014 
       FDS07  6 0.9933 0.0013 0.0009 0.0008 0.0009 0.0007 0.0007 0.0014 
       FDS08  6 0.9934 0.0013 0.0009 0.0008 0.0009 0.0007 0.0007 0.0014 
       FDS09  6 0.9932 0.0013 0.0009 0.0009 0.0009 0.0008 0.0007 0.0014 
       FDS10  6 0.9932 0.0013 0.0009 0.0008 0.0009 0.0007 0.0007 0.0014 
       FDS11  6 0.9933 0.0012 0.0009 0.0008 0.0009 0.0008 0.0007 0.0014 
       FDS12  6 0.9929 0.0016 0.0009 0.0008 0.0009 0.0008 0.0007 0.0014 
       FDS13  6 0.9934 0.0012 0.0009 0.0008 0.0009 0.0008 0.0007 0.0014 
       FDS14  6 0.9933 0.0013 0.0009 0.0008 0.0009 0.0007 0.0007 0.0014 
       FDS15  6 0.9933 0.0012 0.0009 0.0008 0.0009 0.0008 0.0007 0.0015 
       FDS16  6 0.9933 0.0013 0.0009 0.0008 0.0009 0.0008 0.0007 0.0014 
       FDS17  6 0.9933 0.0013 0.0009 0.0008 0.0009 0.0008 0.0007 0.0014 
       FDS18  6 0.9929 0.0016 0.0009 0.0008 0.0009 0.0008 0.0007 0.0014 
       EPP01  6 0.9919 0.0014 0.0009 0.0013 0.0009 0.0007 0.0007 0.0022 
       EPP02  6 0.9919 0.0014 0.0009 0.0013 0.0009 0.0007 0.0007 0.0022 
       EPP03  6 0.9883 0.0020 0.0009 0.0024 0.0018 0.0007 0.0007 0.0032 
       EPP04  6 0.9919 0.0015 0.0008 0.0013 0.0009 0.0007 0.0007 0.0022 
       EPP05  6 0.9917 0.0017 0.0009 0.0014 0.0009 0.0007 0.0007 0.0021 
       EPP06  6 0.9919 0.0014 0.0009 0.0013 0.0009 0.0007 0.0007 0.0021 
       EPP07  6 0.9920 0.0014 0.0008 0.0012 0.0009 0.0007 0.0007 0.0022 
       EPP08  6 0.9920 0.0014 0.0008 0.0013 0.0009 0.0007 0.0007 0.0022 
       EPP09  6 0.9920 0.0014 0.0009 0.0013 0.0009 0.0007 0.0007 0.0022 
       EPP10  6 0.9920 0.0014 0.0008 0.0013 0.0009 0.0007 0.0007 0.0021 
       EPP11  6 0.9203 0.0153 0.0009 0.0463 0.0010 0.0014 0.0007 0.0142 
       EPP12  6 0.9919 0.0014 0.0009 0.0013 0.0009 0.0007 0.0007 0.0022 
       EPP13  6 0.9919 0.0014 0.0009 0.0013 0.0009 0.0007 0.0007 0.0022 
       EPP14  6 0.9919 0.0014 0.0009 0.0014 0.0009 0.0007 0.0007 0.0021 
       EPP15  6 0.9897 0.0014 0.0024 0.0014 0.0009 0.0014 0.0007 0.0022 
       EPP16  6 0.9920 0.0014 0.0009 0.0013 0.0009 0.0007 0.0007 0.0022 
       EPP17  6 0.9919 0.0014 0.0009 0.0013 0.0009 0.0007 0.0007 0.0023 
       EPP18  6 0.9919 0.0014 0.0009 0.0013 0.0009 0.0007 0.0007 0.0022 
       EPP19  6 0.9917 0.0016 0.0009 0.0013 0.0010 0.0007 0.0007 0.0022 
       EPP20  6 0.9883 0.0019 0.0009 0.0025 0.0017 0.0007 0.0007 0.0034 
       EPP21  6 0.9921 0.0015 0.0008 0.0013 0.0009 0.0007 0.0007 0.0021 
       EPP22  6 0.9920 0.0014 0.0009 0.0013 0.0009 0.0007 0.0007 0.0021 
       EPP23  6 0.8758 0.0095 0.0009 0.0029 0.0009 0.0012 0.0007 0.1080 
       EPP24  6 0.9920 0.0014 0.0008 0.0013 0.0009 0.0007 0.0007 0.0021 
       EPP25  6 0.9917 0.0016 0.0009 0.0014 0.0009 0.0008 0.0007 0.0021 
       EPP26  6 0.9917 0.0016 0.0009 0.0013 0.0009 0.0007 0.0007 0.0022 
       EPP27  6 0.9882 0.0019 0.0009 0.0025 0.0018 0.0007 0.0007 0.0033 
       EPP28  6 0.9918 0.0014 0.0009 0.0013 0.0009 0.0007 0.0007 0.0023 
       EPP29  6 0.9919 0.0015 0.0009 0.0013 0.0009 0.0007 0.0007 0.0021 
       EPP30  6 0.9919 0.0014 0.0009 0.0013 0.0009 0.0007 0.0007 0.0022 
       EPP31  6 0.9881 0.0019 0.0009 0.0025 0.0017 0.0007 0.0007 0.0034 
       EPP32  6 0.9919 0.0015 0.0009 0.0014 0.0009 0.0007 0.0007 0.0022 
       EPP33  6 0.9918 0.0016 0.0009 0.0013 0.0010 0.0007 0.0007 0.0021 
       EPP34  6 0.9915 0.0017 0.0009 0.0014 0.0009 0.0007 0.0007 0.0023 
       EPP35  6 0.9017 0.0022 0.0019 0.0046 0.0016 0.0049 0.0007 0.0825 
       EPP36  6 0.9919 0.0015 0.0009 0.0013 0.0009 0.0007 0.0007 0.0022 
       EPP37  6 0.9405 0.0118 0.0027 0.0347 0.0016 0.0009 0.0047 0.0031 
       EPP38  6 0.9881 0.0020 0.0009 0.0024 0.0018 0.0007 0.0007 0.0033 
       EPP39  6 0.9920 0.0014 0.0008 0.0013 0.0009 0.0007 0.0007 0.0021 
       EPP40  6 0.9919 0.0014 0.0009 0.0013 0.0009 0.0007 0.0007 0.0022 
       EPP41  6 0.9919 0.0014 0.0009 0.0013 0.0009 0.0007 0.0007 0.0022 
       EPP42  6 0.9918 0.0015 0.0009 0.0013 0.0009 0.0007 0.0007 0.0022 
       EPP43  6 0.9918 0.0014 0.0009 0.0014 0.0009 0.0007 0.0007 0.0022 
        ES68  6 0.8666 0.1069 0.0019 0.0010 0.0073 0.0118 0.0027 0.0018 
       ENW44  6 0.9919 0.0014 0.0009 0.0013 0.0009 0.0007 0.0007 0.0023 
       ENW45  6 0.9920 0.0015 0.0009 0.0013 0.0009 0.0007 0.0007 0.0022 
       ENW46  6 0.9920 0.0014 0.0008 0.0013 0.0009 0.0007 0.0007 0.0022 
       ENW48  6 0.9919 0.0015 0.0009 0.0013 0.0009 0.0007 0.0007 0.0021 
       ENW49  6 0.9920 0.0014 0.0009 0.0013 0.0009 0.0007 0.0007 0.0021 
       ENW50  6 0.9920 0.0014 0.0009 0.0013 0.0009 0.0007 0.0007 0.0022 
       ENW51  6 0.9913 0.0018 0.0011 0.0015 0.0010 0.0009 0.0010 0.0015 
       ENW52  6 0.9920 0.0014 0.0009 0.0013 0.0009 0.0007 0.0007 0.0021 
       ENW53  6 0.9913 0.0018 0.0010 0.0013 0.0010 0.0009 0.0010 0.0015 
       ENW54  6 0.9912 0.0018 0.0011 0.0014 0.0010 0.0009 0.0010 0.0015 
       ENW55  6 0.9911 0.0019 0.0011 0.0014 0.0011 0.0009 0.0011 0.0014 
       ENW56  6 0.9913 0.0018 0.0010 0.0014 0.0010 0.0009 0.0011 0.0014 
       ENW57  6 0.9913 0.0019 0.0011 0.0013 0.0010 0.0009 0.0010 0.0015 
       ENE58  6 0.9729 0.0037 0.0016 0.0014 0.0025 0.0010 0.0124 0.0045 
       ENE59  6 0.9912 0.0020 0.0011 0.0014 0.0010 0.0009 0.0011 0.0015 
       ENE60  6 0.9913 0.0018 0.0010 0.0014 0.0010 0.0009 0.0011 0.0015 
       ENE61  6 0.9728 0.0038 0.0015 0.0014 0.0027 0.0010 0.0122 0.0045 
       ENE62  6 0.9913 0.0018 0.0010 0.0014 0.0010 0.0009 0.0011 0.0015 
       ENE63  6 0.9912 0.0018 0.0011 0.0014 0.0010 0.0009 0.0011 0.0015 
       ENE64  6 0.9730 0.0037 0.0016 0.0014 0.0027 0.0010 0.0119 0.0047 
       ENE65  6 0.9913 0.0018 0.0011 0.0014 0.0010 0.0009 0.0011 0.0015 
       ENE66  6 0.9914 0.0019 0.0010 0.0014 0.0010 0.0008 0.0011 0.0015 
       ENE67  6 0.9910 0.0019 0.0012 0.0014 0.0010 0.0009 0.0010 0.0015 
         CC1  7 0.3559 0.0031 0.0023 0.6211 0.0087 0.0014 0.0016 0.0061 
        CC10  7 0.4299 0.0031 0.0021 0.5545 0.0018 0.0013 0.0018 0.0055 
        CC11  7 0.5239 0.0020 0.0009 0.4679 0.0019 0.0009 0.0007 0.0018 
        CC12  7 0.4433 0.0090 0.0012 0.5399 0.0018 0.0012 0.0008 0.0027 
        CC13  7 0.3566 0.0030 0.0022 0.6208 0.0084 0.0014 0.0016 0.0059 
        CC14  7 0.3564 0.0029 0.0023 0.6209 0.0085 0.0014 0.0015 0.0059 
        CC15  7 0.3476 0.0040 0.0032 0.6293 0.0071 0.0022 0.0015 0.0052 
        CC16  7 0.3727 0.0020 0.0008 0.5955 0.0251 0.0010 0.0007 0.0021 
        CC17  7 0.4043 0.0030 0.0023 0.5789 0.0019 0.0014 0.0017 0.0066 
         CC2  7 0.3565 0.0029 0.0023 0.6212 0.0083 0.0014 0.0017 0.0058 
         CC3  7 0.3587 0.0029 0.0022 0.6246 0.0053 0.0014 0.0015 0.0035 
         CC4  7 0.2410 0.1135 0.0115 0.4812 0.0044 0.1348 0.0014 0.0122 
         CC5  7 0.5189 0.0018 0.0008 0.4722 0.0029 0.0009 0.0007 0.0018 
         CC6  7 0.4963 0.0019 0.0009 0.4944 0.0029 0.0009 0.0007 0.0020 
         CC7  7 0.5181 0.0018 0.0008 0.4732 0.0027 0.0009 0.0007 0.0018 
         CC8  7 0.5189 0.0019 0.0008 0.4722 0.0027 0.0009 0.0007 0.0019 
         CC9  7 0.4968 0.0019 0.0008 0.4939 0.0030 0.0009 0.0007 0.0020 
       BUN01  8 0.0017 0.7873 0.0013 0.0305 0.0181 0.0013 0.0011 0.1587 
       BUN02  8 0.0196 0.7040 0.0018 0.0718 0.1868 0.0028 0.0024 0.0107 
       BUN03  8 0.0028 0.7986 0.0016 0.0817 0.0010 0.0026 0.0011 0.1106 
       BUN04  8 0.0026 0.9593 0.0017 0.0272 0.0013 0.0011 0.0015 0.0053 
       BUN05  8 0.0067 0.6026 0.0402 0.0026 0.0064 0.0012 0.0013 0.3390 
       BUN06  8 0.0064 0.9605 0.0010 0.0182 0.0040 0.0027 0.0009 0.0063 
       BUN07  8 0.0011 0.8252 0.0010 0.0048 0.0013 0.0018 0.0009 0.1639 
       SOB01  8 0.0015 0.9889 0.0014 0.0025 0.0013 0.0009 0.0009 0.0027 
       SOB02  8 0.0040 0.8602 0.0017 0.0017 0.0021 0.0734 0.0102 0.0468 
       SOB03  8 0.0050 0.9832 0.0017 0.0015 0.0015 0.0008 0.0018 0.0045 
       SOB04  8 0.0012 0.9348 0.0053 0.0022 0.0039 0.0482 0.0018 0.0025 
       SOB05  8 0.0073 0.7900 0.0013 0.1946 0.0022 0.0012 0.0009 0.0024 
       SOB06  8 0.0025 0.8375 0.0120 0.0048 0.0711 0.0059 0.0008 0.0655 
       SOB07  8 0.0059 0.7425 0.0015 0.0100 0.2013 0.0039 0.0007 0.0342 
       SOB08  8 0.0023 0.9819 0.0015 0.0024 0.0067 0.0010 0.0018 0.0024 
       SOB09  8 0.0328 0.7449 0.0293 0.0575 0.0098 0.0631 0.0169 0.0457 
       SOB10  8 0.0053 0.9665 0.0014 0.0149 0.0042 0.0011 0.0008 0.0058 
       SOB11  8 0.0025 0.7682 0.0012 0.0015 0.0025 0.1135 0.0063 0.1043 
       OSR01  8 0.0123 0.8108 0.0026 0.0764 0.0009 0.0276 0.0292 0.0401 
       OSR02  8 0.0015 0.5270 0.0013 0.1146 0.3472 0.0018 0.0008 0.0058 
       OSR03  8 0.0015 0.5269 0.0013 0.1141 0.3473 0.0018 0.0008 0.0062 
       OSR04  8 0.0042 0.5075 0.0015 0.2621 0.1366 0.0017 0.0007 0.0857 
       OSR05  8 0.0015 0.5268 0.0013 0.1119 0.3495 0.0019 0.0008 0.0062 
       OSR06  8 0.0014 0.9850 0.0014 0.0028 0.0010 0.0032 0.0008 0.0045 
       OSR07  8 0.0120 0.0670 0.0013 0.7885 0.0584 0.0014 0.0021 0.0693 
       OSR08  8 0.0120 0.0640 0.0012 0.7865 0.0568 0.0013 0.0021 0.0761 
       OSR09  8 0.1193 0.8590 0.0024 0.0022 0.0016 0.0052 0.0007 0.0096 
      Lion01  8 0.0157 0.7549 0.0014 0.0051 0.0016 0.0032 0.0032 0.2148 
      Lion02  8 0.0022 0.8566 0.0013 0.1188 0.0017 0.0020 0.0021 0.0154 
      Lion03  8 0.0012 0.5641 0.0012 0.3315 0.0021 0.0012 0.0008 0.0978 
      Lion04  8 0.0058 0.9592 0.0020 0.0087 0.0016 0.0024 0.0019 0.0184 
      Lion05  8 0.0120 0.9321 0.0098 0.0225 0.0056 0.0096 0.0046 0.0038 
      Lion06  8 0.0105 0.8804 0.0105 0.0747 0.0060 0.0098 0.0045 0.0038 
        TW01  8 0.0020 0.9392 0.0014 0.0016 0.0015 0.0011 0.0006 0.0525 
        TW02  8 0.0051 0.8082 0.0142 0.0060 0.0132 0.0012 0.0014 0.1507 
        TW03  8 0.0020 0.9490 0.0015 0.0018 0.0015 0.0012 0.0006 0.0425 
        TW04  8 0.0020 0.9396 0.0014 0.0017 0.0015 0.0012 0.0006 0.0520 
        CF01  8 0.0025 0.0028 0.0010 0.9848 0.0023 0.0010 0.0011 0.0045 
        CF02  8 0.0015 0.0192 0.0083 0.6471 0.2803 0.0018 0.0010 0.0409 
        CF03  8 0.0026 0.0031 0.0010 0.9843 0.0024 0.0010 0.0011 0.0046 
        CF04  8 0.0029 0.0313 0.0156 0.9399 0.0009 0.0016 0.0034 0.0044 
        CF05  8 0.0013 0.0023 0.0013 0.9889 0.0014 0.0013 0.0010 0.0025 
        CF06  8 0.0013 0.0025 0.0013 0.9889 0.0013 0.0013 0.0010 0.0024 
        CF07  8 0.0012 0.6803 0.0365 0.0170 0.0008 0.0131 0.0174 0.2338 
        CF08  8 0.0013 0.0025 0.0013 0.9888 0.0014 0.0013 0.0010 0.0024 
        CF09  8 0.0027 0.0030 0.0010 0.9843 0.0025 0.0010 0.0011 0.0045 
        CF10  8 0.0011 0.0232 0.0081 0.9570 0.0014 0.0051 0.0009 0.0032 
        CF11  8 0.1387 0.4756 0.0232 0.3391 0.0131 0.0056 0.0007 0.0041 
        CF12  8 0.0027 0.0030 0.0010 0.9843 0.0023 0.0010 0.0011 0.0046 
        CF13  8 0.0012 0.0025 0.0013 0.9887 0.0013 0.0014 0.0010 0.0025 
        CF14  8 0.0030 0.0304 0.0166 0.9395 0.0010 0.0016 0.0035 0.0044 
        CF15  8 0.0030 0.0313 0.0142 0.9418 0.0010 0.0016 0.0035 0.0036 
        CF16  8 0.0027 0.0029 0.0010 0.9843 0.0024 0.0010 0.0011 0.0047 
        CF17  8 0.0018 0.0025 0.0010 0.9845 0.0027 0.0011 0.0010 0.0054 
        CF18  8 0.0032 0.0302 0.0156 0.9409 0.0009 0.0016 0.0033 0.0043 
        CF19  8 0.0025 0.8756 0.0451 0.0185 0.0049 0.0305 0.0149 0.0080 
        CF20  8 0.0013 0.0025 0.0013 0.9888 0.0013 0.0013 0.0010 0.0025 
        CF21  8 0.0013 0.0024 0.0013 0.9889 0.0013 0.0014 0.0010 0.0025 
        CF22  8 0.0013 0.0024 0.0013 0.9888 0.0014 0.0013 0.0010 0.0024 
        CF23  8 0.0013 0.0024 0.0013 0.9890 0.0013 0.0013 0.0010 0.0024 
        CF24  8 0.0027 0.0030 0.0010 0.9844 0.0024 0.0010 0.0011 0.0045 
        CF25  8 0.0025 0.0030 0.0009 0.9845 0.0025 0.0010 0.0011 0.0045 
        CF26  8 0.0014 0.0211 0.0081 0.6457 0.2801 0.0018 0.0010 0.0409 
        CF27  8 0.0013 0.0025 0.0013 0.9889 0.0013 0.0013 0.0010 0.0024 
        CF28  8 0.0030 0.0298 0.0181 0.9399 0.0008 0.0016 0.0033 0.0035 
        CF29  8 0.0027 0.0027 0.0010 0.9845 0.0024 0.0010 0.0011 0.0047 
        CF30  8 0.0060 0.9601 0.0020 0.0087 0.0017 0.0022 0.0020 0.0173 
        CF31  8 0.0029 0.0029 0.0010 0.9842 0.0024 0.0010 0.0011 0.0046 
        CF32  8 0.0014 0.3172 0.0012 0.6500 0.0136 0.0012 0.0009 0.0145 
        CF33  8 0.0013 0.0026 0.0013 0.9623 0.0014 0.0276 0.0010 0.0025 
        CF34  8 0.0013 0.0024 0.0013 0.9889 0.0014 0.0013 0.0010 0.0025 
        CF35  8 0.0031 0.0301 0.0153 0.9419 0.0010 0.0016 0.0034 0.0037 
        CF36  8 0.0014 0.9909 0.0011 0.0015 0.0014 0.0010 0.0007 0.0020 
        BP01  8 0.0097 0.9761 0.0016 0.0022 0.0043 0.0012 0.0011 0.0039 
        BP02  8 0.0014 0.8088 0.0024 0.1673 0.0010 0.0012 0.0009 0.0171 
        BP03  8 0.0012 0.9897 0.0011 0.0018 0.0015 0.0009 0.0012 0.0027 
        BP04  8 0.0065 0.9466 0.0013 0.0065 0.0043 0.0010 0.0010 0.0328 
        BP06  8 0.0052 0.9772 0.0016 0.0055 0.0042 0.0013 0.0021 0.0029 
        BP07  8 0.0027 0.8954 0.0382 0.0550 0.0014 0.0043 0.0010 0.0022 
        BP08  8 0.0133 0.9697 0.0016 0.0050 0.0038 0.0013 0.0020 0.0034 
        BP09  8 0.0016 0.9764 0.0019 0.0018 0.0063 0.0028 0.0051 0.0041 
        BP10  8 0.0018 0.9901 0.0014 0.0017 0.0007 0.0011 0.0010 0.0022 
        BP11  8 0.0010 0.9920 0.0011 0.0012 0.0012 0.0008 0.0008 0.0019 
        BP12  8 0.0014 0.9000 0.0013 0.0032 0.0897 0.0013 0.0009 0.0023 
        BP14  8 0.0266 0.7957 0.0043 0.1481 0.0028 0.0032 0.0016 0.0176 
        BP16  8 0.0015 0.9907 0.0010 0.0014 0.0010 0.0009 0.0011 0.0024 
        BP17  8 0.0021 0.9898 0.0014 0.0017 0.0013 0.0009 0.0010 0.0018 
        BP18  8 0.0019 0.9901 0.0014 0.0017 0.0007 0.0011 0.0009 0.0021 
        BP19  8 0.0024 0.9759 0.0030 0.0114 0.0015 0.0021 0.0018 0.0018 
        BP20  8 0.0019 0.9901 0.0014 0.0018 0.0007 0.0011 0.0009 0.0022 
   BP2007-01  8 0.0010 0.9920 0.0011 0.0011 0.0011 0.0008 0.0008 0.0020 
   BP2007-02  8 0.0012 0.9894 0.0013 0.0024 0.0013 0.0009 0.0010 0.0025 
   BP2007-03  8 0.0013 0.6662 0.0038 0.0393 0.0060 0.0021 0.0009 0.2803 
   BP2007-04  8 0.0023 0.9782 0.0027 0.0097 0.0013 0.0023 0.0016 0.0020 
   BP2007-05  8 0.0024 0.6977 0.0013 0.0133 0.0443 0.2347 0.0006 0.0057 
   BP2007-06  8 0.0377 0.9375 0.0016 0.0020 0.0134 0.0020 0.0022 0.0036 
   BP2007-07  8 0.0013 0.9890 0.0012 0.0021 0.0016 0.0010 0.0012 0.0027 
   BP2007-08  8 0.0019 0.9818 0.0025 0.0014 0.0040 0.0014 0.0037 0.0035 
   BP2007-09  8 0.0019 0.9818 0.0025 0.0014 0.0039 0.0014 0.0038 0.0034 
   BP2007-10  8 0.0012 0.9893 0.0011 0.0019 0.0016 0.0009 0.0012 0.0027 
   BP2007-11  8 0.0010 0.9914 0.0012 0.0011 0.0013 0.0008 0.0010 0.0023 
   BP2007-12  8 0.0019 0.8689 0.0013 0.1135 0.0050 0.0009 0.0010 0.0077 
   BP2007-13  8 0.0019 0.9818 0.0026 0.0013 0.0039 0.0014 0.0036 0.0034 
   BP2007-14  8 0.0043 0.5833 0.1541 0.2288 0.0023 0.0096 0.0012 0.0163 
   BP2007-15  8 0.0014 0.9830 0.0011 0.0064 0.0026 0.0011 0.0011 0.0032 
   BP2007-16  8 0.0019 0.7371 0.0016 0.0083 0.0019 0.0017 0.0037 0.2437 
   BP2007-17  8 0.0118 0.9712 0.0016 0.0047 0.0040 0.0013 0.0020 0.0035 
   BP2007-18  8 0.0011 0.6924 0.1111 0.1773 0.0023 0.0085 0.0017 0.0056 
   BP2007-19  8 0.0070 0.9472 0.0013 0.0065 0.0041 0.0010 0.0010 0.0319 
   BP2007-20  8 0.0071 0.9462 0.0013 0.0064 0.0039 0.0010 0.0010 0.0331 
   BP2007-21  8 0.0011 0.9915 0.0012 0.0012 0.0010 0.0008 0.0008 0.0023 
   BP2007-22  8 0.0010 0.9914 0.0012 0.0011 0.0013 0.0008 0.0010 0.0023 
   BP2007-23  8 0.0010 0.9920 0.0011 0.0011 0.0012 0.0008 0.0008 0.0020 
   BP2007-24  8 0.0092 0.8308 0.0032 0.1387 0.0069 0.0036 0.0027 0.0049 
   BP2007-25  8 0.0012 0.9899 0.0013 0.0023 0.0013 0.0008 0.0010 0.0023 
   BP2007-26  8 0.0013 0.8999 0.0012 0.0031 0.0902 0.0013 0.0009 0.0022 
   BP2007-27  8 0.0018 0.9903 0.0014 0.0017 0.0007 0.0010 0.0010 0.0022 
   BP2007-28  8 0.0009 0.9914 0.0011 0.0011 0.0013 0.0008 0.0011 0.0023 
   BP2007-29  8 0.0012 0.9916 0.0013 0.0011 0.0009 0.0008 0.0009 0.0022 
   BP2007-30  8 0.1017 0.8496 0.0041 0.0052 0.0044 0.0009 0.0010 0.0331 
   BP2007-31  8 0.0014 0.9857 0.0011 0.0047 0.0017 0.0012 0.0011 0.0031 
   BP2007-32  8 0.0330 0.5920 0.0122 0.2868 0.0010 0.0489 0.0008 0.0253 
   BP2007-33  8 0.0010 0.9915 0.0012 0.0011 0.0013 0.0008 0.0010 0.0022 
   BP2007-34  8 0.0555 0.8885 0.0014 0.0024 0.0286 0.0010 0.0008 0.0217 
   BP2007-35  8 0.0067 0.9466 0.0013 0.0061 0.0040 0.0010 0.0010 0.0332 
   BP2007-36  8 0.0012 0.9902 0.0013 0.0020 0.0013 0.0008 0.0010 0.0023 
   BP2007-37  8 0.0011 0.5911 0.0412 0.2255 0.0028 0.1288 0.0061 0.0033 
   BP2007-38  8 0.0013 0.9895 0.0011 0.0018 0.0015 0.0009 0.0012 0.0028 
   BP2007-39  8 0.0014 0.9826 0.0011 0.0069 0.0025 0.0011 0.0011 0.0031 
   BP2007-40  8 0.0106 0.9692 0.0017 0.0052 0.0051 0.0012 0.0028 0.0042 
        BP21  8 0.0012 0.9900 0.0012 0.0020 0.0013 0.0009 0.0010 0.0023 
        BP22  8 0.0021 0.9814 0.0011 0.0026 0.0051 0.0010 0.0010 0.0057 
        BP23  8 0.0026 0.9758 0.0010 0.0029 0.0125 0.0009 0.0008 0.0033 
        BP24  8 0.0026 0.9621 0.0011 0.0177 0.0049 0.0012 0.0009 0.0095 
        BP25  8 0.0013 0.9899 0.0012 0.0021 0.0013 0.0009 0.0010 0.0023 
        BP26  8 0.0013 0.9899 0.0013 0.0021 0.0013 0.0009 0.0010 0.0024 
        BP27  8 0.0018 0.9782 0.0024 0.0014 0.0080 0.0013 0.0036 0.0033 
        BP28  8 0.0021 0.9811 0.0011 0.0027 0.0054 0.0010 0.0010 0.0057 
        BP29  8 0.0015 0.9896 0.0013 0.0017 0.0010 0.0008 0.0009 0.0033 
        BP30  8 0.0010 0.9893 0.0013 0.0027 0.0015 0.0009 0.0009 0.0023 
      NNKB01  8 0.0041 0.9534 0.0184 0.0063 0.0013 0.0062 0.0008 0.0095 
      NNKB02  8 0.0021 0.9692 0.0020 0.0079 0.0018 0.0012 0.0091 0.0067 
      NNKN01  8 0.0011 0.7654 0.0030 0.0943 0.0030 0.0835 0.0046 0.0451 
         SR1  9 0.0020 0.6946 0.0012 0.0046 0.2929 0.0012 0.0008 0.0027 
        SR10  9 0.1883 0.6822 0.0040 0.0081 0.0017 0.0429 0.0014 0.0714 
        SR11  9 0.0034 0.8605 0.0011 0.0121 0.0377 0.0010 0.0009 0.0832 
        SR12  9 0.0021 0.6919 0.0013 0.0046 0.2955 0.0012 0.0008 0.0027 
        SR13  9 0.1369 0.4737 0.0086 0.0366 0.1180 0.0177 0.0590 0.1495 
        SR15  9 0.0302 0.7910 0.0062 0.1186 0.0016 0.0170 0.0218 0.0137 
        SR16  9 0.0023 0.5890 0.0019 0.3168 0.0039 0.0026 0.0007 0.0828 
        SR17  9 0.2492 0.2076 0.0036 0.4817 0.0037 0.0063 0.0055 0.0424 
        SR18  9 0.0059 0.5926 0.0021 0.3805 0.0062 0.0017 0.0057 0.0053 
        SR19  9 0.0015 0.6311 0.0012 0.2638 0.0370 0.0603 0.0008 0.0042 
         SR2  9 0.0034 0.8639 0.0011 0.0120 0.0364 0.0010 0.0010 0.0812 
        SR20  9 0.3540 0.2271 0.0015 0.1051 0.0013 0.0028 0.0009 0.3073 
        SR21  9 0.0032 0.0404 0.0014 0.5921 0.3543 0.0013 0.0009 0.0064 
        SR22  9 0.0016 0.3748 0.0010 0.1781 0.4356 0.0014 0.0008 0.0068 
        SR23  9 0.0032 0.0149 0.0019 0.6659 0.3055 0.0013 0.0015 0.0057 
        SR24  9 0.0192 0.6570 0.0025 0.2795 0.0079 0.0060 0.0031 0.0250 
        SR25  9 0.0046 0.9421 0.0013 0.0035 0.0240 0.0024 0.0012 0.0209 
        SR26  9 0.1632 0.3355 0.0015 0.4773 0.0036 0.0088 0.0008 0.0093 
        SR27  9 0.0017 0.7183 0.0017 0.0881 0.1817 0.0045 0.0009 0.0031 
        SR28  9 0.0013 0.7806 0.0014 0.0318 0.0019 0.0017 0.0010 0.1804 
        SR29  9 0.1710 0.7717 0.0018 0.0046 0.0207 0.0027 0.0014 0.0261 
         SR3  9 0.0018 0.6685 0.0013 0.0175 0.0241 0.0010 0.0010 0.2848 
        SR30  9 0.0075 0.9787 0.0009 0.0037 0.0030 0.0012 0.0009 0.0041 
         SR5  9 0.0897 0.7746 0.0015 0.0277 0.0779 0.0020 0.0013 0.0252 
         SR6  9 0.0192 0.9173 0.0014 0.0043 0.0104 0.0018 0.0017 0.0440 
         SR7  9 0.4332 0.5529 0.0015 0.0057 0.0017 0.0019 0.0007 0.0023 
         SR8  9 0.0026 0.8203 0.0012 0.0136 0.0445 0.0011 0.0009 0.1159 
         SR9  9 0.4184 0.5638 0.0016 0.0080 0.0024 0.0019 0.0008 0.0032 
       HAM01 10 0.0021 0.9712 0.0011 0.0036 0.0078 0.0010 0.0007 0.0125 
       HAM02 10 0.0021 0.5606 0.0056 0.0948 0.0050 0.0026 0.0011 0.3281 
       HAM03 10 0.0020 0.9717 0.0011 0.0035 0.0074 0.0010 0.0007 0.0127 
       HAM07 10 0.0029 0.8769 0.0028 0.0393 0.0613 0.0029 0.0054 0.0086 
       HAM08 10 0.0038 0.6294 0.0011 0.0136 0.0028 0.0027 0.0009 0.3456 
       HAM09 10 0.0041 0.9185 0.0098 0.0194 0.0018 0.0417 0.0010 0.0036 
       HAM10 10 0.0107 0.6665 0.0022 0.3021 0.0036 0.0030 0.0040 0.0077 
      CRWL01 10 0.0027 0.9839 0.0015 0.0027 0.0028 0.0012 0.0011 0.0041 
      CRWL02 10 0.0041 0.9824 0.0013 0.0028 0.0030 0.0012 0.0010 0.0043 
      CRWL03 10 0.0259 0.9536 0.0015 0.0066 0.0045 0.0035 0.0008 0.0037 
      CRWL04 10 0.0059 0.9837 0.0013 0.0028 0.0012 0.0010 0.0015 0.0025 
      CRWL05 10 0.0016 0.9893 0.0015 0.0015 0.0014 0.0011 0.0011 0.0025 
      CRWL06 10 0.0027 0.9780 0.0012 0.0031 0.0026 0.0010 0.0012 0.0101 
      CRWL07 10 0.0010 0.9800 0.0015 0.0018 0.0017 0.0013 0.0010 0.0118 
      CRWL08 10 0.0031 0.9754 0.0014 0.0109 0.0011 0.0012 0.0014 0.0055 
      CRWL09 10 0.0014 0.9744 0.0012 0.0026 0.0033 0.0093 0.0007 0.0071 
      CRWL10 10 0.0012 0.9518 0.0016 0.0046 0.0104 0.0019 0.0010 0.0277 
      CRWL11 10 0.0021 0.5084 0.0024 0.0032 0.0154 0.0020 0.0038 0.4627 
      CRWL12 10 0.1794 0.7892 0.0038 0.0190 0.0014 0.0011 0.0014 0.0047 
      CRWL13 10 0.0029 0.9767 0.0011 0.0111 0.0015 0.0009 0.0010 0.0048 
      CRWL14 10 0.0024 0.9628 0.0023 0.0037 0.0012 0.0016 0.0016 0.0245 
      CRWL15 10 0.0116 0.8752 0.0009 0.0033 0.0015 0.0011 0.0007 0.1056 
      CRWL16 10 0.0025 0.9489 0.0024 0.0079 0.0015 0.0016 0.0016 0.0336 
      CRWL17 10 0.0021 0.5772 0.0025 0.0036 0.0072 0.0019 0.0031 0.4024 
      CRWL18 10 0.0014 0.9833 0.0012 0.0027 0.0032 0.0012 0.0007 0.0063 
      CRWL19 10 0.0015 0.9834 0.0012 0.0026 0.0032 0.0012 0.0007 0.0063 
      CRWL20 10 0.0016 0.9844 0.0011 0.0029 0.0023 0.0012 0.0009 0.0056 
      CRWL21 10 0.0016 0.7592 0.0025 0.0318 0.0022 0.0115 0.0008 0.1903 
       MES01 11 0.0009 0.0019 0.0008 0.0011 0.9916 0.0008 0.0008 0.0021 
       MES02 11 0.0010 0.0018 0.0009 0.0011 0.9913 0.0009 0.0008 0.0023 
       MES03 11 0.0559 0.0014 0.0010 0.0013 0.9344 0.0015 0.0007 0.0038 
       MES04 11 0.0010 0.0017 0.0009 0.0011 0.9914 0.0009 0.0007 0.0023 
       MES05 11 0.0009 0.0016 0.0009 0.0016 0.9920 0.0007 0.0007 0.0015 
       MES06 11 0.0010 0.0019 0.0009 0.0011 0.9916 0.0008 0.0008 0.0021 
       MES07 11 0.0010 0.0018 0.0008 0.0010 0.9918 0.0008 0.0008 0.0021 
       MES08 11 0.0010 0.0018 0.0009 0.0011 0.9917 0.0008 0.0008 0.0021 
       MES09 11 0.0010 0.0019 0.0009 0.0011 0.9915 0.0008 0.0008 0.0021 
       MES10 11 0.0010 0.0017 0.0009 0.0011 0.9915 0.0009 0.0008 0.0023 
       MES11 11 0.0010 0.0023 0.0009 0.0010 0.9905 0.0012 0.0007 0.0023 
       MES12 11 0.0010 0.0018 0.0008 0.0011 0.9917 0.0007 0.0008 0.0021 
       MES13 11 0.0010 0.0018 0.0008 0.0011 0.9918 0.0008 0.0007 0.0020 
       MES14 11 0.0010 0.0011 0.0008 0.0009 0.9934 0.0007 0.0007 0.0015 
       MES15 11 0.0009 0.0011 0.0039 0.0014 0.9540 0.0010 0.0361 0.0016 
       MES16 11 0.0010 0.0018 0.0009 0.0010 0.9914 0.0009 0.0007 0.0023 
       MES17 11 0.0009 0.0019 0.0009 0.0011 0.9916 0.0008 0.0008 0.0021 
       MES18 11 0.0010 0.0018 0.0009 0.0011 0.9916 0.0007 0.0008 0.0020 
       MES19 11 0.0010 0.0018 0.0008 0.0011 0.9918 0.0008 0.0008 0.0020 
       MES20 11 0.0010 0.0017 0.0008 0.0012 0.9920 0.0008 0.0007 0.0019 
       MES21 11 0.0010 0.0011 0.0008 0.0009 0.9934 0.0007 0.0007 0.0015 
       MES22 11 0.0010 0.0019 0.0008 0.0011 0.9917 0.0008 0.0008 0.0020 
       SAX01 11 0.0009 0.0014 0.0009 0.0009 0.9929 0.0007 0.0007 0.0016 
       SAX02 11 0.0010 0.0011 0.0008 0.0009 0.9935 0.0007 0.0007 0.0014 
       SAX03 11 0.0009 0.0017 0.0014 0.0036 0.9885 0.0009 0.0007 0.0023 
       SAX04 11 0.0012 0.0288 0.0012 0.0682 0.8743 0.0024 0.0007 0.0232 
       SAX05 11 0.0010 0.0018 0.0009 0.0011 0.9915 0.0007 0.0007 0.0023 
       SAX06 11 0.0010 0.0019 0.0008 0.0011 0.9915 0.0007 0.0007 0.0023 
       SAX07 11 0.0009 0.0013 0.0008 0.0009 0.9933 0.0007 0.0007 0.0015 
       SAX08 11 0.0009 0.0116 0.0008 0.0259 0.9500 0.0017 0.0007 0.0083 
       SAX09 11 0.0009 0.0011 0.0008 0.0009 0.9935 0.0007 0.0007 0.0015 
       SAX10 11 0.0474 0.0018 0.0009 0.0041 0.9300 0.0012 0.0007 0.0140 
       SAX11 11 0.0010 0.0019 0.0008 0.0387 0.9539 0.0008 0.0007 0.0023 
       SAX12 11 0.0009 0.0011 0.0008 0.0008 0.9935 0.0007 0.0007 0.0015 
       SAX13 11 0.0008 0.0012 0.0008 0.0009 0.9936 0.0007 0.0006 0.0014 
       SAX14 11 0.0009 0.0020 0.0008 0.0012 0.9918 0.0007 0.0007 0.0019 
       SAX15 11 0.0010 0.0074 0.0008 0.0104 0.9480 0.0048 0.0007 0.0270 
       SAX16 11 0.0009 0.0014 0.0008 0.0009 0.9929 0.0007 0.0007 0.0016 
       SAX17 11 0.0009 0.0013 0.0008 0.0009 0.9933 0.0007 0.0007 0.0015 
       SAX18 11 0.0009 0.0013 0.0009 0.0009 0.9932 0.0007 0.0007 0.0015 
       SAX19 11 0.0019 0.0072 0.0009 0.0014 0.9849 0.0015 0.0006 0.0017 
       IRP01 11 0.0009 0.0012 0.0008 0.0010 0.9934 0.0006 0.0007 0.0015 
       IRP02 11 0.0009 0.0011 0.0008 0.0012 0.9931 0.0006 0.0007 0.0016 
       IRP03 11 0.0009 0.0011 0.0008 0.0012 0.9930 0.0006 0.0007 0.0016 
       IRP04 11 0.0009 0.0011 0.0009 0.0012 0.9929 0.0007 0.0007 0.0017 
       IRP05 11 0.0009 0.0011 0.0008 0.0012 0.9929 0.0007 0.0007 0.0017 
       IRP06 11 0.0009 0.0011 0.0008 0.0010 0.9933 0.0007 0.0007 0.0015 
       IRP07 11 0.0009 0.0011 0.0008 0.0011 0.9930 0.0007 0.0007 0.0016 
       IRP08 11 0.0009 0.0012 0.0008 0.0010 0.9933 0.0006 0.0007 0.0015 
       IRP09 11 0.0009 0.0011 0.0009 0.0012 0.9929 0.0007 0.0007 0.0016 
       IRP10 11 0.0009 0.0011 0.0008 0.0010 0.9934 0.0006 0.0007 0.0015 
       IRP11 11 0.0009 0.0012 0.0008 0.0009 0.9933 0.0006 0.0007 0.0015 
       IRP12 11 0.0009 0.0011 0.0008 0.0010 0.9934 0.0007 0.0007 0.0015 
       IRP13 11 0.0009 0.0011 0.0008 0.0010 0.9933 0.0007 0.0007 0.0015 
       IRP14 11 0.0009 0.0011 0.0008 0.0012 0.9929 0.0007 0.0007 0.0017 
       IRP15 11 0.0009 0.0011 0.0008 0.0012 0.9929 0.0006 0.0007 0.0016 
       IRP16 11 0.0014 0.0046 0.0015 0.0030 0.0035 0.0012 0.0008 0.9841 
     IRP16-2 11 0.0014 0.0048 0.0014 0.0028 0.0034 0.0011 0.0008 0.9841 
       IRP17 11 0.0009 0.0011 0.0008 0.0012 0.9930 0.0006 0.0007 0.0017 
       MRT01 11 0.0009 0.0013 0.0008 0.0010 0.9932 0.0006 0.0007 0.0016 
       MRT02 11 0.0009 0.0012 0.0008 0.0009 0.9932 0.0007 0.0007 0.0016 
       MRT03 11 0.0008 0.0012 0.0008 0.0009 0.9934 0.0007 0.0007 0.0016 
       MRT04 11 0.0009 0.0013 0.0008 0.0010 0.9931 0.0007 0.0007 0.0015 
       MRT05 11 0.0009 0.0013 0.0008 0.0010 0.9931 0.0007 0.0007 0.0015 
       MRT06 11 0.0009 0.0012 0.0008 0.0010 0.9933 0.0007 0.0007 0.0016 
       MRT07 11 0.0009 0.0011 0.0008 0.0009 0.9933 0.0007 0.0007 0.0016 
       MRT08 11 0.0008 0.0017 0.0008 0.0018 0.9919 0.0007 0.0007 0.0016 
       MRT09 11 0.0010 0.0012 0.0008 0.0009 0.9932 0.0007 0.0007 0.0015 
       MRT10 11 0.0009 0.0011 0.0008 0.0009 0.9934 0.0006 0.0007 0.0015 
       MRT11 11 0.0010 0.0011 0.0008 0.0009 0.9932 0.0006 0.0007 0.0016 
       MRT12 11 0.0008 0.0013 0.0008 0.0009 0.9933 0.0007 0.0007 0.0016 
       MRT13 11 0.0212 0.0083 0.0008 0.0041 0.9376 0.0007 0.0007 0.0267 
       MRT14 11 0.0009 0.0012 0.0008 0.0010 0.9932 0.0007 0.0007 0.0015 
       MRT15 11 0.0009 0.0012 0.0008 0.0010 0.9932 0.0006 0.0007 0.0016 
       MRT16 11 0.0008 0.0012 0.0008 0.0009 0.9934 0.0006 0.0006 0.0016 
       MRT17 11 0.0009 0.0012 0.0008 0.0009 0.9934 0.0006 0.0007 0.0016 
       MRT18 11 0.0009 0.0012 0.0008 0.0010 0.9932 0.0007 0.0008 0.0015 
       MRT19 11 0.0008 0.0013 0.0008 0.0010 0.9932 0.0007 0.0007 0.0015 
       MRT20 11 0.0009 0.0011 0.0008 0.0009 0.9934 0.0007 0.0007 0.0015 
       MRT21 11 0.0009 0.0013 0.0008 0.0010 0.9932 0.0007 0.0007 0.0015 
       MRT22 11 0.0009 0.0013 0.0008 0.0010 0.9932 0.0007 0.0007 0.0015 
       MRT23 11 0.0009 0.0012 0.0008 0.0010 0.9932 0.0006 0.0007 0.0015 
       MRT24 11 0.0010 0.0011 0.0008 0.0009 0.9934 0.0006 0.0007 0.0015 
       MRT25 11 0.0009 0.0012 0.0008 0.0009 0.9933 0.0007 0.0007 0.0014 
       MRT26 11 0.0009 0.0013 0.0008 0.0010 0.9931 0.0007 0.0007 0.0015 
       MRT27 11 0.0009 0.0012 0.0008 0.0010 0.9932 0.0007 0.0007 0.0015 
       MRT28 11 0.0009 0.0011 0.0008 0.0009 0.9934 0.0007 0.0007 0.0015 
       MRT29 11 0.0009 0.0013 0.0008 0.0010 0.9932 0.0007 0.0007 0.0015 
       MRT30 11 0.0008 0.0012 0.0008 0.0009 0.9935 0.0006 0.0006 0.0016 
       MRT31 11 0.0008 0.0013 0.0008 0.0009 0.9932 0.0007 0.0007 0.0016 
       MRT32 11 0.0009 0.0013 0.0008 0.0010 0.9931 0.0007 0.0007 0.0015 
       MRT33 11 0.0010 0.0015 0.0011 0.0019 0.9909 0.0008 0.0007 0.0021 
        LK01 10 0.0114 0.8524 0.0138 0.0171 0.0018 0.0011 0.0052 0.0971 
        LK02 10 0.0015 0.7598 0.0010 0.2291 0.0024 0.0018 0.0008 0.0036 
        LK05 10 0.0014 0.9862 0.0012 0.0043 0.0011 0.0010 0.0016 0.0031 
        LK06 10 0.0067 0.9467 0.0017 0.0195 0.0129 0.0019 0.0007 0.0098 
        LK07 10 0.0011 0.9728 0.0021 0.0014 0.0092 0.0031 0.0074 0.0029 
     LK07-01 10 0.0014 0.9863 0.0012 0.0044 0.0011 0.0010 0.0017 0.0029 
     LK07-02 10 0.0021 0.9647 0.0027 0.0034 0.0013 0.0016 0.0146 0.0098 
     LK07-03 10 0.0039 0.6648 0.0014 0.0017 0.0010 0.0024 0.0012 0.3236 
     LK07-04 10 0.0009 0.9528 0.0016 0.0367 0.0007 0.0015 0.0007 0.0051 
     LK07-05 10 0.0016 0.9855 0.0015 0.0014 0.0023 0.0011 0.0007 0.0058 
     LK07-06 10 0.0014 0.9773 0.0014 0.0023 0.0106 0.0028 0.0016 0.0024 
        LK08 10 0.0018 0.9802 0.0015 0.0048 0.0027 0.0012 0.0007 0.0070 
        LK09 10 0.0012 0.9705 0.0014 0.0192 0.0010 0.0024 0.0009 0.0034 
        LK11 10 0.0014 0.9712 0.0069 0.0019 0.0011 0.0100 0.0007 0.0068 
        LK12 10 0.0046 0.9862 0.0010 0.0016 0.0013 0.0015 0.0008 0.0030 
        LK13 10 0.0015 0.9533 0.0040 0.0030 0.0015 0.0084 0.0019 0.0264 
        LK14 10 0.0023 0.9867 0.0018 0.0018 0.0013 0.0014 0.0016 0.0030 
        LK15 10 0.0012 0.9906 0.0010 0.0015 0.0013 0.0013 0.0007 0.0024 
        LK16 10 0.0014 0.9873 0.0014 0.0021 0.0014 0.0012 0.0011 0.0041 
        LK17 10 0.0014 0.9885 0.0011 0.0020 0.0027 0.0010 0.0008 0.0025 
        LK18 10 0.0012 0.9837 0.0012 0.0029 0.0055 0.0010 0.0009 0.0038 
        LK19 10 0.0014 0.9768 0.0014 0.0025 0.0110 0.0029 0.0017 0.0024 
        LK20 10 0.0019 0.9858 0.0014 0.0038 0.0010 0.0012 0.0009 0.0041 
        LK21 10 0.0012 0.9269 0.0020 0.0600 0.0009 0.0029 0.0026 0.0035 
        LK22 10 0.0013 0.9825 0.0012 0.0083 0.0020 0.0010 0.0010 0.0027 
        LK23 10 0.0015 0.9871 0.0021 0.0020 0.0011 0.0015 0.0021 0.0025 
        LK24 10 0.0022 0.6063 0.0016 0.3774 0.0017 0.0027 0.0014 0.0065 
        LK25 10 0.0015 0.3248 0.0012 0.6466 0.0120 0.0012 0.0008 0.0120 
       LMC01 10 0.0048 0.4662 0.0011 0.1520 0.0011 0.0018 0.0008 0.3721 
       LMC02 10 0.0037 0.7652 0.0010 0.0066 0.0011 0.0008 0.0008 0.2208 
       LMC03 10 0.0017 0.8299 0.0009 0.0020 0.0064 0.0008 0.0008 0.1575 
       LMC04 10 0.0054 0.8619 0.0048 0.0048 0.0022 0.0162 0.0018 0.1029 
        UM01 10 0.0186 0.6932 0.0450 0.0033 0.0008 0.2289 0.0011 0.0092 
        UM02 10 0.1962 0.7134 0.0018 0.0141 0.0008 0.0070 0.0009 0.0657 
        UM03 10 0.1730 0.5958 0.0015 0.0012 0.0009 0.0013 0.0012 0.2252 
        UM04 10 0.0131 0.8298 0.0035 0.0230 0.0009 0.0057 0.0012 0.1227 
        UM05 10 0.0027 0.8205 0.0045 0.0120 0.0012 0.1337 0.0046 0.0208 
        UM06 10 0.0248 0.6336 0.1386 0.0941 0.0011 0.0189 0.0079 0.0810 
        UM07 10 0.0537 0.6231 0.0048 0.3022 0.0013 0.0102 0.0015 0.0033 
        UM08 10 0.0015 0.8158 0.1390 0.0272 0.0019 0.0039 0.0035 0.0071 
        UM09 10 0.0188 0.7623 0.1365 0.0019 0.0023 0.0730 0.0009 0.0043 
        UM10 10 0.0025 0.8174 0.0047 0.0117 0.0012 0.1347 0.0043 0.0235 
       PLT01 10 0.0078 0.7311 0.0015 0.2139 0.0326 0.0017 0.0010 0.0105 
       PLT02 10 0.0015 0.8500 0.1164 0.0057 0.0024 0.0084 0.0102 0.0053 
       PLT03 10 0.0013 0.6648 0.0011 0.3248 0.0031 0.0014 0.0009 0.0027 
        DC01 10 0.0012 0.5291 0.0032 0.4499 0.0014 0.0081 0.0045 0.0026 
        DC02 10 0.0070 0.0386 0.0027 0.9434 0.0014 0.0026 0.0023 0.0019 
        DC03 10 0.0015 0.5332 0.0020 0.3688 0.0011 0.0851 0.0014 0.0069 
        DC04 10 0.0018 0.2411 0.0546 0.6330 0.0048 0.0336 0.0271 0.0040 
        DC05 10 0.0014 0.8827 0.0055 0.0319 0.0065 0.0173 0.0008 0.0540 
        DC06 10 0.0024 0.3776 0.0069 0.5961 0.0013 0.0026 0.0098 0.0033 
        DC07 10 0.1643 0.0165 0.0046 0.7962 0.0013 0.0062 0.0087 0.0023 
        DC08 10 0.0009 0.6411 0.0016 0.3471 0.0013 0.0015 0.0013 0.0051 
        DC09 10 0.0015 0.7615 0.1981 0.0099 0.0037 0.0038 0.0189 0.0026 
        DC10 10 0.0087 0.0058 0.0122 0.8602 0.0015 0.0975 0.0109 0.0032 
        DC11 10 0.0065 0.0298 0.0048 0.9505 0.0014 0.0029 0.0022 0.0019 
        DC12 10 0.0013 0.9324 0.0063 0.0191 0.0013 0.0037 0.0275 0.0084 
        DC13 10 0.0011 0.5003 0.0021 0.4300 0.0567 0.0062 0.0012 0.0024 
        DC14 10 0.0018 0.2416 0.0605 0.6322 0.0046 0.0299 0.0252 0.0042 
        DC15 10 0.0025 0.2704 0.0060 0.6793 0.0012 0.0111 0.0195 0.0099 
        DC16 10 0.0295 0.1267 0.0056 0.7917 0.0275 0.0016 0.0152 0.0022 
        DC17 10 0.0043 0.9069 0.0022 0.0736 0.0025 0.0024 0.0024 0.0058 
        DC18 10 0.0011 0.0045 0.0018 0.9826 0.0018 0.0052 0.0009 0.0020 
        DC19 10 0.0097 0.4895 0.0013 0.4856 0.0013 0.0013 0.0094 0.0019 
        DC20 10 0.1155 0.0500 0.0012 0.7180 0.1089 0.0011 0.0009 0.0043 
        DC21 10 0.0015 0.9424 0.0064 0.0350 0.0009 0.0088 0.0012 0.0038 
        DC22 10 0.1101 0.0073 0.0252 0.7214 0.0011 0.1296 0.0022 0.0031 
        DC23 10 0.0060 0.1921 0.0025 0.7620 0.0019 0.0019 0.0012 0.0324 
        DC24 10 0.0011 0.0048 0.0019 0.9822 0.0019 0.0053 0.0009 0.0020 
        DC25 10 0.0023 0.5272 0.0016 0.4357 0.0010 0.0040 0.0012 0.0270 
        DC26 10 0.0012 0.9311 0.0060 0.0207 0.0012 0.0036 0.0277 0.0084 
        PC02 12 0.0014 0.0045 0.0014 0.0029 0.0034 0.0012 0.0008 0.9846 
        PC03 12 0.0014 0.0046 0.0015 0.0031 0.0035 0.0012 0.0008 0.9840 
        PC04 12 0.0015 0.0045 0.0014 0.0030 0.0033 0.0011 0.0008 0.9843 
        PC05 12 0.0014 0.0041 0.0015 0.0031 0.0033 0.0012 0.0008 0.9846 
        PC06 12 0.0014 0.0046 0.0014 0.0030 0.0033 0.0011 0.0008 0.9843 
        PC07 12 0.0018 0.7263 0.0011 0.0022 0.1022 0.0010 0.0010 0.1644 
        PC08 12 0.0015 0.0047 0.0015 0.0030 0.0034 0.0012 0.0008 0.9841 
        PC09 12 0.0014 0.0047 0.0014 0.0031 0.0036 0.0012 0.0008 0.9839 
        PC10 12 0.0016 0.0043 0.0014 0.0028 0.0032 0.0012 0.0008 0.9847 
        PC11 12 0.0014 0.0046 0.0014 0.0029 0.0035 0.0012 0.0008 0.9841 
        PC12 12 0.0014 0.0045 0.0015 0.0030 0.0033 0.0011 0.0008 0.9844 
        PC13 12 0.0014 0.0043 0.0014 0.0031 0.0034 0.0012 0.0008 0.9844 
        PC14 12 0.0014 0.0044 0.0015 0.0030 0.0034 0.0011 0.0008 0.9843 
        PC01 12 0.0014 0.0045 0.0014 0.0032 0.0034 0.0011 0.0008 0.9841 
      Nuke10 13 0.0010 0.0021 0.0009 0.9902 0.0019 0.0008 0.0009 0.0023 
      Nuke11 13 0.0010 0.0016 0.0009 0.9904 0.0025 0.0008 0.0009 0.0018 
      Nuke12 13 0.0027 0.0042 0.0010 0.9638 0.0017 0.0011 0.0011 0.0244 
      Nuke13 13 0.0010 0.0018 0.0010 0.9881 0.0028 0.0011 0.0009 0.0033 
      Nuke01 13 0.0019 0.0031 0.0010 0.9805 0.0051 0.0013 0.0007 0.0064 
      Nuke02 13 0.0026 0.0045 0.0010 0.9644 0.0016 0.0011 0.0010 0.0237 
      Nuke03 13 0.0012 0.0018 0.0009 0.9891 0.0032 0.0008 0.0009 0.0021 
      Nuke04 13 0.0009 0.0017 0.0010 0.9888 0.0017 0.0008 0.0008 0.0043 
      Nuke05 13 0.0013 0.0018 0.0009 0.9877 0.0027 0.0008 0.0009 0.0039 
      Nuke06 13 0.0016 0.0021 0.0009 0.9824 0.0073 0.0011 0.0009 0.0037 
      Nuke07 13 0.0013 0.0084 0.0012 0.9576 0.0038 0.0016 0.0010 0.0251 
      Nuke08 13 0.0011 0.0017 0.0009 0.9911 0.0011 0.0008 0.0009 0.0024 
      Nuke09 13 0.0011 0.0015 0.0009 0.9917 0.0011 0.0008 0.0010 0.0019 
       Rad01 13 0.0038 0.0025 0.0009 0.9878 0.0010 0.0010 0.0009 0.0021 
       Rad02 13 0.0012 0.0034 0.0011 0.8009 0.1884 0.0013 0.0010 0.0028 
       Rad03 13 0.0013 0.0020 0.0009 0.9843 0.0035 0.0011 0.0007 0.0062 
       Rad04 13 0.0020 0.0018 0.0009 0.9748 0.0147 0.0011 0.0008 0.0039 
       Rad05 13 0.0012 0.0016 0.0119 0.9778 0.0017 0.0010 0.0009 0.0038 
       Rad06 13 0.0023 0.0013 0.0009 0.9880 0.0013 0.0009 0.0008 0.0045 
       Rad07 13 0.0011 0.0016 0.0010 0.9911 0.0013 0.0008 0.0009 0.0023 
       Rad08 13 0.0051 0.0062 0.0010 0.8170 0.0151 0.0022 0.0010 0.1525 
       Rad09 13 0.0020 0.0019 0.0010 0.9855 0.0041 0.0009 0.0007 0.0040 
       Rad10 13 0.0016 0.0019 0.0009 0.9847 0.0055 0.0008 0.0009 0.0036 
       Rad11 13 0.0038 0.0047 0.0010 0.9724 0.0016 0.0012 0.0010 0.0143 
       Rad12 13 0.0014 0.0014 0.0008 0.9895 0.0027 0.0008 0.0008 0.0026 
       Rad13 13 0.0012 0.0016 0.0009 0.9914 0.0011 0.0008 0.0009 0.0021 
       Rad14 13 0.0021 0.0018 0.0009 0.9742 0.0149 0.0011 0.0008 0.0040 
       Rad15 13 0.0049 0.0057 0.0012 0.9016 0.0029 0.0014 0.0011 0.0813 
       Rad16 13 0.0011 0.0017 0.0009 0.9912 0.0011 0.0008 0.0009 0.0023 
       HTB16 14 0.0019 0.0151 0.0015 0.8777 0.0025 0.0020 0.0010 0.0982 
       HTB17 14 0.0013 0.0084 0.0017 0.8607 0.1205 0.0025 0.0010 0.0039 
       HTB18 14 0.1422 0.0050 0.0013 0.8238 0.0032 0.0010 0.0010 0.0225 
       HTB19 14 0.0011 0.1232 0.0021 0.8654 0.0011 0.0012 0.0011 0.0047 
       HTB20 14 0.0011 0.0027 0.0018 0.8660 0.1237 0.0010 0.0013 0.0024 
       HTB21 14 0.0193 0.0356 0.0251 0.8706 0.0027 0.0191 0.0039 0.0238 
       HTB22 14 0.0013 0.0934 0.0015 0.8950 0.0025 0.0015 0.0015 0.0035 
       HTB23 14 0.0022 0.5140 0.0031 0.4602 0.0039 0.0020 0.0011 0.0135 
       HTB11 14 0.0082 0.1510 0.0306 0.7812 0.0013 0.0131 0.0070 0.0076 
       HTB12 14 0.1107 0.0297 0.0018 0.7759 0.0010 0.0018 0.0715 0.0076 
       HTB13 14 0.1013 0.0293 0.0020 0.8190 0.0010 0.0037 0.0092 0.0345 
       HTB14 14 0.0017 0.5430 0.0023 0.3268 0.0026 0.1130 0.0016 0.0089 
       HTB15 14 0.0223 0.0040 0.0081 0.9469 0.0026 0.0083 0.0050 0.0030 
       Nel01 15 0.0015 0.0021 0.0013 0.9864 0.0006 0.0011 0.0009 0.0060 
       Nel02 15 0.0038 0.0020 0.0155 0.7920 0.0144 0.0778 0.0145 0.0800 
       Nel03 15 0.0015 0.0021 0.0014 0.9863 0.0006 0.0011 0.0009 0.0061 
       Nel04 15 0.0015 0.0020 0.0014 0.9864 0.0006 0.0012 0.0009 0.0061 
       Nel05 15 0.0047 0.0036 0.0012 0.9823 0.0008 0.0012 0.0007 0.0055 
       Nel06 15 0.0047 0.0036 0.0012 0.9826 0.0008 0.0012 0.0007 0.0054 
       Nel07 15 0.0049 0.0039 0.0012 0.9821 0.0008 0.0012 0.0007 0.0053 
       Nel08 15 0.0011 0.0116 0.0066 0.9628 0.0008 0.0093 0.0012 0.0065 
       Nel09 15 0.0048 0.0037 0.0012 0.9826 0.0008 0.0012 0.0007 0.0052 
       Nel10 15 0.0220 0.0136 0.0032 0.9488 0.0011 0.0034 0.0006 0.0073 
       Nel11 15 0.0016 0.0020 0.0014 0.9865 0.0006 0.0011 0.0009 0.0059 
       Nel12 15 0.0047 0.0038 0.0012 0.9824 0.0008 0.0012 0.0006 0.0053 
       Nel13 15 0.0020 0.0018 0.0010 0.9885 0.0006 0.0010 0.0011 0.0040 
       Nel14 15 0.0046 0.0038 0.0012 0.9823 0.0008 0.0012 0.0007 0.0055 
         EI1 16 0.0012 0.0030 0.0014 0.0019 0.0015 0.0010 0.0027 0.9874 
        EI10 16 0.0010 0.0026 0.0013 0.0018 0.0014 0.0010 0.0012 0.9897 
        EI11 16 0.0011 0.0030 0.0013 0.0042 0.0013 0.0009 0.0020 0.9862 
        EI12 16 0.0012 0.0026 0.0015 0.0033 0.0015 0.0008 0.0056 0.9834 
         EI2 16 0.0010 0.0738 0.0010 0.0017 0.0013 0.0010 0.0009 0.9193 
         EI3 16 0.0012 0.0027 0.0015 0.0033 0.0014 0.0008 0.0056 0.9834 
         EI4 16 0.0011 0.0032 0.0013 0.0043 0.0014 0.0009 0.0019 0.9860 
         EI5 16 0.0012 0.0025 0.0017 0.0026 0.0015 0.0009 0.0050 0.9845 
         EI6 16 0.0011 0.0025 0.0013 0.0018 0.0013 0.0009 0.0012 0.9899 
         EI7 16 0.0010 0.1018 0.0083 0.0021 0.0011 0.0012 0.0020 0.8824 
         EI8 16 0.0012 0.0040 0.0139 0.0024 0.0013 0.0017 0.0560 0.9194 
         EI9 16 0.0012 0.0035 0.0013 0.0035 0.0014 0.0010 0.0027 0.9856 
        OL01 17 0.0011 0.0017 0.0010 0.0010 0.0014 0.0007 0.0008 0.9922 
        OL02 17 0.0174 0.0461 0.0013 0.0023 0.0027 0.0018 0.0012 0.9271 
        OL03 17 0.0011 0.0016 0.0010 0.0010 0.0014 0.0007 0.0008 0.9924 
        OL04 17 0.0011 0.0017 0.0010 0.0010 0.0014 0.0007 0.0008 0.9922 
        OL06 17 0.0012 0.0017 0.0010 0.0011 0.0014 0.0007 0.0008 0.9922 
       OSP01 17 0.0011 0.0016 0.0010 0.0010 0.0014 0.0007 0.0008 0.9923 
       OSP02 17 0.0011 0.0017 0.0010 0.0010 0.0014 0.0007 0.0008 0.9923 
       OSP03 17 0.0011 0.0016 0.0010 0.0010 0.0014 0.0007 0.0008 0.9923 
       OSP04 17 0.0011 0.0017 0.0010 0.0010 0.0014 0.0007 0.0009 0.9922 
       OSP05 17 0.0011 0.0016 0.0010 0.0010 0.0014 0.0007 0.0008 0.9922 
       OSP06 17 0.0011 0.0016 0.0010 0.0010 0.0014 0.0007 0.0008 0.9923 
       OSP07 17 0.0011 0.0017 0.0010 0.0010 0.0014 0.0007 0.0008 0.9923 
       OSP10 17 0.0011 0.0016 0.0009 0.0010 0.0015 0.0007 0.0008 0.9923 
       OSP11 17 0.0012 0.0017 0.0010 0.0010 0.0013 0.0007 0.0008 0.9923 
       OSP12 17 0.0011 0.0016 0.0010 0.0010 0.0014 0.0007 0.0008 0.9925 
       OSP13 17 0.0012 0.0016 0.0010 0.0010 0.0014 0.0007 0.0008 0.9923 
       OSP14 17 0.0011 0.0016 0.0010 0.0010 0.0014 0.0007 0.0008 0.9924 
        OY02 17 0.0044 0.0021 0.0016 0.0031 0.0021 0.0017 0.0016 0.9834 
        OY04 17 0.0018 0.0024 0.0015 0.0030 0.0024 0.0015 0.0014 0.9859 
        OY05 17 0.0025 0.2235 0.0029 0.0021 0.0011 0.0056 0.0022 0.7600 
        OY06 17 0.0012 0.2903 0.0019 0.0013 0.0009 0.0054 0.0014 0.6977 
        OY07 17 0.0843 0.0020 0.0031 0.0078 0.0042 0.0027 0.0085 0.8874 
        OY08 17 0.0819 0.0019 0.0031 0.0072 0.0045 0.0029 0.0083 0.8901 
        OY10 17 0.0115 0.0725 0.0080 0.0020 0.0188 0.0114 0.0010 0.8748 
        OY12 17 0.0013 0.0054 0.0049 0.0013 0.0020 0.0035 0.0009 0.9808 
        OY15 17 0.0017 0.2107 0.0020 0.0015 0.0009 0.0080 0.0015 0.7738 
        OY16 17 0.0079 0.0162 0.0792 0.0037 0.0012 0.4132 0.0010 0.4775 
        OY20 17 0.0068 0.0792 0.0053 0.0053 0.0026 0.0120 0.0013 0.8875 
        OY26 17 0.0009 0.0375 0.0036 0.0017 0.0027 0.0017 0.0009 0.9509 
        OY27 17 0.0021 0.3615 0.0017 0.0016 0.0012 0.0045 0.0011 0.6262 
       RHL02 17 0.0071 0.4656 0.0011 0.0022 0.0058 0.0010 0.0007 0.5166 
       RHL03 17 0.0051 0.5200 0.0011 0.0018 0.0086 0.0010 0.0007 0.4618 
       RHL05 17 0.0053 0.5201 0.0011 0.0018 0.0089 0.0010 0.0007 0.4613 
       RHL06 17 0.0069 0.4726 0.0011 0.0025 0.0047 0.0010 0.0007 0.5104 
       RHL07 17 0.0040 0.5314 0.0011 0.0016 0.0069 0.0009 0.0007 0.4534 
       RHL09 17 0.0054 0.5200 0.0011 0.0018 0.0087 0.0010 0.0007 0.4614 
       RHL11 17 0.0041 0.5304 0.0011 0.0015 0.0067 0.0009 0.0007 0.4546 
       RHL12 17 0.0034 0.4033 0.0011 0.0024 0.0042 0.0010 0.0007 0.5839 
       RHL13 17 0.0055 0.5196 0.0011 0.0018 0.0093 0.0010 0.0007 0.4610 
       RHL14 17 0.0054 0.5195 0.0011 0.0018 0.0094 0.0010 0.0007 0.4611 
       MOON1 17 0.0013 0.3508 0.0010 0.0113 0.0029 0.0142 0.0009 0.6177 
       Cre01 17 0.0010 0.0015 0.0009 0.0012 0.0008 0.0008 0.0007 0.9932 
       Cre02 17 0.0011 0.0016 0.0008 0.0012 0.0008 0.0007 0.0007 0.9929 
       Cre03 17 0.0011 0.0016 0.0008 0.0013 0.0008 0.0007 0.0007 0.9929 
       Cre04 17 0.0010 0.0016 0.0008 0.0013 0.0008 0.0008 0.0007 0.9929 
       Cre05 17 0.0011 0.0016 0.0009 0.0013 0.0008 0.0008 0.0007 0.9928 
       Cre06 17 0.0012 0.0017 0.0009 0.0012 0.0008 0.0007 0.0007 0.9928 
       Cre07 17 0.0011 0.0015 0.0008 0.0012 0.0009 0.0007 0.0007 0.9930 
       Cre08 17 0.0014 0.0019 0.0008 0.0013 0.0031 0.0007 0.0007 0.9901 
       Cre09 17 0.0012 0.0016 0.0008 0.0012 0.0008 0.0007 0.0007 0.9929 
       Cre10 17 0.0010 0.0015 0.0008 0.0015 0.0008 0.0007 0.0007 0.9930 
       Cre11 17 0.0011 0.0015 0.0008 0.0012 0.0008 0.0008 0.0007 0.9930 
       SSN31 17 0.0010 0.0017 0.0008 0.0018 0.0029 0.0008 0.0006 0.9903 
       SSN32 17 0.0013 0.0017 0.0008 0.0012 0.0008 0.0007 0.0007 0.9928 
       SSN33 17 0.0009 0.0014 0.0008 0.0017 0.0026 0.0008 0.0006 0.9911 
       SSN34 17 0.0012 0.0017 0.0008 0.0013 0.0008 0.0008 0.0007 0.9927 
       SSN35 17 0.0012 0.0016 0.0008 0.0013 0.0009 0.0007 0.0007 0.9928 
       SSN36 17 0.0011 0.0016 0.0008 0.0012 0.0008 0.0007 0.0007 0.9930 
       SSN38 17 0.0108 0.1733 0.0010 0.1922 0.0011 0.0019 0.0008 0.6189 
       SSN39 17 0.0010 0.0016 0.0008 0.0012 0.0008 0.0007 0.0007 0.9933 
       SSN40 17 0.0010 0.0014 0.0008 0.0805 0.0021 0.0032 0.0006 0.9105 
       SSN41 17 0.0010 0.0017 0.0008 0.0012 0.0008 0.0008 0.0007 0.9931 
       BCV44 17 0.0016 0.0015 0.0009 0.0014 0.0015 0.0008 0.0007 0.9916 
       BCV45 17 0.0017 0.0014 0.0008 0.0014 0.0015 0.0008 0.0007 0.9918 
       BCV46 17 0.0017 0.0014 0.0009 0.0015 0.0014 0.0008 0.0007 0.9916 
       BCV47 17 0.0016 0.0013 0.0009 0.0014 0.0015 0.0008 0.0007 0.9919 
       BCV48 17 0.0017 0.0014 0.0009 0.0015 0.0015 0.0008 0.0007 0.9917 
       BCV49 17 0.0017 0.0014 0.0008 0.0015 0.0015 0.0008 0.0007 0.9917 
       BCV50 17 0.0016 0.0014 0.0008 0.0015 0.0014 0.0008 0.0007 0.9917 
       BCV51 17 0.0016 0.0014 0.0008 0.0015 0.0014 0.0008 0.0007 0.9918 
       BCV52 17 0.0016 0.0013 0.0009 0.0013 0.0014 0.0008 0.0007 0.9920 
       BCV53 17 0.0017 0.0014 0.0008 0.0014 0.0014 0.0008 0.0007 0.9918 
      SSBC01 17 0.0016 0.0014 0.0009 0.0014 0.0015 0.0008 0.0007 0.9918 
      SSBC02 17 0.0016 0.0013 0.0009 0.0015 0.0015 0.0008 0.0007 0.9917 
      SSBC03 17 0.0016 0.0014 0.0009 0.0014 0.0014 0.0008 0.0007 0.9918 
      SSBC04 17 0.0018 0.0014 0.0009 0.0015 0.0015 0.0008 0.0007 0.9916 
      SSBC05 17 0.0017 0.0014 0.0008 0.0014 0.0014 0.0008 0.0007 0.9918 
      SSBC06 17 0.0017 0.0016 0.0009 0.0015 0.0013 0.0008 0.0007 0.9915 
      SSBC07 17 0.0017 0.0013 0.0009 0.0015 0.0014 0.0008 0.0007 0.9917 
       LCV01 17 0.0018 0.0035 0.0012 0.0012 0.0008 0.0010 0.0007 0.9898 
       LCV02 17 0.0018 0.0036 0.0012 0.0012 0.0008 0.0010 0.0007 0.9897 
