        TC01  1 0.0038 0.9734 0.0007 0.0011 0.0017 0.0037 0.0028 0.0128 
        TC02  1 0.0012 0.9842 0.0010 0.0012 0.0013 0.0049 0.0036 0.0027 
        TC03  1 0.0018 0.9866 0.0007 0.0016 0.0012 0.0030 0.0032 0.0020 
        TC04  1 0.0150 0.8335 0.0022 0.0015 0.0009 0.0467 0.0980 0.0023 
        TC05  1 0.0008 0.9841 0.0006 0.0011 0.0006 0.0081 0.0036 0.0011 
        TC06  1 0.0022 0.8917 0.0018 0.0010 0.0023 0.0071 0.0925 0.0015 
        TC07  1 0.0009 0.9834 0.0004 0.0025 0.0007 0.0043 0.0054 0.0023 
        TC08  1 0.0006 0.9861 0.0026 0.0014 0.0006 0.0034 0.0036 0.0016 
        TC09  1 0.0010 0.8812 0.0720 0.0011 0.0183 0.0029 0.0223 0.0010 
        TC10  1 0.0007 0.9257 0.0005 0.0026 0.0547 0.0027 0.0055 0.0075 
        TC11  1 0.0010 0.9902 0.0007 0.0010 0.0010 0.0018 0.0016 0.0028 
        TC12  1 0.0035 0.9465 0.0008 0.0023 0.0008 0.0166 0.0151 0.0144 
        TC13  1 0.0007 0.9878 0.0014 0.0008 0.0026 0.0022 0.0031 0.0014 
        TC14  1 0.0033 0.8872 0.0011 0.0032 0.0127 0.0050 0.0843 0.0033 
        TC15  1 0.0018 0.9335 0.0049 0.0018 0.0068 0.0072 0.0423 0.0017 
        TC16  1 0.0019 0.8485 0.0727 0.0025 0.0217 0.0093 0.0419 0.0016 
        TC17  1 0.0035 0.8440 0.0010 0.0075 0.0514 0.0282 0.0567 0.0077 
        TC18  1 0.0255 0.9432 0.0009 0.0042 0.0017 0.0094 0.0038 0.0114 
        TC19  1 0.0007 0.9787 0.0047 0.0009 0.0086 0.0020 0.0027 0.0016 
        TC20  1 0.0025 0.9846 0.0017 0.0011 0.0028 0.0023 0.0035 0.0015 
        TC21  1 0.0124 0.7991 0.0020 0.0041 0.0007 0.1737 0.0038 0.0043 
        TC22  1 0.0011 0.9726 0.0024 0.0014 0.0005 0.0105 0.0046 0.0069 
        TC23  1 0.0011 0.9868 0.0006 0.0013 0.0012 0.0024 0.0039 0.0026 
        TC24  1 0.0005 0.9911 0.0008 0.0013 0.0019 0.0015 0.0019 0.0010 
        TC25  1 0.0264 0.9000 0.0016 0.0043 0.0076 0.0054 0.0463 0.0083 
        TC26  1 0.0008 0.9607 0.0008 0.0012 0.0238 0.0038 0.0079 0.0011 
        TC27  1 0.0011 0.9780 0.0006 0.0016 0.0010 0.0042 0.0074 0.0060 
        TC28  1 0.0027 0.9536 0.0005 0.0022 0.0019 0.0085 0.0286 0.0020 
        TC29  1 0.0031 0.9322 0.0006 0.0025 0.0021 0.0065 0.0510 0.0020 
        TC30  1 0.0008 0.9844 0.0023 0.0011 0.0020 0.0024 0.0053 0.0016 
        TC31  1 0.0074 0.9697 0.0017 0.0022 0.0009 0.0045 0.0021 0.0114 
        TC32  1 0.0012 0.8569 0.0016 0.0013 0.0032 0.0525 0.0815 0.0016 
        TC33  1 0.0011 0.9852 0.0006 0.0024 0.0013 0.0030 0.0031 0.0033 
        TC34  1 0.0009 0.9279 0.0011 0.0043 0.0077 0.0045 0.0492 0.0043 
        TC35  1 0.0026 0.9446 0.0018 0.0010 0.0020 0.0058 0.0132 0.0288 
        TC36  1 0.0010 0.9857 0.0011 0.0013 0.0015 0.0041 0.0036 0.0018 
        TC37  1 0.0011 0.9890 0.0006 0.0015 0.0008 0.0035 0.0016 0.0018 
        TC38  1 0.0195 0.9106 0.0181 0.0014 0.0092 0.0049 0.0343 0.0020 
        TC39  1 0.0017 0.8661 0.0010 0.0012 0.0471 0.0035 0.0781 0.0014 
        TC40  1 0.0014 0.9512 0.0010 0.0081 0.0044 0.0045 0.0272 0.0022 
        TC41  1 0.0009 0.9885 0.0006 0.0012 0.0010 0.0034 0.0021 0.0023 
        TC42  1 0.0006 0.9854 0.0008 0.0010 0.0012 0.0022 0.0074 0.0013 
        TC43  1 0.0012 0.9845 0.0007 0.0012 0.0007 0.0025 0.0076 0.0015 
        TC44  1 0.0010 0.9611 0.0102 0.0012 0.0051 0.0034 0.0130 0.0050 
        TC45  1 0.0045 0.9825 0.0005 0.0007 0.0053 0.0034 0.0018 0.0012 
        TC46  1 0.0035 0.9804 0.0006 0.0018 0.0022 0.0065 0.0024 0.0026 
        TC47  1 0.0012 0.9751 0.0046 0.0012 0.0051 0.0031 0.0060 0.0038 
        TC48  1 0.0058 0.9583 0.0006 0.0096 0.0034 0.0138 0.0055 0.0030 
        TC49  1 0.0011 0.9851 0.0005 0.0011 0.0014 0.0057 0.0028 0.0023 
        TC50  1 0.0020 0.9819 0.0013 0.0027 0.0010 0.0048 0.0024 0.0039 
        TC51  1 0.0014 0.9685 0.0055 0.0013 0.0011 0.0041 0.0143 0.0040 
        TC52  1 0.0037 0.9806 0.0010 0.0043 0.0016 0.0043 0.0035 0.0010 
        TC53  1 0.0006 0.9808 0.0010 0.0011 0.0013 0.0037 0.0083 0.0033 
        TC54  1 0.0016 0.9673 0.0010 0.0062 0.0024 0.0081 0.0104 0.0030 
        TC55  1 0.0023 0.9494 0.0006 0.0026 0.0179 0.0106 0.0144 0.0022 
        TC56  1 0.0068 0.9588 0.0005 0.0056 0.0008 0.0051 0.0182 0.0041 
        TC57  1 0.0012 0.9758 0.0009 0.0026 0.0038 0.0074 0.0028 0.0054 
        TC58  1 0.0010 0.9779 0.0011 0.0009 0.0053 0.0044 0.0031 0.0063 
        TC59  1 0.0006 0.9901 0.0006 0.0010 0.0010 0.0022 0.0028 0.0017 
        TA01  2 0.0007 0.9776 0.0039 0.0011 0.0053 0.0030 0.0067 0.0019 
        TA02  2 0.0009 0.9866 0.0008 0.0030 0.0010 0.0032 0.0034 0.0011 
        TA03  2 0.0010 0.9786 0.0027 0.0020 0.0022 0.0037 0.0061 0.0037 
        TA04  2 0.0008 0.5777 0.0716 0.0012 0.0016 0.0030 0.3422 0.0020 
        TA05  2 0.0012 0.9874 0.0017 0.0013 0.0010 0.0031 0.0024 0.0018 
        TA06  2 0.0007 0.9826 0.0021 0.0010 0.0040 0.0018 0.0059 0.0019 
        TA07  2 0.0010 0.9679 0.0030 0.0021 0.0025 0.0055 0.0154 0.0027 
        TA08  2 0.0014 0.9695 0.0020 0.0012 0.0022 0.0019 0.0172 0.0046 
        TA09  2 0.0006 0.9845 0.0017 0.0012 0.0018 0.0020 0.0068 0.0013 
        TA10  2 0.0009 0.9402 0.0012 0.0011 0.0023 0.0066 0.0055 0.0421 
        TA11  2 0.0026 0.8973 0.0070 0.0017 0.0459 0.0058 0.0053 0.0345 
        TA12  2 0.0008 0.9568 0.0008 0.0013 0.0014 0.0213 0.0028 0.0147 
        TA13  2 0.0011 0.8532 0.0146 0.0024 0.0008 0.0817 0.0321 0.0141 
        TA14  2 0.0006 0.9818 0.0010 0.0017 0.0020 0.0023 0.0097 0.0010 
        TA15  2 0.0005 0.9837 0.0007 0.0011 0.0008 0.0027 0.0092 0.0014 
        TA16  2 0.0007 0.9428 0.0072 0.0010 0.0031 0.0055 0.0225 0.0172 
        TA17  2 0.0007 0.9832 0.0007 0.0022 0.0010 0.0048 0.0043 0.0030 
        TA18  2 0.0007 0.9753 0.0013 0.0025 0.0006 0.0135 0.0025 0.0036 
        TA19  2 0.0008 0.9069 0.0214 0.0014 0.0014 0.0090 0.0103 0.0488 
        TA20  2 0.0011 0.9760 0.0006 0.0090 0.0037 0.0042 0.0037 0.0016 
        TA21  2 0.0012 0.9492 0.0012 0.0024 0.0279 0.0047 0.0114 0.0020 
        TA22  2 0.0007 0.9761 0.0006 0.0022 0.0008 0.0026 0.0158 0.0011 
        TA23  2 0.0007 0.9661 0.0010 0.0011 0.0013 0.0020 0.0266 0.0013 
        TA24  2 0.0008 0.9844 0.0013 0.0013 0.0008 0.0058 0.0029 0.0027 
        TA25  2 0.0008 0.8355 0.0012 0.0008 0.0011 0.0063 0.0048 0.1496 
        TA26  2 0.0032 0.9177 0.0041 0.0015 0.0407 0.0035 0.0257 0.0037 
        TA27  2 0.0006 0.9842 0.0014 0.0019 0.0012 0.0050 0.0036 0.0022 
        TA28  2 0.0066 0.9606 0.0017 0.0119 0.0024 0.0112 0.0042 0.0013 
        TA29  2 0.0008 0.9751 0.0009 0.0010 0.0012 0.0031 0.0149 0.0030 
        TA30  2 0.0013 0.7408 0.0968 0.0025 0.1335 0.0050 0.0163 0.0038 
      BERM01  3 0.0006 0.0012 0.0468 0.0009 0.0013 0.0019 0.9463 0.0012 
      BERM02  3 0.0007 0.0016 0.0026 0.0009 0.0016 0.0020 0.9897 0.0009 
      BERM03  3 0.0007 0.0010 0.0007 0.0009 0.0019 0.0022 0.9912 0.0014 
      BERM04  3 0.0008 0.0008 0.0022 0.0008 0.0034 0.0016 0.9886 0.0018 
      BERM05  3 0.0010 0.0008 0.0015 0.0013 0.0012 0.0022 0.9903 0.0017 
      BERM06  3 0.0008 0.0011 0.0028 0.0007 0.0134 0.0021 0.9778 0.0011 
      BERM07  3 0.0007 0.0015 0.0050 0.0008 0.0018 0.0021 0.9855 0.0026 
      BERM08  3 0.0008 0.0012 0.0032 0.0006 0.0008 0.0015 0.9908 0.0011 
      BERM09  3 0.0005 0.0025 0.0531 0.0007 0.0012 0.0018 0.9389 0.0013 
      BERM10  3 0.0014 0.0021 0.0051 0.0009 0.0101 0.0035 0.9747 0.0023 
      BERM11  3 0.0008 0.0012 0.0012 0.0008 0.0016 0.0016 0.9916 0.0012 
      BERM12  3 0.0157 0.0032 0.0006 0.0029 0.0016 0.0016 0.9655 0.0089 
      BERM13  3 0.0006 0.0011 0.0029 0.0008 0.0006 0.0028 0.9894 0.0018 
      BERM14  3 0.0006 0.0018 0.0020 0.0010 0.0132 0.0017 0.9781 0.0015 
      CROC01  3 0.0011 0.0015 0.0024 0.0065 0.0009 0.0064 0.9762 0.0050 
      CROC02  3 0.0015 0.0013 0.0009 0.0011 0.0034 0.0044 0.9856 0.0017 
      CROC03  3 0.0016 0.0013 0.0012 0.0011 0.0026 0.0024 0.9879 0.0019 
      CROC04  3 0.0006 0.0901 0.0016 0.0027 0.0007 0.0062 0.8965 0.0015 
      CROC05  3 0.0007 0.0009 0.0015 0.0009 0.0039 0.0026 0.9881 0.0013 
      CROC06  3 0.0013 0.0063 0.0034 0.0106 0.0027 0.0120 0.9340 0.0298 
      CROC07  3 0.0007 0.0016 0.0011 0.0010 0.0016 0.0023 0.9904 0.0013 
      CROC08  3 0.0021 0.0014 0.0014 0.0213 0.0014 0.0023 0.9677 0.0024 
      CROC09  3 0.0009 0.0009 0.0475 0.0024 0.0039 0.0026 0.9408 0.0010 
      CROC10  3 0.0008 0.0010 0.0558 0.0007 0.0012 0.0020 0.9371 0.0014 
      CROC11  3 0.0009 0.0009 0.0475 0.0025 0.0035 0.0025 0.9412 0.0010 
     CROC110  3 0.0006 0.0021 0.0032 0.0018 0.0032 0.0111 0.9764 0.0014 
     CROC116  3 0.0019 0.0027 0.0010 0.0034 0.0092 0.0046 0.9753 0.0018 
      CROC12  3 0.0007 0.0016 0.0033 0.0008 0.0018 0.0029 0.9878 0.0011 
     CROC123  3 0.0007 0.0013 0.0024 0.0007 0.0043 0.0015 0.9882 0.0008 
      CROC13  3 0.0020 0.0010 0.0009 0.0008 0.0047 0.0020 0.9863 0.0022 
      CROC14  3 0.0030 0.0039 0.0014 0.0029 0.0064 0.0242 0.9058 0.0524 
      CROC15  3 0.0048 0.0030 0.0011 0.0880 0.0015 0.0212 0.8751 0.0053 
      CROC16  3 0.0052 0.0009 0.0285 0.0020 0.0062 0.0038 0.9515 0.0020 
      CROC17  3 0.0008 0.0680 0.0011 0.0006 0.0012 0.0048 0.9226 0.0010 
      CROC18  3 0.0111 0.0034 0.0010 0.0010 0.0017 0.0145 0.9657 0.0017 
      CROC19  3 0.0009 0.0021 0.0014 0.0011 0.0007 0.0040 0.9873 0.0025 
     CROC198  3 0.0007 0.0011 0.0083 0.0010 0.0060 0.0021 0.9783 0.0026 
      CROC20  3 0.0011 0.0009 0.0018 0.0014 0.0018 0.0033 0.9879 0.0017 
     CROC202  3 0.0039 0.0013 0.0014 0.0011 0.0058 0.0023 0.9813 0.0030 
      CROC21  3 0.0008 0.0013 0.0046 0.0009 0.0009 0.0027 0.9873 0.0015 
     CROC216  3 0.0014 0.0063 0.0016 0.0083 0.0009 0.0069 0.9733 0.0014 
      CROC22  3 0.0010 0.0041 0.0017 0.0008 0.0132 0.0097 0.9453 0.0242 
      CROC23  3 0.0009 0.0043 0.0365 0.0010 0.0007 0.0024 0.9529 0.0013 
      CROC24  3 0.0017 0.0014 0.0073 0.0012 0.0072 0.0022 0.9777 0.0012 
      CROC25  3 0.0006 0.0011 0.0012 0.0009 0.0029 0.0017 0.9904 0.0013 
     CROC259  3 0.0011 0.0111 0.0016 0.0009 0.0011 0.0022 0.9763 0.0056 
      CROC26  3 0.0009 0.0619 0.0024 0.0013 0.0018 0.0018 0.9276 0.0023 
      CROC27  3 0.0009 0.0022 0.0040 0.0027 0.0027 0.0027 0.9831 0.0016 
      CROC28  3 0.0006 0.0076 0.0116 0.0010 0.1211 0.0017 0.8553 0.0011 
      CROC29  3 0.0008 0.0012 0.0007 0.0015 0.0014 0.0021 0.9909 0.0012 
      CROC30  3 0.0011 0.0021 0.0030 0.0017 0.0018 0.0059 0.9828 0.0015 
      CROC31  3 0.0008 0.0028 0.0104 0.0016 0.0024 0.0041 0.9760 0.0018 
      CROC32  3 0.0007 0.0012 0.0015 0.0007 0.0104 0.0021 0.9819 0.0015 
      CROC33  3 0.0007 0.0037 0.0008 0.0228 0.0008 0.0047 0.9655 0.0011 
      CROC34  3 0.0008 0.0014 0.0009 0.0011 0.0008 0.0021 0.9911 0.0018 
      CROC35  3 0.0011 0.0056 0.0014 0.0006 0.0011 0.0063 0.9830 0.0009 
      CROC36  3 0.0008 0.0009 0.0312 0.0008 0.0031 0.0017 0.9603 0.0012 
      CROC57  3 0.0008 0.0008 0.0011 0.0011 0.0010 0.0020 0.9914 0.0018 
      CROC81  3 0.0043 0.0013 0.0014 0.0026 0.0031 0.0032 0.9829 0.0014 
      CROC84  3 0.0038 0.0021 0.0037 0.0016 0.0019 0.0013 0.9830 0.0025 
        FW01  3 0.0007 0.0007 0.0005 0.0007 0.9935 0.0014 0.0014 0.0011 
        FW02  3 0.0005 0.0006 0.9949 0.0005 0.0005 0.0011 0.0011 0.0008 
        FW03  3 0.0006 0.0006 0.0005 0.0006 0.9946 0.0012 0.0011 0.0009 
        FW04  3 0.0005 0.0005 0.9949 0.0005 0.0006 0.0011 0.0011 0.0008 
        FW05  3 0.0005 0.0005 0.9949 0.0005 0.0006 0.0011 0.0011 0.0008 
        FW06  3 0.0005 0.0006 0.9948 0.0005 0.0006 0.0011 0.0011 0.0008 
        FW07  3 0.0005 0.0006 0.0006 0.0006 0.9946 0.0012 0.0011 0.0008 
        FW08  3 0.0005 0.0006 0.9949 0.0005 0.0006 0.0011 0.0011 0.0008 
        FW09  3 0.0005 0.0005 0.9949 0.0005 0.0006 0.0011 0.0011 0.0008 
        FW10  3 0.0006 0.0006 0.0006 0.0006 0.9945 0.0012 0.0011 0.0008 
       FW100  3 0.0006 0.0006 0.0007 0.0006 0.9944 0.0012 0.0011 0.0009 
       FW101  3 0.0006 0.0006 0.0005 0.0006 0.9946 0.0012 0.0011 0.0008 
       FW102  3 0.0005 0.0005 0.9949 0.0005 0.0006 0.0011 0.0011 0.0008 
       FW103  3 0.0005 0.0006 0.9949 0.0005 0.0006 0.0011 0.0011 0.0008 
       FW104  3 0.0007 0.0007 0.0005 0.0007 0.9936 0.0014 0.0013 0.0011 
       FW105  3 0.0006 0.0006 0.0005 0.0006 0.9945 0.0012 0.0011 0.0009 
       FW106  3 0.0020 0.0020 0.0054 0.0028 0.0021 0.0076 0.9763 0.0018 
       FW107  3 0.0007 0.0007 0.0005 0.0007 0.9935 0.0014 0.0013 0.0011 
       FW108  3 0.0005 0.0006 0.9949 0.0005 0.0006 0.0011 0.0011 0.0008 
       FW109  3 0.0006 0.0006 0.0006 0.0006 0.9946 0.0011 0.0011 0.0009 
        FW11  3 0.0005 0.0006 0.0007 0.0006 0.9944 0.0012 0.0011 0.0009 
       FW110  3 0.0006 0.0006 0.0005 0.0006 0.9946 0.0012 0.0011 0.0008 
       FW111  3 0.0005 0.0006 0.9948 0.0005 0.0006 0.0011 0.0011 0.0008 
       FW112  3 0.0006 0.0006 0.0007 0.0006 0.9944 0.0012 0.0011 0.0008 
       FW113  3 0.0005 0.0005 0.9949 0.0005 0.0005 0.0011 0.0011 0.0008 
       FW114  3 0.0006 0.0016 0.0005 0.0007 0.9928 0.0015 0.0014 0.0009 
       FW115  3 0.0005 0.0006 0.0005 0.0006 0.9945 0.0012 0.0011 0.0009 
       FW116  3 0.0005 0.0006 0.9949 0.0005 0.0005 0.0011 0.0011 0.0008 
        FW12  3 0.0005 0.0005 0.9949 0.0005 0.0006 0.0011 0.0011 0.0008 
        FW13  3 0.0005 0.0006 0.9948 0.0005 0.0005 0.0011 0.0011 0.0008 
        FW14  3 0.0007 0.0007 0.0005 0.0007 0.9935 0.0014 0.0014 0.0011 
        FW15  3 0.0007 0.0007 0.0005 0.0007 0.9936 0.0014 0.0013 0.0011 
        FW16  3 0.0006 0.0006 0.0005 0.0006 0.9945 0.0012 0.0011 0.0009 
        FW17  3 0.0006 0.0006 0.0005 0.0006 0.9945 0.0012 0.0011 0.0008 
        FW18  3 0.0005 0.0006 0.0007 0.0006 0.9943 0.0012 0.0012 0.0008 
        FW19  3 0.0005 0.0006 0.9949 0.0005 0.0006 0.0011 0.0011 0.0008 
        FW20  3 0.0005 0.0006 0.9949 0.0005 0.0006 0.0011 0.0011 0.0008 
        FW21  3 0.0005 0.0005 0.9949 0.0005 0.0005 0.0011 0.0011 0.0008 
        FW22  3 0.0005 0.0006 0.0007 0.0006 0.9944 0.0012 0.0011 0.0009 
        FW23  3 0.0005 0.0006 0.9949 0.0005 0.0006 0.0011 0.0011 0.0008 
        FW24  3 0.0005 0.0005 0.9949 0.0005 0.0006 0.0011 0.0011 0.0008 
        FW25  3 0.0005 0.0005 0.9949 0.0005 0.0006 0.0011 0.0011 0.0008 
        FW26  3 0.0005 0.0005 0.9949 0.0005 0.0006 0.0011 0.0011 0.0008 
        FW27  3 0.0005 0.0006 0.0005 0.0006 0.9945 0.0012 0.0011 0.0009 
        FW28  3 0.0004 0.0006 0.9949 0.0005 0.0005 0.0011 0.0011 0.0008 
        FW29  3 0.0005 0.0005 0.9949 0.0006 0.0006 0.0011 0.0011 0.0008 
        FW30  3 0.0019 0.0020 0.0051 0.0028 0.0022 0.0077 0.9765 0.0018 
        FW32  3 0.0007 0.0007 0.0005 0.0007 0.9937 0.0014 0.0013 0.0011 
        FW33  3 0.0005 0.0029 0.9745 0.0005 0.0006 0.0093 0.0110 0.0008 
        FW34  3 0.0005 0.0006 0.9949 0.0005 0.0006 0.0011 0.0011 0.0008 
        FW35  3 0.0005 0.0005 0.9948 0.0005 0.0005 0.0011 0.0012 0.0008 
        FW36  3 0.0005 0.0005 0.9949 0.0005 0.0005 0.0011 0.0011 0.0008 
        FW37  3 0.0006 0.0006 0.0005 0.0006 0.9945 0.0012 0.0011 0.0009 
        FW51  3 0.0005 0.0005 0.9949 0.0005 0.0005 0.0011 0.0011 0.0008 
        FW52  3 0.0005 0.0006 0.0005 0.0006 0.9946 0.0012 0.0011 0.0008 
        FW53  3 0.0005 0.0006 0.9949 0.0005 0.0006 0.0011 0.0011 0.0008 
        FW54  3 0.0005 0.0006 0.0006 0.0006 0.9946 0.0012 0.0011 0.0009 
        FW55  3 0.0005 0.0006 0.9948 0.0006 0.0005 0.0011 0.0011 0.0008 
        FW56  3 0.0005 0.0006 0.9949 0.0005 0.0006 0.0011 0.0011 0.0008 
        FW57  3 0.0005 0.0005 0.9949 0.0005 0.0006 0.0011 0.0011 0.0008 
        FW78  3 0.0004 0.0005 0.9949 0.0006 0.0005 0.0011 0.0011 0.0008 
        FW79  3 0.0005 0.0005 0.9949 0.0005 0.0005 0.0011 0.0011 0.0008 
        FW80  3 0.0005 0.0006 0.9949 0.0005 0.0005 0.0011 0.0011 0.0008 
        FW81  3 0.0005 0.0006 0.0005 0.0006 0.9946 0.0012 0.0011 0.0009 
        FW82  3 0.0006 0.0006 0.0005 0.0006 0.9946 0.0012 0.0011 0.0009 
        FW83  3 0.0007 0.0007 0.0005 0.0007 0.9935 0.0014 0.0013 0.0011 
        FW84  3 0.0005 0.0006 0.9948 0.0005 0.0006 0.0011 0.0012 0.0008 
        FW85  3 0.0093 0.0035 0.0005 0.0052 0.9747 0.0038 0.0020 0.0009 
        FW86  3 0.0006 0.0006 0.0007 0.0006 0.9944 0.0012 0.0012 0.0008 
        FW87  3 0.0006 0.0006 0.0007 0.0006 0.9943 0.0012 0.0011 0.0008 
        FW88  3 0.0005 0.0005 0.9949 0.0005 0.0006 0.0011 0.0011 0.0008 
        FW89  3 0.0005 0.0006 0.9949 0.0005 0.0006 0.0011 0.0011 0.0008 
        FW90  3 0.0005 0.0005 0.9949 0.0005 0.0005 0.0011 0.0011 0.0008 
        FW91  3 0.0005 0.0006 0.0005 0.0006 0.9946 0.0012 0.0011 0.0008 
        FW92  3 0.0004 0.0005 0.9949 0.0005 0.0006 0.0011 0.0011 0.0008 
        FW93  3 0.0005 0.0005 0.9949 0.0005 0.0006 0.0011 0.0011 0.0008 
        FW94  3 0.0005 0.0006 0.0005 0.0006 0.9946 0.0012 0.0011 0.0009 
        FW95  3 0.0005 0.0005 0.9949 0.0005 0.0005 0.0011 0.0011 0.0008 
        FW96  3 0.0005 0.0005 0.9949 0.0005 0.0006 0.0011 0.0011 0.0008 
        FW97  3 0.0015 0.0014 0.0049 0.0018 0.0031 0.0040 0.9779 0.0054 
        FW98  3 0.0005 0.0006 0.0005 0.0006 0.9945 0.0012 0.0011 0.0009 
        FW99  3 0.0005 0.0005 0.9949 0.0005 0.0006 0.0011 0.0011 0.0008 
       Cal01  3 0.0009 0.0016 0.2140 0.0033 0.0009 0.0024 0.7755 0.0015 
       Cal02  3 0.0009 0.0014 0.0064 0.0009 0.0022 0.0030 0.9839 0.0014 
       Cal03  3 0.0009 0.0011 0.0306 0.0013 0.0474 0.0020 0.9158 0.0009 
       Cal04  3 0.0014 0.0018 0.0006 0.0012 0.0019 0.0043 0.9861 0.0028 
       Cal05  3 0.0007 0.0027 0.0024 0.0006 0.0036 0.0013 0.9877 0.0009 
       Cal06  3 0.0007 0.0024 0.0023 0.0012 0.0008 0.0033 0.9878 0.0015 
       Cal07  3 0.0005 0.0068 0.0232 0.0007 0.0010 0.0015 0.9654 0.0009 
       Cal08  3 0.0012 0.0015 0.0241 0.0013 0.0114 0.0031 0.9548 0.0028 
       Cal09  3 0.0023 0.0268 0.0590 0.0008 0.0016 0.0054 0.9026 0.0015 
       Cal10  3 0.0010 0.0015 0.0006 0.0019 0.0028 0.0035 0.9873 0.0015 
       Cal11  3 0.0008 0.0018 0.0026 0.0009 0.0043 0.0024 0.9800 0.0072 
      Cal197  3 0.0005 0.0024 0.3339 0.0010 0.0009 0.0041 0.6563 0.0008 
      Cal198  3 0.0006 0.0440 0.0026 0.0446 0.0371 0.0032 0.8667 0.0012 
      Cal199  3 0.0010 0.0008 0.0008 0.0012 0.0018 0.0016 0.9903 0.0024 
      Cal200  3 0.0007 0.0011 0.0022 0.0009 0.0044 0.0017 0.9877 0.0012 
      Cal201  3 0.0005 0.0017 0.0167 0.0008 0.0023 0.0022 0.9748 0.0010 
      Cal202  3 0.0069 0.0015 0.0055 0.0177 0.0019 0.0144 0.9443 0.0079 
      Cal203  3 0.0008 0.0009 0.0007 0.0011 0.0089 0.0021 0.9833 0.0022 
      Cal204  3 0.0010 0.0011 0.0007 0.0011 0.0005 0.0023 0.9918 0.0014 
      Cal205  3 0.0006 0.0013 0.0028 0.0012 0.0020 0.0020 0.9891 0.0010 
      Cal206  3 0.0012 0.0009 0.0012 0.0009 0.0018 0.0025 0.9903 0.0013 
      Cal207  3 0.0006 0.0014 0.0021 0.0073 0.0006 0.0017 0.9854 0.0009 
      Cal208  3 0.0008 0.0010 0.0083 0.0012 0.0064 0.0027 0.9778 0.0018 
      Cal209  3 0.0008 0.0010 0.0095 0.0007 0.0016 0.0017 0.9834 0.0013 
      Cal210  3 0.0010 0.0007 0.0008 0.0012 0.0018 0.0017 0.9906 0.0022 
      Cal211  3 0.0005 0.0010 0.0036 0.0008 0.0008 0.0017 0.9904 0.0011 
      Cal212  3 0.0007 0.0009 0.0009 0.0011 0.0023 0.0019 0.9910 0.0012 
      Cal213  3 0.0008 0.0125 0.0082 0.1136 0.0419 0.0043 0.8176 0.0011 
      Cal214  3 0.0010 0.0012 0.0005 0.0026 0.0017 0.0070 0.9751 0.0110 
      Cal215  3 0.0022 0.0013 0.0156 0.0013 0.0022 0.0032 0.9703 0.0038 
      Cal216  3 0.0008 0.0019 0.0242 0.0014 0.0027 0.0021 0.9657 0.0011 
      Cal217  3 0.0005 0.0016 0.0124 0.0008 0.0013 0.0018 0.9805 0.0010 
      Cal218  3 0.0006 0.0009 0.0017 0.0009 0.0030 0.0017 0.9900 0.0012 
      Cal219  3 0.0008 0.0012 0.0096 0.0008 0.0023 0.0031 0.9805 0.0017 
      Cal220  3 0.0006 0.0013 0.0040 0.0012 0.0011 0.0052 0.9839 0.0028 
      Cal221  3 0.0007 0.0010 0.0025 0.0008 0.0028 0.0019 0.9894 0.0010 
      Cal222  3 0.0008 0.0011 0.0012 0.0009 0.0025 0.0018 0.9899 0.0017 
      Cal223  3 0.0007 0.0133 0.0007 0.0050 0.0065 0.0063 0.9651 0.0024 
      Cal224  3 0.0055 0.0020 0.0007 0.0882 0.0008 0.0027 0.8978 0.0024 
       Cal33  3 0.0007 0.0012 0.0015 0.0008 0.0022 0.0030 0.9896 0.0011 
       Cal34  3 0.0011 0.0029 0.0010 0.0015 0.0030 0.0034 0.9858 0.0013 
       Cal35  3 0.0007 0.0013 0.0015 0.0009 0.0010 0.0020 0.9916 0.0010 
       Cal37  3 0.0008 0.0029 0.0014 0.0009 0.0014 0.0068 0.9847 0.0011 
       Cal38  3 0.0004 0.0013 0.2767 0.0007 0.0007 0.0017 0.7172 0.0012 
       Cal39  3 0.0014 0.0015 0.0100 0.0007 0.0103 0.0018 0.9724 0.0018 
       Cal40  3 0.0008 0.0010 0.0091 0.0007 0.0016 0.0016 0.9839 0.0013 
       Cal41  3 0.0007 0.0013 0.0049 0.0007 0.0018 0.0016 0.9877 0.0013 
       Cal42  3 0.0009 0.0008 0.0019 0.0008 0.0011 0.0021 0.9908 0.0017 
       Cal43  3 0.0006 0.0012 0.0011 0.0010 0.0018 0.0025 0.9904 0.0014 
       Cal44  3 0.0008 0.0011 0.0034 0.0021 0.0032 0.0034 0.9842 0.0018 
        BW41  3 0.0275 0.0012 0.0008 0.0018 0.0009 0.0033 0.9628 0.0016 
        BW42  3 0.0007 0.0021 0.0009 0.0008 0.0113 0.0050 0.9778 0.0013 
        BW44  3 0.0006 0.0019 0.0006 0.0009 0.0015 0.0020 0.9913 0.0012 
        BW45  3 0.0005 0.0010 0.0013 0.0006 0.0011 0.0014 0.9933 0.0009 
        BW46  3 0.0007 0.0009 0.0019 0.0011 0.0020 0.0023 0.9900 0.0011 
        BW47  3 0.0216 0.0093 0.0627 0.0010 0.0013 0.0199 0.8831 0.0012 
        BW48  3 0.0018 0.0016 0.0014 0.0012 0.0065 0.0044 0.9802 0.0029 
        BW49  3 0.0006 0.0044 0.0039 0.0008 0.0007 0.0021 0.9862 0.0014 
        BW50  3 0.0008 0.0012 0.0127 0.0009 0.0034 0.0022 0.9775 0.0012 
        BW51  3 0.0006 0.0081 0.0104 0.0007 0.0046 0.0019 0.9725 0.0013 
        BW52  3 0.0007 0.0013 0.0026 0.0008 0.0030 0.0021 0.9859 0.0036 
        BW53  3 0.0009 0.0038 0.0019 0.0053 0.0015 0.0133 0.9723 0.0010 
        BW54  3 0.0036 0.0060 0.0030 0.0090 0.0050 0.0341 0.9236 0.0157 
        BW55  3 0.0007 0.0011 0.0014 0.0011 0.0020 0.0018 0.9902 0.0017 
        BW56  3 0.0017 0.0013 0.0018 0.0008 0.0007 0.0020 0.9906 0.0011 
        BW57  3 0.0007 0.0022 0.0073 0.0016 0.0015 0.0032 0.9825 0.0010 
        BW58  3 0.0008 0.0025 0.0021 0.0010 0.0042 0.0031 0.9850 0.0012 
        BW59  3 0.0007 0.0015 0.0501 0.0007 0.0034 0.0030 0.9394 0.0012 
        BW60  3 0.0008 0.0013 0.0010 0.0009 0.0084 0.0018 0.9846 0.0012 
        BW61  3 0.0691 0.0021 0.0035 0.0009 0.0046 0.0140 0.9042 0.0015 
        BW62  3 0.0012 0.0015 0.0012 0.0016 0.0038 0.0028 0.9869 0.0011 
        BW63  3 0.0013 0.0103 0.0008 0.0322 0.0160 0.0086 0.9296 0.0012 
        BW64  3 0.0006 0.0013 0.0135 0.0008 0.0061 0.0020 0.9746 0.0011 
        BW65  3 0.0026 0.0016 0.0006 0.0034 0.0010 0.0053 0.9833 0.0022 
        BW66  3 0.0008 0.0018 0.0013 0.0009 0.0047 0.0017 0.9855 0.0033 
        BW67  3 0.0006 0.0010 0.0019 0.0007 0.0013 0.0014 0.9922 0.0010 
        BW68  3 0.0017 0.0020 0.0011 0.0012 0.0017 0.0041 0.9871 0.0011 
        BW69  3 0.0433 0.0011 0.0009 0.0008 0.0031 0.0020 0.9473 0.0015 
        BW70  3 0.0006 0.0013 0.0024 0.0011 0.0025 0.0021 0.9885 0.0016 
        BW71  3 0.0005 0.0012 0.0307 0.0006 0.0006 0.0016 0.9635 0.0013 
        BW72  3 0.0021 0.0011 0.0020 0.0024 0.0012 0.0051 0.9842 0.0017 
        BW73  3 0.0201 0.0047 0.0040 0.0009 0.0008 0.0201 0.9258 0.0238 
        BW74  3 0.0009 0.0019 0.0010 0.0008 0.0038 0.0028 0.9872 0.0016 
        BW75  3 0.0007 0.0070 0.0081 0.0018 0.0010 0.0117 0.9599 0.0100 
        BW76  3 0.0023 0.0010 0.0009 0.0017 0.0008 0.0022 0.9893 0.0019 
        BW77  3 0.0015 0.0022 0.0056 0.0019 0.0015 0.0039 0.9823 0.0011 
        BW78  3 0.0008 0.0025 0.0007 0.0009 0.0055 0.0016 0.9858 0.0021 
        BW79  3 0.0007 0.0034 0.0213 0.0009 0.0025 0.0045 0.9649 0.0017 
        BW80  3 0.0007 0.0011 0.0013 0.0009 0.0049 0.0033 0.9867 0.0011 
        BW81  3 0.0008 0.0037 0.0014 0.0016 0.0125 0.0030 0.9761 0.0010 
       BWS05  3 0.0071 0.0022 0.0019 0.0016 0.0074 0.0070 0.9695 0.0034 
       BWS06  3 0.0008 0.0012 0.0010 0.0013 0.1262 0.0023 0.8648 0.0024 
       BWS07  3 0.0006 0.0039 0.0312 0.0007 0.0011 0.0158 0.9457 0.0010 
       BWS08  3 0.0028 0.0024 0.0006 0.0020 0.0006 0.0029 0.9859 0.0028 
       BWS09  3 0.0006 0.0009 0.0173 0.0011 0.0010 0.0015 0.9766 0.0010 
       BWS10  3 0.0010 0.0017 0.0012 0.0105 0.0019 0.0023 0.9797 0.0016 
       BWS11  3 0.0006 0.0010 0.0033 0.0008 0.0005 0.0022 0.9904 0.0013 
       BWS12  3 0.0007 0.0017 0.0012 0.0011 0.0025 0.0031 0.9874 0.0022 
       BWS13  3 0.0006 0.0010 0.0008 0.0029 0.1187 0.0022 0.8721 0.0016 
       BWS14  3 0.0009 0.0015 0.0014 0.0008 0.1683 0.0031 0.8228 0.0011 
       BWS15  3 0.0010 0.0014 0.0023 0.0015 0.0005 0.0031 0.9869 0.0034 
       BWS16  3 0.0009 0.0222 0.0009 0.0008 0.0032 0.0025 0.9681 0.0013 
       BWS17  3 0.0019 0.0013 0.0008 0.0014 0.0010 0.0023 0.9897 0.0016 
       BWS18  3 0.0008 0.0023 0.0051 0.0206 0.0019 0.0039 0.9623 0.0032 
       BWS19  3 0.0097 0.0022 0.0077 0.0045 0.0020 0.0124 0.9580 0.0035 
       BWS20  3 0.0006 0.0055 0.0020 0.0010 0.0018 0.0016 0.9864 0.0011 
       BWS21  3 0.0013 0.0046 0.0006 0.0368 0.0049 0.0259 0.9221 0.0039 
       BWS22  3 0.0008 0.0010 0.0028 0.0019 0.0014 0.0021 0.9890 0.0011 
       BWS23  3 0.0010 0.0017 0.0012 0.0172 0.0016 0.0035 0.9720 0.0018 
       BWS24  3 0.0010 0.0020 0.0009 0.0012 0.0007 0.0055 0.9867 0.0020 
       BWS25  3 0.0019 0.0010 0.0009 0.0007 0.0017 0.0113 0.9813 0.0012 
       BWS26  3 0.0009 0.0017 0.0009 0.0009 0.0037 0.0028 0.9877 0.0014 
       BWS27  3 0.0006 0.0036 0.0011 0.0007 0.0020 0.0029 0.9882 0.0011 
       BWS28  3 0.0017 0.0020 0.0015 0.0027 0.0760 0.0112 0.9037 0.0014 
       BWS29  3 0.0020 0.0017 0.0006 0.0014 0.0066 0.0028 0.9827 0.0022 
       BWS30  3 0.0008 0.0013 0.0772 0.0014 0.0009 0.0021 0.9151 0.0011 
       BWS31  3 0.0014 0.0021 0.0012 0.0008 0.0012 0.0023 0.9899 0.0011 
       BWS32  3 0.0008 0.0035 0.0011 0.0011 0.0072 0.0035 0.9805 0.0022 
       BWS33  3 0.0020 0.0012 0.0018 0.0021 0.0020 0.0061 0.9827 0.0020 
       BWS34  3 0.0012 0.0014 0.0006 0.0024 0.0160 0.0030 0.9736 0.0019 
       BWS35  3 0.0011 0.0024 0.0010 0.0014 0.0094 0.0041 0.9772 0.0034 
       BWS36  3 0.0008 0.0010 0.0030 0.0007 0.0034 0.0017 0.9876 0.0018 
       BWS37  3 0.0026 0.0018 0.0009 0.0010 0.0022 0.0021 0.9882 0.0012 
       BWS38  3 0.0008 0.0017 0.0039 0.0010 0.0023 0.0022 0.9864 0.0017 
       BWS39  3 0.0006 0.0015 0.0133 0.0008 0.0010 0.0016 0.9802 0.0011 
       BWS40  3 0.0008 0.0011 0.0040 0.0009 0.0024 0.0020 0.9849 0.0039 
       BWN01  3 0.0013 0.0027 0.0012 0.0010 0.0036 0.0019 0.9867 0.0016 
       BWN02  3 0.0008 0.0380 0.0193 0.0008 0.0013 0.0021 0.9367 0.0010 
       BWN03  3 0.0041 0.0013 0.0017 0.0029 0.0008 0.0096 0.9771 0.0026 
       BWN04  3 0.0009 0.0019 0.0023 0.0009 0.0014 0.0020 0.9877 0.0028 
        NC01  4 0.0007 0.8594 0.0115 0.0015 0.0112 0.0309 0.0835 0.0013 
        NC02  4 0.0019 0.9657 0.0029 0.0013 0.0034 0.0040 0.0191 0.0017 
        NC03  4 0.0006 0.9866 0.0011 0.0029 0.0009 0.0033 0.0037 0.0009 
        NC04  4 0.0008 0.9816 0.0007 0.0012 0.0015 0.0027 0.0100 0.0016 
        NC05  4 0.0016 0.9177 0.0010 0.0065 0.0011 0.0284 0.0399 0.0038 
        NC06  4 0.0117 0.9444 0.0036 0.0009 0.0026 0.0038 0.0317 0.0013 
        NC07  4 0.0007 0.9797 0.0026 0.0008 0.0058 0.0021 0.0065 0.0017 
        NC08  4 0.0017 0.8941 0.0017 0.0015 0.0073 0.0025 0.0894 0.0017 
        NC09  4 0.0007 0.9671 0.0009 0.0021 0.0011 0.0030 0.0227 0.0022 
        NC10  4 0.0007 0.6749 0.0027 0.0010 0.0020 0.0023 0.3152 0.0012 
        NC11  4 0.0015 0.9551 0.0019 0.0017 0.0043 0.0065 0.0260 0.0030 
        NC12  4 0.0025 0.9795 0.0005 0.0011 0.0048 0.0032 0.0073 0.0010 
        NC13  4 0.0006 0.9761 0.0009 0.0075 0.0010 0.0054 0.0074 0.0011 
        NC14  4 0.0009 0.9639 0.0020 0.0012 0.0035 0.0121 0.0146 0.0017 
        NC15  4 0.0014 0.9747 0.0010 0.0017 0.0020 0.0044 0.0130 0.0017 
        NC16  4 0.0007 0.9301 0.0046 0.0009 0.0014 0.0240 0.0370 0.0013 
        NC18  4 0.0008 0.9727 0.0019 0.0014 0.0027 0.0038 0.0142 0.0026 
        NC19  4 0.0007 0.9902 0.0006 0.0009 0.0018 0.0020 0.0030 0.0009 
        NC20  4 0.0056 0.8539 0.0026 0.0046 0.0196 0.0031 0.1054 0.0052 
        NC21  4 0.0009 0.9417 0.0212 0.0077 0.0081 0.0064 0.0129 0.0011 
        NC22  4 0.0022 0.8627 0.0010 0.0009 0.1234 0.0015 0.0066 0.0018 
        NC23  4 0.0007 0.9543 0.0074 0.0011 0.0017 0.0047 0.0282 0.0019 
        NC24  4 0.0011 0.9861 0.0008 0.0009 0.0042 0.0021 0.0028 0.0021 
      SAND01  4 0.0005 0.0016 0.0014 0.0011 0.0006 0.0017 0.9908 0.0023 
      SAND02  4 0.0009 0.0014 0.0044 0.0008 0.0096 0.0018 0.9786 0.0024 
      SAND03  4 0.0006 0.0011 0.0030 0.0007 0.0040 0.0014 0.9880 0.0012 
      SAND04  4 0.0009 0.0018 0.0027 0.0010 0.0490 0.0029 0.9404 0.0012 
      SAND05  4 0.0008 0.0015 0.0016 0.0012 0.0092 0.0024 0.9819 0.0015 
      SAND06  4 0.0009 0.0037 0.0067 0.0012 0.0110 0.0034 0.9717 0.0013 
      SAND07  4 0.0006 0.0016 0.0039 0.0010 0.0013 0.0017 0.9864 0.0035 
      SAND08  4 0.0013 0.0235 0.0012 0.0007 0.0081 0.0021 0.9616 0.0015 
      SAND09  4 0.0008 0.0069 0.0017 0.0031 0.0024 0.0062 0.9775 0.0014 
      SAND10  4 0.0012 0.0122 0.0061 0.0009 0.0037 0.0027 0.9702 0.0030 
      SAND11  4 0.0008 0.0011 0.0012 0.0013 0.0019 0.0021 0.9900 0.0016 
      SAND12  4 0.0007 0.0020 0.0038 0.0012 0.0041 0.0026 0.9835 0.0020 
      SAND13  4 0.0012 0.0117 0.0059 0.0009 0.0041 0.0028 0.9703 0.0030 
      SAND14  4 0.0011 0.0030 0.0134 0.0010 0.0016 0.0019 0.9762 0.0018 
      SAND15  4 0.0006 0.0013 0.0025 0.0011 0.0055 0.0019 0.9860 0.0011 
      SAND16  4 0.0006 0.0164 0.0039 0.0022 0.0017 0.0159 0.9582 0.0011 
      SAND17  4 0.0006 0.0013 0.0014 0.0010 0.0010 0.0016 0.9914 0.0018 
      SAND18  4 0.0006 0.0016 0.0060 0.0008 0.0131 0.0021 0.9747 0.0010 
      SAND19  4 0.0006 0.0014 0.0091 0.0010 0.0129 0.0023 0.9716 0.0010 
      SAND20  4 0.0006 0.0063 0.0014 0.0008 0.0021 0.0018 0.9840 0.0030 
      SAND21  4 0.0006 0.0018 0.0163 0.0007 0.0026 0.0017 0.9740 0.0023 
      SAND22  4 0.0005 0.0017 0.0014 0.0008 0.0036 0.0016 0.9892 0.0012 
      SAND23  4 0.0008 0.0010 0.0260 0.0009 0.0500 0.0021 0.9180 0.0011 
      SAND24  4 0.0025 0.0013 0.0010 0.0013 0.0051 0.0028 0.9846 0.0015 
      SAND25  4 0.0011 0.0121 0.0017 0.0016 0.0026 0.0084 0.9702 0.0025 
      SAND26  4 0.0009 0.0033 0.0013 0.0009 0.0008 0.0016 0.9899 0.0012 
      SAND27  4 0.0010 0.0474 0.0009 0.0024 0.0050 0.0032 0.9384 0.0017 
      SAND28  4 0.0011 0.0017 0.0018 0.0010 0.0203 0.0022 0.9708 0.0011 
      SAND29  4 0.0006 0.0014 0.0161 0.0009 0.0136 0.0024 0.9639 0.0011 
      SAND30  4 0.0005 0.0019 0.0023 0.0011 0.0018 0.0020 0.9893 0.0011 
      SAND31  4 0.0005 0.0073 0.0014 0.0012 0.0009 0.0023 0.9838 0.0025 
      SAND32  4 0.0013 0.0061 0.0018 0.0010 0.0212 0.0033 0.9639 0.0014 
      SAND33  4 0.0007 0.0021 0.0064 0.0009 0.0038 0.0015 0.9816 0.0030 
      SAND34  4 0.0008 0.0020 0.0027 0.0014 0.0056 0.0024 0.9843 0.0010 
      SAND35  4 0.0005 0.0014 0.0722 0.0008 0.0019 0.0014 0.9204 0.0015 
      SAND36  4 0.0007 0.0012 0.0017 0.0008 0.0074 0.0019 0.9852 0.0010 
      SAND37  4 0.0006 0.0013 0.0033 0.0010 0.0054 0.0023 0.9850 0.0011 
      SAND38  4 0.0007 0.0031 0.0023 0.0011 0.0039 0.0026 0.9828 0.0035 
      SAND39  4 0.0011 0.0159 0.0015 0.0012 0.0042 0.0023 0.9727 0.0010 
      SAND40  4 0.0013 0.0020 0.0217 0.0014 0.0113 0.0033 0.9578 0.0013 
      SAND41  4 0.0007 0.0017 0.0025 0.0009 0.0048 0.0019 0.9856 0.0018 
      SAND42  4 0.0007 0.0016 0.0018 0.0010 0.0048 0.0020 0.9862 0.0018 
      SAND43  4 0.0009 0.0016 0.0028 0.0015 0.0104 0.0026 0.9784 0.0018 
      SAND44  4 0.0005 0.0016 0.0032 0.0007 0.0032 0.0016 0.9872 0.0019 
       Hon01  5 0.0011 0.9901 0.0005 0.0010 0.0005 0.0030 0.0013 0.0025 
       Hon02  5 0.0010 0.9597 0.0274 0.0020 0.0007 0.0024 0.0059 0.0010 
       Hon03  5 0.0205 0.8220 0.0807 0.0479 0.0005 0.0059 0.0021 0.0204 
       Hon04  5 0.0007 0.9890 0.0016 0.0017 0.0005 0.0028 0.0018 0.0018 
       Hon05  5 0.0012 0.9905 0.0009 0.0009 0.0007 0.0023 0.0020 0.0015 
       Hon06  5 0.0005 0.9919 0.0010 0.0007 0.0007 0.0022 0.0012 0.0019 
       Hon07  5 0.0009 0.9910 0.0009 0.0011 0.0007 0.0019 0.0016 0.0019 
       Hon08  5 0.0007 0.9896 0.0006 0.0016 0.0018 0.0026 0.0019 0.0013 
       Hon09  5 0.0012 0.8119 0.1778 0.0022 0.0005 0.0017 0.0025 0.0022 
       Hon10  5 0.0025 0.9711 0.0009 0.0019 0.0008 0.0027 0.0019 0.0181 
       Hon11  5 0.0015 0.9257 0.0007 0.0015 0.0016 0.0534 0.0091 0.0066 
       Hon12  5 0.0013 0.9463 0.0386 0.0040 0.0006 0.0017 0.0046 0.0030 
       Hon13  5 0.0013 0.9906 0.0007 0.0010 0.0006 0.0024 0.0019 0.0015 
       Hon14  5 0.0114 0.9754 0.0006 0.0052 0.0007 0.0034 0.0016 0.0019 
       Hon15  5 0.0008 0.9892 0.0014 0.0024 0.0005 0.0026 0.0011 0.0019 
       Hon16  5 0.0007 0.9898 0.0005 0.0015 0.0018 0.0026 0.0019 0.0012 
       Hon17  5 0.0006 0.9917 0.0007 0.0009 0.0008 0.0025 0.0016 0.0013 
       Hon18  5 0.0006 0.9262 0.0041 0.0013 0.0007 0.0027 0.0630 0.0014 
       Hon19  5 0.0007 0.9844 0.0008 0.0057 0.0007 0.0025 0.0020 0.0031 
       Hon20  5 0.0006 0.9828 0.0006 0.0012 0.0009 0.0080 0.0016 0.0043 
      ERIN01  6 0.0008 0.0006 0.0005 0.0008 0.0005 0.0017 0.0010 0.9942 
      ERIN02  6 0.0008 0.0006 0.0004 0.0008 0.0005 0.0018 0.0010 0.9941 
      ERIN03  6 0.0008 0.0006 0.0004 0.0008 0.0005 0.0017 0.0009 0.9942 
      ERIN04  6 0.0008 0.0006 0.0004 0.0008 0.0005 0.0017 0.0009 0.9943 
      ERIN05  6 0.0008 0.0006 0.0005 0.0008 0.0005 0.0017 0.0010 0.9941 
      ERIN06  6 0.0008 0.0006 0.0004 0.0008 0.0005 0.0017 0.0009 0.9941 
      ERIN07  6 0.0009 0.0006 0.0004 0.0008 0.0005 0.0017 0.0009 0.9941 
      ERIN08  6 0.0009 0.0006 0.0004 0.0008 0.0005 0.0017 0.0009 0.9942 
      ERIN09  6 0.0008 0.0006 0.0004 0.0008 0.0005 0.0017 0.0010 0.9941 
      ERIN10  6 0.0008 0.0006 0.0004 0.0008 0.0005 0.0017 0.0010 0.9942 
      ERIN11  6 0.0008 0.0027 0.0005 0.0008 0.0005 0.0094 0.0010 0.9844 
      ERIN12  6 0.0008 0.0006 0.0004 0.0008 0.0005 0.0017 0.0009 0.9942 
      ERIN13  6 0.0008 0.0006 0.0004 0.0008 0.0005 0.0017 0.0010 0.9942 
      ERIN14  6 0.0008 0.0006 0.0005 0.0008 0.0005 0.0017 0.0010 0.9942 
      ERIN15  6 0.0008 0.0006 0.0005 0.0008 0.0005 0.0017 0.0009 0.9942 
      ERIN16  6 0.0008 0.0007 0.0005 0.0008 0.0005 0.0020 0.0010 0.9938 
      ERIN17  6 0.0008 0.0006 0.0004 0.0008 0.0005 0.0017 0.0010 0.9941 
      ERIN18  6 0.0009 0.0006 0.0004 0.0008 0.0005 0.0017 0.0010 0.9941 
      ERIN19  6 0.0009 0.0006 0.0005 0.0008 0.0005 0.0017 0.0009 0.9942 
      ERIN20  6 0.0008 0.0006 0.0004 0.0008 0.0005 0.0017 0.0009 0.9942 
      ERIN21  6 0.0009 0.0006 0.0004 0.0008 0.0005 0.0017 0.0009 0.9941 
      ERIN22  6 0.0008 0.0006 0.0005 0.0008 0.0005 0.0017 0.0010 0.9942 
      ERIN23  6 0.0008 0.0006 0.0004 0.0008 0.0005 0.0018 0.0009 0.9941 
      ERIN24  6 0.0008 0.0006 0.0004 0.0008 0.0005 0.0017 0.0009 0.9942 
      ERIN25  6 0.0010 0.0006 0.0004 0.0008 0.0005 0.0017 0.0009 0.9940 
      ERIN26  6 0.0008 0.0006 0.0004 0.0008 0.0005 0.0017 0.0010 0.9942 
      ERIN27  6 0.0008 0.0006 0.0004 0.0008 0.0005 0.0017 0.0010 0.9942 
      ERIN28  6 0.0008 0.0006 0.0004 0.0009 0.0005 0.0017 0.0010 0.9941 
      ERIN29  6 0.0008 0.0006 0.0004 0.0008 0.0005 0.0017 0.0010 0.9942 
      ERIN30  6 0.0008 0.0006 0.0004 0.0008 0.0005 0.0017 0.0010 0.9942 
      ERIN31  6 0.0008 0.0006 0.0005 0.0008 0.0005 0.0018 0.0010 0.9941 
      ERIN32  6 0.0008 0.0006 0.0004 0.0008 0.0005 0.0017 0.0009 0.9943 
      ERIN33  6 0.0009 0.0006 0.0005 0.0008 0.0005 0.0017 0.0010 0.9941 
      ERIN34  6 0.0008 0.0006 0.0004 0.0008 0.0005 0.0017 0.0010 0.9942 
      ERIN35  6 0.0009 0.0006 0.0004 0.0008 0.0005 0.0017 0.0010 0.9942 
      ERIN38  6 0.0008 0.0006 0.0004 0.0008 0.0005 0.0017 0.0010 0.9942 
      ERIN39  6 0.0009 0.0006 0.0004 0.0008 0.0005 0.0017 0.0010 0.9941 
      ERIN40  6 0.0009 0.0006 0.0005 0.0008 0.0005 0.0017 0.0010 0.9942 
      ERIN41  6 0.0008 0.0006 0.0004 0.0008 0.0005 0.0017 0.0010 0.9942 
      ERIN42  6 0.0009 0.0006 0.0004 0.0008 0.0005 0.0017 0.0010 0.9942 
      ERIN43  6 0.0008 0.0006 0.0004 0.0008 0.0005 0.0017 0.0009 0.9942 
      ERIN44  6 0.0008 0.0006 0.0004 0.0008 0.0005 0.0017 0.0010 0.9942 
      ERIN45  6 0.0008 0.0006 0.0004 0.0008 0.0005 0.0018 0.0010 0.9941 
      ERIN46  6 0.0008 0.0006 0.0004 0.0008 0.0005 0.0017 0.0010 0.9942 
      ERIN47  6 0.0009 0.0006 0.0005 0.0008 0.0005 0.0017 0.0010 0.9941 
       FDS01  6 0.0008 0.0006 0.0004 0.0008 0.0005 0.0017 0.0010 0.9941 
       FDS02  6 0.0008 0.0006 0.0004 0.0008 0.0005 0.0017 0.0010 0.9942 
       FDS03  6 0.0008 0.0007 0.0005 0.0008 0.0005 0.0020 0.0009 0.9938 
       FDS04  6 0.0009 0.0006 0.0004 0.0008 0.0005 0.0017 0.0010 0.9942 
       FDS05  6 0.0008 0.0006 0.0005 0.0008 0.0005 0.0016 0.0009 0.9943 
       FDS06  6 0.0008 0.0006 0.0005 0.0008 0.0005 0.0017 0.0010 0.9942 
       FDS07  6 0.0008 0.0006 0.0004 0.0008 0.0005 0.0017 0.0010 0.9942 
       FDS08  6 0.0008 0.0006 0.0004 0.0008 0.0005 0.0017 0.0010 0.9941 
       FDS09  6 0.0008 0.0006 0.0005 0.0008 0.0005 0.0017 0.0010 0.9941 
       FDS10  6 0.0008 0.0006 0.0004 0.0008 0.0005 0.0017 0.0010 0.9942 
       FDS11  6 0.0009 0.0006 0.0005 0.0008 0.0005 0.0017 0.0009 0.9941 
       FDS12  6 0.0008 0.0007 0.0005 0.0008 0.0005 0.0021 0.0010 0.9938 
       FDS13  6 0.0008 0.0006 0.0004 0.0008 0.0005 0.0017 0.0010 0.9941 
       FDS14  6 0.0009 0.0006 0.0004 0.0008 0.0005 0.0017 0.0009 0.9942 
       FDS15  6 0.0008 0.0006 0.0005 0.0008 0.0005 0.0017 0.0010 0.9942 
       FDS16  6 0.0008 0.0006 0.0004 0.0008 0.0005 0.0017 0.0010 0.9942 
       FDS17  6 0.0009 0.0006 0.0005 0.0008 0.0005 0.0017 0.0010 0.9941 
       FDS18  6 0.0008 0.0007 0.0004 0.0008 0.0005 0.0020 0.0009 0.9938 
       EPP01  6 0.0008 0.0006 0.0004 0.0014 0.0005 0.0021 0.0009 0.9933 
       EPP02  6 0.0009 0.0006 0.0004 0.0013 0.0005 0.0022 0.0009 0.9932 
       EPP03  6 0.0015 0.0006 0.0004 0.0017 0.0005 0.0032 0.0010 0.9912 
       EPP04  6 0.0009 0.0006 0.0004 0.0013 0.0005 0.0021 0.0009 0.9933 
       EPP05  6 0.0009 0.0006 0.0004 0.0013 0.0005 0.0023 0.0009 0.9930 
       EPP06  6 0.0009 0.0006 0.0004 0.0013 0.0005 0.0022 0.0009 0.9932 
       EPP07  6 0.0008 0.0006 0.0004 0.0012 0.0005 0.0021 0.0009 0.9933 
       EPP08  6 0.0008 0.0006 0.0004 0.0013 0.0005 0.0021 0.0009 0.9933 
       EPP09  6 0.0009 0.0006 0.0004 0.0013 0.0005 0.0021 0.0010 0.9932 
       EPP10  6 0.0009 0.0006 0.0004 0.0013 0.0005 0.0022 0.0009 0.9933 
       EPP11  6 0.0009 0.0014 0.0004 0.0095 0.0005 0.0589 0.0009 0.9273 
       EPP12  6 0.0008 0.0006 0.0004 0.0013 0.0005 0.0021 0.0010 0.9933 
       EPP13  6 0.0009 0.0006 0.0004 0.0014 0.0005 0.0022 0.0009 0.9932 
       EPP14  6 0.0008 0.0006 0.0004 0.0012 0.0005 0.0021 0.0009 0.9934 
       EPP15  6 0.0009 0.0010 0.0004 0.0013 0.0006 0.0021 0.0024 0.9913 
       EPP16  6 0.0009 0.0006 0.0004 0.0013 0.0005 0.0022 0.0009 0.9932 
       EPP17  6 0.0008 0.0006 0.0004 0.0013 0.0006 0.0021 0.0009 0.9932 
       EPP18  6 0.0008 0.0006 0.0004 0.0013 0.0005 0.0021 0.0010 0.9933 
       EPP19  6 0.0009 0.0006 0.0004 0.0013 0.0005 0.0024 0.0010 0.9929 
       EPP20  6 0.0015 0.0006 0.0004 0.0018 0.0005 0.0031 0.0010 0.9912 
       EPP21  6 0.0009 0.0006 0.0004 0.0012 0.0005 0.0021 0.0009 0.9934 
       EPP22  6 0.0008 0.0006 0.0004 0.0013 0.0005 0.0020 0.0010 0.9933 
       EPP23  6 0.0009 0.0010 0.0004 0.0816 0.0005 0.0352 0.0009 0.8795 
       EPP24  6 0.0009 0.0006 0.0004 0.0013 0.0005 0.0020 0.0009 0.9934 
       EPP25  6 0.0009 0.0006 0.0004 0.0013 0.0005 0.0024 0.0010 0.9930 
       EPP26  6 0.0009 0.0006 0.0004 0.0013 0.0005 0.0024 0.0009 0.9930 
       EPP27  6 0.0015 0.0006 0.0004 0.0018 0.0005 0.0031 0.0009 0.9912 
       EPP28  6 0.0008 0.0006 0.0004 0.0013 0.0005 0.0021 0.0009 0.9933 
       EPP29  6 0.0008 0.0006 0.0004 0.0013 0.0005 0.0020 0.0009 0.9933 
       EPP30  6 0.0008 0.0006 0.0004 0.0013 0.0005 0.0021 0.0009 0.9933 
       EPP31  6 0.0015 0.0006 0.0004 0.0018 0.0005 0.0031 0.0010 0.9912 
       EPP32  6 0.0008 0.0006 0.0004 0.0013 0.0005 0.0021 0.0009 0.9933 
       EPP33  6 0.0009 0.0006 0.0004 0.0013 0.0005 0.0022 0.0009 0.9932 
       EPP34  6 0.0009 0.0006 0.0004 0.0013 0.0005 0.0023 0.0010 0.9930 
       EPP35  6 0.0014 0.0073 0.0004 0.0018 0.0006 0.0614 0.0017 0.9253 
       EPP36  6 0.0009 0.0006 0.0004 0.0013 0.0005 0.0021 0.0009 0.9932 
       EPP37  6 0.0015 0.0007 0.0004 0.0202 0.0083 0.0140 0.0030 0.9520 
       EPP38  6 0.0015 0.0006 0.0004 0.0018 0.0005 0.0031 0.0010 0.9911 
       EPP39  6 0.0009 0.0006 0.0004 0.0013 0.0005 0.0021 0.0009 0.9933 
       EPP40  6 0.0008 0.0006 0.0004 0.0013 0.0005 0.0021 0.0009 0.9933 
       EPP41  6 0.0009 0.0006 0.0004 0.0014 0.0005 0.0021 0.0009 0.9932 
       EPP42  6 0.0008 0.0006 0.0004 0.0013 0.0005 0.0022 0.0009 0.9933 
       EPP43  6 0.0008 0.0006 0.0004 0.0013 0.0005 0.0021 0.0009 0.9933 
        ES68  6 0.0169 0.0180 0.0004 0.0010 0.0151 0.0565 0.0026 0.8895 
       ENW44  6 0.0008 0.0006 0.0004 0.0013 0.0005 0.0021 0.0009 0.9933 
       ENW45  6 0.0008 0.0006 0.0004 0.0013 0.0005 0.0021 0.0010 0.9932 
       ENW46  6 0.0008 0.0006 0.0004 0.0013 0.0005 0.0021 0.0009 0.9933 
       ENW48  6 0.0009 0.0006 0.0004 0.0013 0.0005 0.0021 0.0009 0.9933 
       ENW49  6 0.0008 0.0006 0.0004 0.0014 0.0005 0.0021 0.0009 0.9933 
       ENW50  6 0.0009 0.0006 0.0004 0.0013 0.0005 0.0021 0.0009 0.9933 
       ENW51  6 0.0010 0.0007 0.0006 0.0011 0.0009 0.0023 0.0011 0.9923 
       ENW52  6 0.0008 0.0006 0.0004 0.0013 0.0005 0.0021 0.0009 0.9933 
       ENW53  6 0.0010 0.0007 0.0006 0.0010 0.0009 0.0023 0.0011 0.9923 
       ENW54  6 0.0010 0.0007 0.0006 0.0010 0.0009 0.0024 0.0011 0.9923 
       ENW55  6 0.0010 0.0007 0.0006 0.0010 0.0009 0.0024 0.0011 0.9923 
       ENW56  6 0.0009 0.0007 0.0006 0.0010 0.0009 0.0023 0.0011 0.9924 
       ENW57  6 0.0010 0.0008 0.0006 0.0010 0.0009 0.0023 0.0011 0.9922 
       ENE58  6 0.0023 0.0008 0.0006 0.0028 0.0525 0.0035 0.0016 0.9359 
       ENE59  6 0.0009 0.0007 0.0006 0.0011 0.0009 0.0024 0.0012 0.9922 
       ENE60  6 0.0010 0.0007 0.0006 0.0010 0.0009 0.0023 0.0012 0.9923 
       ENE61  6 0.0023 0.0007 0.0006 0.0030 0.0528 0.0034 0.0016 0.9357 
       ENE62  6 0.0010 0.0007 0.0006 0.0010 0.0009 0.0024 0.0011 0.9923 
       ENE63  6 0.0010 0.0007 0.0006 0.0010 0.0009 0.0024 0.0012 0.9921 
       ENE64  6 0.0022 0.0008 0.0006 0.0030 0.0528 0.0034 0.0016 0.9355 
       ENE65  6 0.0009 0.0007 0.0006 0.0010 0.0009 0.0024 0.0011 0.9923 
       ENE66  6 0.0010 0.0007 0.0006 0.0010 0.0009 0.0024 0.0011 0.9923 
       ENE67  6 0.0010 0.0007 0.0006 0.0011 0.0009 0.0024 0.0012 0.9921 
         CC1  7 0.0126 0.0017 0.0016 0.4726 0.0008 0.0074 0.0024 0.5010 
        CC10  7 0.0022 0.0015 0.0017 0.4154 0.0008 0.0088 0.0022 0.5675 
        CC11  7 0.0063 0.0016 0.0004 0.1432 0.0011 0.0113 0.0024 0.8337 
        CC12  7 0.0024 0.0018 0.0004 0.1699 0.0009 0.1921 0.0015 0.6310 
        CC13  7 0.0125 0.0016 0.0016 0.4745 0.0007 0.0074 0.0023 0.4994 
        CC14  7 0.0134 0.0016 0.0016 0.4727 0.0007 0.0073 0.0023 0.5004 
        CC15  7 0.0122 0.0064 0.0015 0.4588 0.0007 0.0202 0.0063 0.4938 
        CC16  7 0.1694 0.0051 0.0004 0.0801 0.0006 0.0095 0.0011 0.7338 
        CC17  7 0.0022 0.0016 0.0015 0.4465 0.0008 0.0088 0.0023 0.5362 
         CC2  7 0.0128 0.0015 0.0016 0.4738 0.0007 0.0077 0.0023 0.4995 
         CC3  7 0.0136 0.0023 0.0018 0.4215 0.0008 0.0183 0.0024 0.5393 
         CC4  7 0.0202 0.1074 0.0005 0.0725 0.0040 0.5605 0.0179 0.2171 
         CC5  7 0.0634 0.0011 0.0004 0.0094 0.0008 0.0087 0.0011 0.9150 
         CC6  7 0.0682 0.0012 0.0004 0.0104 0.0009 0.0087 0.0011 0.9090 
         CC7  7 0.0635 0.0011 0.0004 0.0096 0.0009 0.0084 0.0011 0.9150 
         CC8  7 0.0632 0.0011 0.0004 0.0094 0.0009 0.0087 0.0011 0.9153 
         CC9  7 0.0681 0.0012 0.0004 0.0109 0.0009 0.0085 0.0011 0.9088 
       BUN01  8 0.0428 0.0012 0.0004 0.0313 0.0034 0.9169 0.0015 0.0025 
       BUN02  8 0.1330 0.0015 0.0005 0.0026 0.0090 0.8424 0.0017 0.0093 
       BUN03  8 0.0008 0.0018 0.0006 0.0131 0.0005 0.9788 0.0014 0.0031 
       BUN04  8 0.0012 0.0011 0.0008 0.0035 0.0023 0.9545 0.0025 0.0340 
       BUN05  8 0.0040 0.0010 0.0006 0.4176 0.0017 0.5116 0.0558 0.0077 
       BUN06  8 0.0038 0.0036 0.0006 0.0595 0.0008 0.9179 0.0013 0.0126 
       BUN07  8 0.0011 0.0014 0.0005 0.0155 0.0006 0.9782 0.0011 0.0016 
       SOB01  8 0.0014 0.0008 0.0005 0.0019 0.0010 0.9898 0.0020 0.0027 
       SOB02  8 0.0021 0.0680 0.0009 0.0032 0.0124 0.9042 0.0019 0.0072 
       SOB03  8 0.0018 0.0008 0.0013 0.0051 0.0027 0.9602 0.0025 0.0256 
       SOB04  8 0.0037 0.0625 0.0014 0.0014 0.0019 0.9156 0.0115 0.0019 
       SOB05  8 0.0070 0.0012 0.0006 0.0054 0.0008 0.9099 0.0016 0.0736 
       SOB06  8 0.1050 0.0027 0.0006 0.0035 0.0004 0.8760 0.0049 0.0068 
       SOB07  8 0.1941 0.0035 0.0004 0.0045 0.0005 0.7783 0.0017 0.0170 
       SOB08  8 0.0108 0.0009 0.0012 0.0027 0.0040 0.9726 0.0023 0.0055 
       SOB09  8 0.0017 0.0226 0.0187 0.0013 0.0052 0.8846 0.0303 0.0357 
       SOB10  8 0.0049 0.0008 0.0005 0.0023 0.0007 0.9829 0.0015 0.0064 
       SOB11  8 0.0027 0.1363 0.0009 0.0121 0.0046 0.8381 0.0013 0.0041 
       OSR01  8 0.0009 0.0625 0.0015 0.0046 0.0066 0.8943 0.0040 0.0256 
       OSR02  8 0.3312 0.0015 0.0004 0.0050 0.0010 0.6573 0.0013 0.0023 
       OSR03  8 0.3312 0.0014 0.0004 0.0051 0.0010 0.6571 0.0013 0.0025 
       OSR04  8 0.1393 0.0015 0.0004 0.2120 0.0005 0.6385 0.0018 0.0059 
       OSR05  8 0.3317 0.0015 0.0004 0.0048 0.0010 0.6570 0.0013 0.0023 
       OSR06  8 0.0009 0.0055 0.0004 0.0014 0.0008 0.9865 0.0021 0.0023 
       OSR07  8 0.0050 0.0018 0.0093 0.0079 0.0008 0.8578 0.0022 0.1151 
       OSR08  8 0.0054 0.0021 0.0092 0.0087 0.0008 0.8589 0.0022 0.1128 
       OSR09  8 0.0012 0.0080 0.0004 0.0017 0.0005 0.8607 0.0028 0.1245 
      Lion01  8 0.0014 0.0027 0.0064 0.0079 0.0005 0.9534 0.0016 0.0260 
      Lion02  8 0.0019 0.0016 0.0011 0.1422 0.0019 0.8478 0.0013 0.0023 
      Lion03  8 0.0024 0.0012 0.0006 0.2889 0.0004 0.7032 0.0014 0.0018 
      Lion04  8 0.0013 0.0013 0.0008 0.0060 0.0014 0.9813 0.0020 0.0059 
      Lion05  8 0.0025 0.0031 0.0013 0.0012 0.0032 0.9763 0.0077 0.0047 
      Lion06  8 0.0027 0.0031 0.0013 0.0013 0.0033 0.9749 0.0083 0.0051 
        TW01  8 0.0014 0.0010 0.0004 0.0049 0.0005 0.9869 0.0016 0.0033 
        TW02  8 0.0084 0.0011 0.0004 0.0171 0.0076 0.9378 0.0189 0.0087 
        TW03  8 0.0015 0.0011 0.0004 0.0047 0.0005 0.9867 0.0017 0.0034 
        TW04  8 0.0015 0.0010 0.0004 0.0049 0.0005 0.9868 0.0016 0.0032 
        CF01  8 0.0021 0.0011 0.0005 0.0030 0.0011 0.9851 0.0013 0.0058 
        CF02  8 0.2383 0.0010 0.0004 0.2063 0.0016 0.5485 0.0020 0.0020 
        CF03  8 0.0021 0.0010 0.0006 0.0030 0.0010 0.9857 0.0012 0.0053 
        CF04  8 0.0020 0.0041 0.0008 0.0708 0.0018 0.9067 0.0087 0.0051 
        CF05  8 0.0018 0.0015 0.0007 0.0023 0.0010 0.9878 0.0017 0.0032 
        CF06  8 0.0020 0.0015 0.0007 0.0022 0.0010 0.9874 0.0019 0.0034 
        CF07  8 0.0007 0.0033 0.0080 0.0034 0.0183 0.9408 0.0239 0.0016 
        CF08  8 0.0019 0.0016 0.0007 0.0023 0.0010 0.9874 0.0018 0.0033 
        CF09  8 0.0020 0.0011 0.0006 0.0030 0.0011 0.9855 0.0012 0.0055 
        CF10  8 0.0018 0.0011 0.0007 0.0020 0.0007 0.9896 0.0019 0.0023 
        CF11  8 0.0100 0.0066 0.0004 0.0081 0.0005 0.7822 0.0166 0.1756 
        CF12  8 0.0020 0.0010 0.0006 0.0030 0.0010 0.9854 0.0013 0.0057 
        CF13  8 0.0019 0.0014 0.0007 0.0021 0.0010 0.9878 0.0018 0.0033 
        CF14  8 0.0022 0.0038 0.0008 0.0726 0.0017 0.9051 0.0086 0.0051 
        CF15  8 0.0010 0.0019 0.0007 0.0027 0.0017 0.9824 0.0047 0.0049 
        CF16  8 0.0020 0.0010 0.0006 0.0029 0.0010 0.9857 0.0012 0.0055 
        CF17  8 0.0023 0.0012 0.0005 0.0034 0.0011 0.9858 0.0013 0.0043 
        CF18  8 0.0021 0.0041 0.0008 0.0717 0.0018 0.9057 0.0089 0.0049 
        CF19  8 0.0024 0.0100 0.0028 0.0027 0.0037 0.9521 0.0220 0.0043 
        CF20  8 0.0020 0.0015 0.0007 0.0022 0.0009 0.9874 0.0019 0.0034 
        CF21  8 0.0020 0.0014 0.0007 0.0022 0.0010 0.9877 0.0018 0.0033 
        CF22  8 0.0018 0.0015 0.0007 0.0021 0.0010 0.9878 0.0018 0.0032 
        CF23  8 0.0017 0.0014 0.0007 0.0021 0.0010 0.9879 0.0018 0.0033 
        CF24  8 0.0021 0.0010 0.0006 0.0028 0.0010 0.9856 0.0012 0.0057 
        CF25  8 0.0021 0.0010 0.0006 0.0031 0.0010 0.9855 0.0012 0.0054 
        CF26  8 0.2406 0.0010 0.0004 0.2018 0.0015 0.5507 0.0021 0.0019 
        CF27  8 0.0020 0.0015 0.0007 0.0023 0.0010 0.9873 0.0019 0.0033 
        CF28  8 0.0008 0.0023 0.0007 0.0043 0.0016 0.9796 0.0059 0.0047 
        CF29  8 0.0020 0.0010 0.0006 0.0029 0.0011 0.9851 0.0013 0.0060 
        CF30  8 0.0013 0.0013 0.0008 0.0057 0.0014 0.9819 0.0020 0.0055 
        CF31  8 0.0022 0.0010 0.0005 0.0028 0.0010 0.9852 0.0013 0.0060 
        CF32  8 0.0061 0.0010 0.0004 0.0039 0.0009 0.9838 0.0014 0.0025 
        CF33  8 0.0016 0.0667 0.0007 0.0018 0.0008 0.9235 0.0017 0.0032 
        CF34  8 0.0019 0.0015 0.0007 0.0023 0.0010 0.9875 0.0019 0.0033 
        CF35  8 0.0010 0.0021 0.0007 0.0025 0.0017 0.9822 0.0047 0.0050 
        CF36  8 0.0014 0.0010 0.0004 0.0015 0.0005 0.9909 0.0015 0.0028 
        BP01  8 0.0070 0.0010 0.0007 0.0016 0.0010 0.9551 0.0021 0.0315 
        BP02  8 0.0009 0.0011 0.0006 0.1888 0.0007 0.8023 0.0031 0.0026 
        BP03  8 0.0017 0.0009 0.0004 0.0024 0.0049 0.9861 0.0015 0.0020 
        BP04  8 0.0030 0.0008 0.0005 0.0042 0.0013 0.9788 0.0016 0.0097 
        BP06  8 0.0024 0.0009 0.0006 0.0018 0.0017 0.9869 0.0014 0.0044 
        BP07  8 0.0018 0.0033 0.0005 0.0039 0.0010 0.9382 0.0460 0.0052 
        BP08  8 0.0022 0.0009 0.0007 0.0023 0.0014 0.9805 0.0015 0.0107 
        BP09  8 0.0098 0.0018 0.0007 0.0020 0.1108 0.8707 0.0020 0.0023 
        BP10  8 0.0007 0.0009 0.0006 0.0016 0.0009 0.9888 0.0018 0.0046 
        BP11  8 0.0013 0.0007 0.0005 0.0013 0.0007 0.9926 0.0014 0.0015 
        BP12  8 0.1166 0.0011 0.0005 0.0015 0.0007 0.8756 0.0014 0.0025 
        BP14  8 0.0020 0.0018 0.0009 0.0051 0.0015 0.9506 0.0055 0.0327 
        BP16  8 0.0010 0.0008 0.0008 0.0016 0.0010 0.9910 0.0012 0.0027 
        BP17  8 0.0016 0.0008 0.0005 0.0015 0.0016 0.9878 0.0024 0.0040 
        BP18  8 0.0007 0.0009 0.0006 0.0018 0.0009 0.9889 0.0018 0.0044 
        BP19  8 0.0011 0.0012 0.0009 0.0011 0.0008 0.9904 0.0022 0.0023 
        BP20  8 0.0007 0.0010 0.0006 0.0018 0.0010 0.9888 0.0018 0.0044 
   BP2007-01  8 0.0013 0.0007 0.0005 0.0013 0.0008 0.9925 0.0014 0.0015 
   BP2007-02  8 0.0015 0.0007 0.0007 0.0012 0.0005 0.9922 0.0013 0.0019 
   BP2007-03  8 0.0058 0.0009 0.0007 0.3256 0.0005 0.6616 0.0026 0.0023 
   BP2007-04  8 0.0010 0.0012 0.0009 0.0012 0.0006 0.9910 0.0020 0.0022 
   BP2007-05  8 0.0280 0.1600 0.0004 0.0017 0.0005 0.8036 0.0019 0.0040 
   BP2007-06  8 0.0130 0.0011 0.0007 0.0033 0.0013 0.9490 0.0012 0.0304 
   BP2007-07  8 0.0016 0.0009 0.0005 0.0025 0.0049 0.9862 0.0015 0.0020 
   BP2007-08  8 0.0081 0.0018 0.0063 0.0041 0.0013 0.9663 0.0071 0.0051 
   BP2007-09  8 0.0086 0.0017 0.0065 0.0043 0.0014 0.9655 0.0070 0.0051 
   BP2007-10  8 0.0018 0.0008 0.0005 0.0024 0.0046 0.9864 0.0015 0.0020 
   BP2007-11  8 0.0015 0.0007 0.0005 0.0015 0.0016 0.9912 0.0015 0.0014 
   BP2007-12  8 0.0053 0.0007 0.0007 0.0245 0.0006 0.9632 0.0015 0.0035 
   BP2007-13  8 0.0086 0.0017 0.0066 0.0044 0.0014 0.9654 0.0069 0.0050 
   BP2007-14  8 0.0026 0.0052 0.0006 0.0935 0.0012 0.6888 0.1991 0.0090 
   BP2007-15  8 0.0014 0.0009 0.0006 0.0010 0.0007 0.9901 0.0013 0.0041 
   BP2007-16  8 0.0015 0.0014 0.0060 0.0284 0.0015 0.9562 0.0019 0.0030 
   BP2007-17  8 0.0022 0.0009 0.0006 0.0024 0.0013 0.9805 0.0015 0.0105 
   BP2007-18  8 0.0015 0.0034 0.0009 0.0083 0.0006 0.8413 0.1424 0.0016 
   BP2007-19  8 0.0031 0.0008 0.0005 0.0043 0.0014 0.9782 0.0016 0.0101 
   BP2007-20  8 0.0030 0.0008 0.0005 0.0041 0.0014 0.9786 0.0017 0.0100 
   BP2007-21  8 0.0010 0.0008 0.0005 0.0013 0.0007 0.9924 0.0016 0.0017 
   BP2007-22  8 0.0015 0.0007 0.0005 0.0014 0.0017 0.9911 0.0015 0.0015 
   BP2007-23  8 0.0013 0.0007 0.0005 0.0013 0.0008 0.9925 0.0014 0.0016 
   BP2007-24  8 0.0062 0.0016 0.0009 0.0027 0.0011 0.9807 0.0019 0.0051 
   BP2007-25  8 0.0015 0.0007 0.0007 0.0010 0.0005 0.9925 0.0013 0.0018 
   BP2007-26  8 0.1169 0.0012 0.0005 0.0015 0.0008 0.8753 0.0015 0.0024 
   BP2007-27  8 0.0007 0.0009 0.0005 0.0017 0.0009 0.9889 0.0017 0.0045 
   BP2007-28  8 0.0016 0.0007 0.0005 0.0014 0.0017 0.9911 0.0016 0.0014 
   BP2007-29  8 0.0009 0.0007 0.0005 0.0012 0.0009 0.9925 0.0016 0.0017 
   BP2007-30  8 0.0033 0.0007 0.0008 0.0027 0.0006 0.9676 0.0016 0.0227 
   BP2007-31  8 0.0018 0.0012 0.0007 0.0018 0.0008 0.9890 0.0012 0.0035 
   BP2007-32  8 0.0009 0.0484 0.0004 0.1235 0.0009 0.7281 0.0164 0.0814 
   BP2007-33  8 0.0016 0.0007 0.0005 0.0014 0.0017 0.9911 0.0015 0.0015 
   BP2007-34  8 0.0305 0.0009 0.0005 0.0046 0.0007 0.8931 0.0021 0.0677 
   BP2007-35  8 0.0029 0.0008 0.0005 0.0040 0.0015 0.9792 0.0017 0.0095 
   BP2007-36  8 0.0015 0.0007 0.0007 0.0010 0.0005 0.9926 0.0012 0.0018 
   BP2007-37  8 0.0013 0.0637 0.0067 0.0012 0.0006 0.8625 0.0623 0.0016 
   BP2007-38  8 0.0016 0.0009 0.0005 0.0023 0.0051 0.9862 0.0015 0.0020 
   BP2007-39  8 0.0014 0.0009 0.0006 0.0009 0.0007 0.9899 0.0012 0.0043 
   BP2007-40  8 0.0031 0.0009 0.0006 0.0029 0.0042 0.9781 0.0015 0.0085 
        BP21  8 0.0014 0.0007 0.0007 0.0010 0.0005 0.9925 0.0013 0.0019 
        BP22  8 0.0062 0.0010 0.0005 0.0069 0.0012 0.9789 0.0013 0.0040 
        BP23  8 0.0253 0.0009 0.0004 0.0020 0.0009 0.9626 0.0012 0.0069 
        BP24  8 0.0066 0.0009 0.0005 0.0179 0.0011 0.9669 0.0012 0.0049 
        BP25  8 0.0014 0.0007 0.0007 0.0010 0.0005 0.9926 0.0013 0.0019 
        BP26  8 0.0015 0.0007 0.0007 0.0010 0.0005 0.9925 0.0013 0.0019 
        BP27  8 0.0276 0.0015 0.0071 0.0045 0.0013 0.9460 0.0071 0.0050 
        BP28  8 0.0068 0.0010 0.0005 0.0067 0.0011 0.9785 0.0013 0.0040 
        BP29  8 0.0010 0.0007 0.0006 0.0022 0.0006 0.9908 0.0014 0.0027 
        BP30  8 0.0015 0.0007 0.0006 0.0010 0.0005 0.9928 0.0013 0.0016 
      NNKB01  8 0.0013 0.0021 0.0006 0.0012 0.0005 0.9778 0.0046 0.0118 
      NNKB02  8 0.0016 0.0011 0.0059 0.0020 0.0020 0.9821 0.0022 0.0031 
      NNKN01  8 0.0037 0.1571 0.0014 0.0232 0.0027 0.8071 0.0032 0.0016 
         SR1  9 0.2464 0.0009 0.0005 0.0023 0.0007 0.7451 0.0014 0.0027 
        SR10  9 0.0016 0.0272 0.0008 0.0050 0.0010 0.7599 0.0042 0.2003 
        SR11  9 0.0124 0.0008 0.0005 0.2455 0.0010 0.7350 0.0013 0.0035 
        SR12  9 0.2452 0.0010 0.0004 0.0024 0.0006 0.7461 0.0015 0.0028 
        SR13  9 0.1109 0.0067 0.0022 0.1906 0.0932 0.4659 0.0045 0.1262 
        SR15  9 0.0016 0.0024 0.0018 0.0029 0.0021 0.9619 0.0022 0.0252 
        SR16  9 0.0050 0.0023 0.0004 0.0408 0.0005 0.9461 0.0019 0.0029 
        SR17  9 0.0036 0.0015 0.0005 0.0219 0.0031 0.7057 0.0016 0.2621 
        SR18  9 0.0050 0.0017 0.0049 0.0102 0.0022 0.9675 0.0025 0.0060 
        SR19  9 0.0740 0.0646 0.0004 0.1036 0.0010 0.7529 0.0013 0.0021 
         SR2  9 0.0123 0.0008 0.0005 0.2438 0.0010 0.7368 0.0013 0.0036 
        SR20  9 0.0012 0.0016 0.0004 0.0218 0.0008 0.6586 0.0014 0.3141 
        SR21  9 0.1686 0.0010 0.0007 0.0025 0.0008 0.8184 0.0014 0.0067 
        SR22  9 0.4141 0.0012 0.0006 0.0060 0.0005 0.5746 0.0010 0.0021 
        SR23  9 0.1637 0.0015 0.0024 0.0027 0.0008 0.8199 0.0026 0.0064 
        SR24  9 0.0049 0.0039 0.0029 0.0511 0.0005 0.8636 0.0021 0.0711 
        SR25  9 0.0156 0.0035 0.0010 0.0138 0.0007 0.9592 0.0015 0.0047 
        SR26  9 0.0042 0.0328 0.0005 0.1217 0.0006 0.6003 0.0028 0.2372 
        SR27  9 0.1047 0.0020 0.0006 0.0033 0.0007 0.8842 0.0018 0.0027 
        SR28  9 0.0017 0.0014 0.0006 0.1522 0.0005 0.8402 0.0016 0.0017 
        SR29  9 0.0141 0.0033 0.0013 0.0100 0.0006 0.8321 0.0022 0.1364 
         SR3  9 0.0091 0.0009 0.0004 0.4444 0.0009 0.5407 0.0015 0.0022 
        SR30  9 0.0040 0.0010 0.0006 0.0021 0.0007 0.9660 0.0011 0.0246 
         SR5  9 0.0329 0.0012 0.0006 0.0209 0.0010 0.9111 0.0014 0.0309 
         SR6  9 0.0095 0.0011 0.0007 0.0126 0.0008 0.9633 0.0014 0.0107 
         SR7  9 0.0015 0.0017 0.0004 0.0021 0.0005 0.5558 0.0016 0.4364 
         SR8  9 0.0183 0.0009 0.0004 0.2962 0.0010 0.6791 0.0014 0.0026 
         SR9  9 0.0018 0.0017 0.0004 0.0024 0.0006 0.5749 0.0016 0.4166 
       HAM01 10 0.0181 0.0008 0.0004 0.0073 0.0005 0.9676 0.0012 0.0041 
       HAM02 10 0.0038 0.0025 0.0008 0.3396 0.0008 0.6407 0.0070 0.0049 
       HAM03 10 0.0180 0.0008 0.0004 0.0074 0.0005 0.9677 0.0012 0.0040 
       HAM07 10 0.0857 0.0028 0.0034 0.0163 0.0075 0.8733 0.0046 0.0066 
       HAM08 10 0.0020 0.0014 0.0005 0.3119 0.0008 0.6777 0.0013 0.0044 
       HAM09 10 0.0014 0.0182 0.0005 0.0013 0.0009 0.9541 0.0199 0.0037 
       HAM10 10 0.0024 0.0019 0.0086 0.1148 0.0006 0.8624 0.0023 0.0069 
      CRWL01 10 0.0023 0.0011 0.0010 0.0028 0.0006 0.9845 0.0017 0.0060 
      CRWL02 10 0.0027 0.0010 0.0007 0.0018 0.0006 0.9843 0.0015 0.0074 
      CRWL03 10 0.0063 0.0025 0.0004 0.0023 0.0010 0.9418 0.0017 0.0441 
      CRWL04 10 0.0013 0.0009 0.0008 0.0021 0.0033 0.9673 0.0017 0.0226 
      CRWL05 10 0.0011 0.0011 0.0007 0.0013 0.0007 0.9902 0.0019 0.0030 
      CRWL06 10 0.0038 0.0009 0.0009 0.0081 0.0010 0.9766 0.0014 0.0073 
      CRWL07 10 0.0016 0.0012 0.0009 0.0039 0.0005 0.9885 0.0019 0.0015 
      CRWL08 10 0.0010 0.0011 0.0007 0.0105 0.0017 0.9777 0.0017 0.0056 
      CRWL09 10 0.0037 0.0098 0.0004 0.0062 0.0005 0.9757 0.0014 0.0023 
      CRWL10 10 0.0108 0.0015 0.0006 0.0797 0.0011 0.9023 0.0021 0.0019 
      CRWL11 10 0.0159 0.0019 0.0016 0.0309 0.0011 0.9430 0.0024 0.0032 
      CRWL12 10 0.0012 0.0010 0.0005 0.0095 0.0017 0.7984 0.0038 0.1837 
      CRWL13 10 0.0015 0.0008 0.0004 0.0075 0.0019 0.9793 0.0013 0.0073 
      CRWL14 10 0.0014 0.0017 0.0008 0.0116 0.0011 0.9739 0.0025 0.0070 
      CRWL15 10 0.0013 0.0009 0.0004 0.0342 0.0005 0.9469 0.0010 0.0148 
      CRWL16 10 0.0016 0.0015 0.0009 0.1075 0.0009 0.8789 0.0026 0.0062 
      CRWL17 10 0.0082 0.0019 0.0016 0.0499 0.0012 0.9315 0.0024 0.0033 
      CRWL18 10 0.0036 0.0011 0.0004 0.0057 0.0005 0.9852 0.0013 0.0022 
      CRWL19 10 0.0035 0.0011 0.0004 0.0058 0.0005 0.9852 0.0013 0.0022 
      CRWL20 10 0.0016 0.0010 0.0005 0.0029 0.0007 0.9895 0.0014 0.0023 
      CRWL21 10 0.0026 0.0090 0.0005 0.2886 0.0006 0.6947 0.0020 0.0020 
       MES01 11 0.9925 0.0006 0.0005 0.0011 0.0006 0.0024 0.0009 0.0013 
       MES02 11 0.9924 0.0007 0.0005 0.0010 0.0005 0.0025 0.0010 0.0013 
       MES03 11 0.9344 0.0010 0.0004 0.0010 0.0006 0.0026 0.0011 0.0590 
       MES04 11 0.9923 0.0007 0.0004 0.0011 0.0006 0.0025 0.0010 0.0014 
       MES05 11 0.9930 0.0006 0.0004 0.0009 0.0006 0.0024 0.0010 0.0013 
       MES06 11 0.9925 0.0006 0.0004 0.0011 0.0006 0.0024 0.0009 0.0014 
       MES07 11 0.9925 0.0006 0.0004 0.0011 0.0006 0.0025 0.0010 0.0013 
       MES08 11 0.9926 0.0006 0.0004 0.0011 0.0006 0.0024 0.0009 0.0014 
       MES09 11 0.9926 0.0006 0.0005 0.0011 0.0006 0.0023 0.0009 0.0013 
       MES10 11 0.9924 0.0007 0.0004 0.0010 0.0006 0.0024 0.0010 0.0014 
       MES11 11 0.9832 0.0040 0.0005 0.0010 0.0006 0.0083 0.0010 0.0013 
       MES12 11 0.9926 0.0006 0.0004 0.0011 0.0006 0.0023 0.0010 0.0013 
       MES13 11 0.9926 0.0006 0.0004 0.0011 0.0006 0.0024 0.0009 0.0013 
       MES14 11 0.9938 0.0005 0.0004 0.0009 0.0005 0.0016 0.0009 0.0013 
       MES15 11 0.9571 0.0008 0.0308 0.0009 0.0038 0.0019 0.0034 0.0013 
       MES16 11 0.9924 0.0007 0.0004 0.0010 0.0006 0.0025 0.0010 0.0013 
       MES17 11 0.9925 0.0006 0.0004 0.0011 0.0006 0.0024 0.0010 0.0013 
       MES18 11 0.9926 0.0006 0.0004 0.0011 0.0006 0.0024 0.0009 0.0013 
       MES19 11 0.9925 0.0006 0.0005 0.0011 0.0006 0.0024 0.0009 0.0013 
       MES20 11 0.9927 0.0006 0.0004 0.0011 0.0005 0.0023 0.0009 0.0014 
       MES21 11 0.9939 0.0006 0.0004 0.0008 0.0006 0.0016 0.0009 0.0013 
       MES22 11 0.9925 0.0006 0.0004 0.0011 0.0006 0.0025 0.0009 0.0013 
       SAX01 11 0.9935 0.0006 0.0004 0.0010 0.0005 0.0018 0.0009 0.0013 
       SAX02 11 0.9938 0.0006 0.0004 0.0009 0.0005 0.0016 0.0009 0.0013 
       SAX03 11 0.9898 0.0007 0.0004 0.0033 0.0005 0.0024 0.0015 0.0013 
       SAX04 11 0.8826 0.0017 0.0004 0.0950 0.0005 0.0167 0.0012 0.0019 
       SAX05 11 0.9925 0.0006 0.0004 0.0010 0.0005 0.0027 0.0009 0.0013 
       SAX06 11 0.9924 0.0006 0.0004 0.0010 0.0005 0.0028 0.0009 0.0013 
       SAX07 11 0.9937 0.0006 0.0004 0.0008 0.0005 0.0018 0.0009 0.0012 
       SAX08 11 0.9503 0.0015 0.0004 0.0053 0.0006 0.0396 0.0009 0.0014 
       SAX09 11 0.9939 0.0006 0.0004 0.0008 0.0005 0.0016 0.0009 0.0013 
       SAX10 11 0.9337 0.0009 0.0004 0.0056 0.0005 0.0031 0.0009 0.0549 
       SAX11 11 0.9511 0.0006 0.0004 0.0423 0.0005 0.0028 0.0010 0.0014 
       SAX12 11 0.9939 0.0006 0.0004 0.0009 0.0005 0.0015 0.0009 0.0013 
       SAX13 11 0.9941 0.0005 0.0004 0.0008 0.0005 0.0017 0.0009 0.0011 
       SAX14 11 0.9925 0.0006 0.0005 0.0009 0.0005 0.0028 0.0009 0.0014 
       SAX15 11 0.9518 0.0053 0.0004 0.0188 0.0006 0.0209 0.0009 0.0013 
       SAX16 11 0.9934 0.0006 0.0004 0.0010 0.0005 0.0018 0.0009 0.0013 
       SAX17 11 0.9937 0.0005 0.0004 0.0008 0.0005 0.0019 0.0009 0.0012 
       SAX18 11 0.9937 0.0005 0.0004 0.0008 0.0005 0.0018 0.0010 0.0012 
       SAX19 11 0.9904 0.0008 0.0004 0.0008 0.0005 0.0046 0.0009 0.0016 
       IRP01 11 0.9939 0.0005 0.0004 0.0008 0.0005 0.0017 0.0009 0.0012 
       IRP02 11 0.9936 0.0005 0.0004 0.0011 0.0006 0.0017 0.0009 0.0013 
       IRP03 11 0.9936 0.0006 0.0004 0.0011 0.0005 0.0017 0.0009 0.0012 
       IRP04 11 0.9936 0.0005 0.0004 0.0010 0.0005 0.0017 0.0009 0.0013 
       IRP05 11 0.9935 0.0005 0.0004 0.0011 0.0005 0.0017 0.0009 0.0013 
       IRP06 11 0.9939 0.0005 0.0004 0.0008 0.0005 0.0017 0.0009 0.0012 
       IRP07 11 0.9935 0.0006 0.0004 0.0011 0.0005 0.0017 0.0009 0.0012 
       IRP08 11 0.9938 0.0005 0.0004 0.0008 0.0005 0.0018 0.0009 0.0012 
       IRP09 11 0.9936 0.0005 0.0004 0.0011 0.0005 0.0017 0.0009 0.0013 
       IRP10 11 0.9939 0.0005 0.0004 0.0008 0.0005 0.0017 0.0009 0.0012 
       IRP11 11 0.9938 0.0005 0.0004 0.0009 0.0005 0.0017 0.0009 0.0012 
       IRP12 11 0.9939 0.0005 0.0004 0.0008 0.0005 0.0016 0.0009 0.0012 
       IRP13 11 0.9938 0.0005 0.0004 0.0009 0.0005 0.0017 0.0009 0.0012 
       IRP14 11 0.9936 0.0006 0.0004 0.0011 0.0005 0.0017 0.0009 0.0012 
       IRP15 11 0.9936 0.0005 0.0004 0.0011 0.0005 0.0016 0.0009 0.0013 
       IRP16 11 0.0020 0.0009 0.0004 0.0014 0.0005 0.9902 0.0014 0.0033 
     IRP16-2 11 0.0019 0.0009 0.0004 0.0015 0.0005 0.9903 0.0013 0.0032 
       IRP17 11 0.9936 0.0005 0.0004 0.0011 0.0005 0.0017 0.0009 0.0013 
       MRT01 11 0.9937 0.0005 0.0004 0.0009 0.0006 0.0018 0.0009 0.0012 
       MRT02 11 0.9939 0.0005 0.0004 0.0009 0.0005 0.0016 0.0009 0.0013 
       MRT03 11 0.9940 0.0005 0.0004 0.0009 0.0005 0.0017 0.0009 0.0011 
       MRT04 11 0.9937 0.0005 0.0004 0.0009 0.0006 0.0018 0.0009 0.0012 
       MRT05 11 0.9936 0.0005 0.0004 0.0009 0.0006 0.0018 0.0009 0.0012 
       MRT06 11 0.9941 0.0005 0.0004 0.0008 0.0005 0.0016 0.0008 0.0012 
       MRT07 11 0.9939 0.0005 0.0004 0.0008 0.0006 0.0016 0.0009 0.0013 
       MRT08 11 0.9927 0.0006 0.0004 0.0008 0.0006 0.0028 0.0009 0.0012 
       MRT09 11 0.9938 0.0005 0.0004 0.0009 0.0005 0.0016 0.0009 0.0013 
       MRT10 11 0.9938 0.0005 0.0004 0.0009 0.0005 0.0017 0.0009 0.0013 
       MRT11 11 0.9939 0.0006 0.0004 0.0009 0.0005 0.0016 0.0009 0.0013 
       MRT12 11 0.9938 0.0006 0.0004 0.0009 0.0006 0.0017 0.0009 0.0012 
       MRT13 11 0.9380 0.0005 0.0004 0.0204 0.0006 0.0077 0.0009 0.0315 
       MRT14 11 0.9938 0.0005 0.0004 0.0009 0.0006 0.0018 0.0009 0.0012 
       MRT15 11 0.9937 0.0005 0.0004 0.0009 0.0006 0.0018 0.0009 0.0012 
       MRT16 11 0.9941 0.0005 0.0004 0.0008 0.0005 0.0017 0.0008 0.0012 
       MRT17 11 0.9940 0.0005 0.0004 0.0008 0.0005 0.0017 0.0008 0.0012 
       MRT18 11 0.9936 0.0005 0.0004 0.0009 0.0007 0.0017 0.0009 0.0013 
       MRT19 11 0.9937 0.0006 0.0004 0.0009 0.0006 0.0018 0.0009 0.0012 
       MRT20 11 0.9937 0.0006 0.0004 0.0009 0.0006 0.0017 0.0009 0.0013 
       MRT21 11 0.9937 0.0005 0.0004 0.0009 0.0006 0.0018 0.0009 0.0012 
       MRT22 11 0.9937 0.0006 0.0004 0.0009 0.0006 0.0017 0.0009 0.0012 
       MRT23 11 0.9938 0.0005 0.0004 0.0009 0.0006 0.0018 0.0009 0.0012 
       MRT24 11 0.9937 0.0005 0.0004 0.0009 0.0005 0.0017 0.0009 0.0013 
       MRT25 11 0.9938 0.0005 0.0004 0.0009 0.0006 0.0017 0.0009 0.0012 
       MRT26 11 0.9937 0.0005 0.0004 0.0009 0.0006 0.0018 0.0009 0.0012 
       MRT27 11 0.9936 0.0005 0.0004 0.0009 0.0006 0.0018 0.0009 0.0013 
       MRT28 11 0.9938 0.0005 0.0004 0.0009 0.0006 0.0016 0.0009 0.0013 
       MRT29 11 0.9937 0.0005 0.0004 0.0009 0.0006 0.0018 0.0009 0.0012 
       MRT30 11 0.9941 0.0005 0.0004 0.0008 0.0005 0.0017 0.0009 0.0012 
       MRT31 11 0.9937 0.0006 0.0004 0.0009 0.0006 0.0018 0.0009 0.0012 
       MRT32 11 0.9937 0.0005 0.0004 0.0009 0.0006 0.0018 0.0009 0.0012 
       MRT33 11 0.9920 0.0007 0.0004 0.0016 0.0005 0.0022 0.0012 0.0013 
        LK01 10 0.0017 0.0009 0.0117 0.0028 0.0007 0.9778 0.0023 0.0021 
        LK02 10 0.0024 0.0017 0.0004 0.0033 0.0007 0.9609 0.0010 0.0296 
        LK05 10 0.0011 0.0008 0.0006 0.0034 0.0033 0.9872 0.0014 0.0022 
        LK06 10 0.0151 0.0018 0.0004 0.0615 0.0007 0.9072 0.0024 0.0109 
        LK07 10 0.0155 0.0080 0.0111 0.0019 0.0023 0.9560 0.0034 0.0018 
     LK07-01 10 0.0010 0.0008 0.0007 0.0029 0.0034 0.9875 0.0014 0.0023 
     LK07-02 10 0.0011 0.0011 0.0471 0.0064 0.0008 0.9348 0.0030 0.0057 
     LK07-03 10 0.0009 0.0026 0.0009 0.1236 0.0007 0.8645 0.0015 0.0053 
     LK07-04 10 0.0006 0.0010 0.0005 0.0123 0.0006 0.9822 0.0015 0.0013 
     LK07-05 10 0.0031 0.0010 0.0004 0.0028 0.0005 0.9873 0.0022 0.0026 
     LK07-06 10 0.0144 0.0052 0.0011 0.0023 0.0030 0.9693 0.0022 0.0025 
        LK08 10 0.0026 0.0009 0.0004 0.0017 0.0005 0.9884 0.0019 0.0036 
        LK09 10 0.0011 0.0012 0.0005 0.0055 0.0007 0.9877 0.0013 0.0021 
        LK11 10 0.0011 0.0102 0.0005 0.0042 0.0006 0.9708 0.0100 0.0027 
        LK12 10 0.0016 0.0016 0.0005 0.0035 0.0005 0.9848 0.0013 0.0062 
        LK13 10 0.0025 0.0025 0.0030 0.0024 0.0011 0.9796 0.0057 0.0031 
        LK14 10 0.0021 0.0015 0.0025 0.0047 0.0009 0.9792 0.0031 0.0060 
        LK15 10 0.0016 0.0013 0.0005 0.0033 0.0006 0.9892 0.0012 0.0023 
        LK16 10 0.0013 0.0012 0.0007 0.0101 0.0012 0.9810 0.0019 0.0025 
        LK17 10 0.0031 0.0009 0.0005 0.0016 0.0006 0.9895 0.0014 0.0025 
        LK18 10 0.0099 0.0009 0.0005 0.0126 0.0012 0.9717 0.0014 0.0019 
        LK19 10 0.0147 0.0054 0.0011 0.0023 0.0029 0.9688 0.0021 0.0027 
        LK20 10 0.0010 0.0009 0.0006 0.0025 0.0006 0.9892 0.0014 0.0038 
        LK21 10 0.0011 0.0039 0.0031 0.0032 0.0020 0.9585 0.0033 0.0250 
        LK22 10 0.0022 0.0009 0.0005 0.0027 0.0014 0.9887 0.0014 0.0022 
        LK23 10 0.0014 0.0021 0.0035 0.0016 0.0012 0.9842 0.0031 0.0029 
        LK24 10 0.0019 0.0029 0.0007 0.1798 0.0032 0.8043 0.0021 0.0050 
        LK25 10 0.0064 0.0011 0.0004 0.0043 0.0009 0.9830 0.0014 0.0024 
       LMC01 10 0.0009 0.0009 0.0004 0.4339 0.0007 0.5547 0.0013 0.0072 
       LMC02 10 0.0009 0.0007 0.0005 0.1951 0.0006 0.7946 0.0011 0.0065 
       LMC03 10 0.0076 0.0007 0.0005 0.2290 0.0006 0.7577 0.0010 0.0030 
       LMC04 10 0.0020 0.0082 0.0009 0.0061 0.0019 0.9721 0.0051 0.0036 
        UM01 10 0.0007 0.1973 0.0006 0.0023 0.0012 0.7357 0.0268 0.0353 
        UM02 10 0.0008 0.0022 0.0006 0.0399 0.0007 0.7245 0.0014 0.2298 
        UM03 10 0.0008 0.0013 0.0009 0.1534 0.0009 0.6473 0.0016 0.1937 
        UM04 10 0.0009 0.0015 0.0008 0.0367 0.0013 0.9309 0.0026 0.0253 
        UM05 10 0.0012 0.0991 0.0012 0.0100 0.0059 0.8742 0.0040 0.0043 
        UM06 10 0.0009 0.0028 0.0013 0.0017 0.0021 0.8031 0.1645 0.0236 
        UM07 10 0.0012 0.0069 0.0008 0.0037 0.0016 0.9055 0.0047 0.0755 
        UM08 10 0.0023 0.0020 0.0030 0.0050 0.0007 0.8793 0.1054 0.0024 
        UM09 10 0.0021 0.1173 0.0007 0.0015 0.0006 0.8068 0.0596 0.0113 
        UM10 10 0.0012 0.0999 0.0014 0.0126 0.0061 0.8705 0.0039 0.0044 
       PLT01 10 0.0148 0.0009 0.0005 0.0022 0.0008 0.9672 0.0014 0.0122 
       PLT02 10 0.0014 0.0022 0.0111 0.0011 0.0005 0.9643 0.0168 0.0025 
       PLT03 10 0.0032 0.0011 0.0004 0.0021 0.0012 0.9888 0.0013 0.0019 
        DC01 10 0.0013 0.0100 0.0018 0.0037 0.0062 0.9710 0.0042 0.0017 
        DC02 10 0.0014 0.0049 0.0009 0.0012 0.0014 0.9804 0.0049 0.0048 
        DC03 10 0.0010 0.0947 0.0008 0.0129 0.0008 0.8852 0.0023 0.0022 
        DC04 10 0.0068 0.0295 0.0012 0.0105 0.0159 0.8478 0.0806 0.0076 
        DC05 10 0.0095 0.0047 0.0004 0.0213 0.0006 0.9586 0.0029 0.0019 
        DC06 10 0.0015 0.0043 0.0061 0.0120 0.0104 0.9515 0.0113 0.0029 
        DC07 10 0.0015 0.0101 0.0033 0.0061 0.0170 0.8061 0.0061 0.1497 
        DC08 10 0.0013 0.0014 0.0007 0.0052 0.0008 0.9875 0.0017 0.0013 
        DC09 10 0.0032 0.0071 0.0053 0.0013 0.0592 0.8369 0.0851 0.0018 
        DC10 10 0.0018 0.1498 0.0010 0.0101 0.0218 0.7572 0.0121 0.0462 
        DC11 10 0.0015 0.0050 0.0009 0.0012 0.0014 0.9718 0.0137 0.0045 
        DC12 10 0.0011 0.0020 0.0102 0.0035 0.0127 0.9644 0.0044 0.0017 
        DC13 10 0.1494 0.0060 0.0008 0.0045 0.0008 0.8348 0.0023 0.0014 
        DC14 10 0.0069 0.0277 0.0011 0.0107 0.0163 0.8482 0.0815 0.0076 
        DC15 10 0.0014 0.0024 0.0027 0.0076 0.0024 0.9577 0.0035 0.0223 
        DC16 10 0.0025 0.0019 0.0071 0.0036 0.0283 0.9453 0.0062 0.0051 
        DC17 10 0.0016 0.0015 0.0008 0.0043 0.0017 0.9849 0.0020 0.0033 
        DC18 10 0.0018 0.1942 0.0005 0.0032 0.0008 0.7953 0.0023 0.0018 
        DC19 10 0.0014 0.0014 0.0021 0.1084 0.0092 0.8519 0.0015 0.0242 
        DC20 10 0.1149 0.0009 0.0005 0.1258 0.0007 0.7459 0.0016 0.0097 
        DC21 10 0.0007 0.0026 0.0007 0.0016 0.0014 0.9878 0.0030 0.0020 
        DC22 10 0.0011 0.0963 0.0009 0.0087 0.0036 0.6720 0.0593 0.1583 
        DC23 10 0.0017 0.0013 0.0005 0.0023 0.0015 0.9808 0.0044 0.0075 
        DC24 10 0.0019 0.1944 0.0005 0.0032 0.0008 0.7950 0.0024 0.0018 
        DC25 10 0.0009 0.0052 0.0005 0.0694 0.0013 0.9176 0.0018 0.0033 
        DC26 10 0.0010 0.0019 0.0108 0.0034 0.0125 0.9645 0.0042 0.0017 
        PC02 12 0.0020 0.0009 0.0004 0.0015 0.0005 0.9901 0.0014 0.0033 
        PC03 12 0.0019 0.0008 0.0004 0.0014 0.0005 0.9903 0.0013 0.0033 
        PC04 12 0.0019 0.0008 0.0004 0.0014 0.0005 0.9903 0.0013 0.0033 
        PC05 12 0.0019 0.0009 0.0004 0.0015 0.0005 0.9902 0.0014 0.0032 
        PC06 12 0.0021 0.0009 0.0004 0.0015 0.0005 0.9900 0.0014 0.0033 
        PC07 12 0.1027 0.0008 0.0004 0.0013 0.0014 0.8898 0.0012 0.0024 
        PC08 12 0.0020 0.0009 0.0004 0.0015 0.0005 0.9901 0.0013 0.0034 
        PC09 12 0.0019 0.0008 0.0004 0.0015 0.0005 0.9902 0.0013 0.0033 
        PC10 12 0.0019 0.0009 0.0004 0.0020 0.0005 0.9887 0.0013 0.0044 
        PC11 12 0.0019 0.0009 0.0004 0.0015 0.0005 0.9902 0.0014 0.0033 
        PC12 12 0.0019 0.0009 0.0004 0.0014 0.0005 0.9902 0.0014 0.0033 
        PC13 12 0.0019 0.0009 0.0004 0.0014 0.0005 0.9902 0.0013 0.0034 
        PC14 12 0.0020 0.0009 0.0004 0.0015 0.0005 0.9901 0.0013 0.0033 
        PC01 12 0.0019 0.0009 0.0004 0.0014 0.0005 0.9902 0.0014 0.0033 
      Nuke10 13 0.0064 0.0007 0.0005 0.9854 0.0008 0.0037 0.0012 0.0014 
      Nuke11 13 0.0206 0.0008 0.0008 0.9689 0.0011 0.0047 0.0015 0.0016 
      Nuke12 13 0.0024 0.0036 0.0016 0.9017 0.0079 0.0756 0.0028 0.0045 
      Nuke13 13 0.0122 0.0010 0.0008 0.9761 0.0010 0.0053 0.0013 0.0023 
      Nuke01 13 0.0278 0.0010 0.0004 0.9578 0.0005 0.0080 0.0012 0.0033 
      Nuke02 13 0.0022 0.0036 0.0016 0.9003 0.0075 0.0777 0.0028 0.0044 
      Nuke03 13 0.0200 0.0009 0.0007 0.9669 0.0010 0.0069 0.0015 0.0020 
      Nuke04 13 0.0052 0.0007 0.0005 0.9878 0.0009 0.0025 0.0010 0.0014 
      Nuke05 13 0.0066 0.0007 0.0005 0.9853 0.0009 0.0034 0.0011 0.0015 
      Nuke06 13 0.0356 0.0018 0.0005 0.9504 0.0010 0.0068 0.0016 0.0024 
      Nuke07 13 0.0025 0.0009 0.0005 0.9876 0.0010 0.0045 0.0013 0.0017 
      Nuke08 13 0.0014 0.0008 0.0005 0.9907 0.0012 0.0027 0.0010 0.0017 
      Nuke09 13 0.0016 0.0008 0.0008 0.9894 0.0012 0.0033 0.0012 0.0018 
       Rad01 13 0.0015 0.0012 0.0004 0.9258 0.0012 0.0561 0.0011 0.0126 
       Rad02 13 0.2783 0.0010 0.0006 0.7131 0.0009 0.0033 0.0012 0.0017 
       Rad03 13 0.0086 0.0009 0.0004 0.9821 0.0007 0.0037 0.0010 0.0026 
       Rad04 13 0.0918 0.0009 0.0005 0.8985 0.0008 0.0035 0.0011 0.0029 
       Rad05 13 0.0023 0.0013 0.0005 0.9529 0.0008 0.0041 0.0367 0.0014 
       Rad06 13 0.0013 0.0008 0.0008 0.9880 0.0007 0.0034 0.0011 0.0039 
       Rad07 13 0.0034 0.0008 0.0005 0.9878 0.0012 0.0034 0.0012 0.0017 
       Rad08 13 0.0273 0.0108 0.0014 0.8204 0.0045 0.1133 0.0019 0.0203 
       Rad09 13 0.0477 0.0010 0.0004 0.9332 0.0007 0.0062 0.0013 0.0094 
       Rad10 13 0.0261 0.0009 0.0007 0.9633 0.0010 0.0051 0.0014 0.0015 
       Rad11 13 0.0047 0.0010 0.0004 0.9614 0.0010 0.0059 0.0013 0.0242 
       Rad12 13 0.0620 0.0017 0.0006 0.9160 0.0009 0.0153 0.0011 0.0025 
       Rad13 13 0.0015 0.0008 0.0005 0.9894 0.0011 0.0029 0.0010 0.0028 
       Rad14 13 0.0893 0.0010 0.0005 0.9007 0.0009 0.0037 0.0011 0.0029 
       Rad15 13 0.0100 0.0011 0.0005 0.9553 0.0007 0.0107 0.0014 0.0203 
       Rad16 13 0.0014 0.0008 0.0005 0.9909 0.0011 0.0027 0.0010 0.0017 
       HTB16 14 0.0025 0.0021 0.0005 0.0020 0.0026 0.9843 0.0037 0.0023 
       HTB17 14 0.1543 0.0042 0.0008 0.0028 0.0009 0.8314 0.0037 0.0019 
       HTB18 14 0.0036 0.0017 0.0012 0.3273 0.0012 0.5455 0.0031 0.1163 
       HTB19 14 0.0012 0.0014 0.0010 0.0027 0.0006 0.9896 0.0022 0.0014 
       HTB20 14 0.1532 0.0026 0.0009 0.0132 0.0010 0.7540 0.0733 0.0018 
       HTB21 14 0.0021 0.0077 0.0034 0.0048 0.0008 0.9372 0.0071 0.0369 
       HTB22 14 0.0076 0.0025 0.0009 0.0050 0.0021 0.9785 0.0018 0.0017 
       HTB23 14 0.0038 0.0013 0.0008 0.0086 0.0005 0.9794 0.0022 0.0033 
       HTB11 14 0.0011 0.0045 0.0044 0.0028 0.0012 0.9734 0.0064 0.0063 
       HTB12 14 0.0011 0.0024 0.0068 0.0094 0.0008 0.8985 0.0020 0.0791 
       HTB13 14 0.0010 0.0024 0.0018 0.0169 0.0004 0.8972 0.0022 0.0781 
       HTB14 14 0.0021 0.0759 0.0007 0.0079 0.0012 0.9077 0.0021 0.0023 
       HTB15 14 0.0020 0.0190 0.0029 0.0051 0.0007 0.9140 0.0218 0.0343 
       Nel01 15 0.0006 0.0018 0.0007 0.5300 0.0005 0.4619 0.0018 0.0027 
       Nel02 15 0.0085 0.1944 0.0009 0.7766 0.0006 0.0114 0.0039 0.0038 
       Nel03 15 0.0006 0.0019 0.0007 0.5304 0.0005 0.4614 0.0018 0.0027 
       Nel04 15 0.0006 0.0020 0.0007 0.5298 0.0005 0.4618 0.0018 0.0028 
       Nel05 15 0.0008 0.0014 0.0004 0.7937 0.0005 0.1764 0.0024 0.0245 
       Nel06 15 0.0008 0.0013 0.0004 0.7947 0.0005 0.1759 0.0024 0.0240 
       Nel07 15 0.0008 0.0013 0.0004 0.7941 0.0005 0.1774 0.0024 0.0232 
       Nel08 15 0.0009 0.0045 0.0067 0.6026 0.0018 0.3741 0.0073 0.0020 
       Nel09 15 0.0008 0.0013 0.0004 0.7938 0.0005 0.1766 0.0024 0.0242 
       Nel10 15 0.0019 0.0024 0.0004 0.6315 0.0004 0.3490 0.0046 0.0098 
       Nel11 15 0.0006 0.0019 0.0006 0.5305 0.0005 0.4613 0.0018 0.0028 
       Nel12 15 0.0008 0.0014 0.0004 0.7943 0.0005 0.1763 0.0023 0.0241 
       Nel13 15 0.0006 0.0023 0.0071 0.6037 0.0014 0.3779 0.0028 0.0042 
       Nel14 15 0.0008 0.0013 0.0004 0.7941 0.0005 0.1763 0.0024 0.0242 
         EI1 16 0.0016 0.0009 0.1141 0.0069 0.0005 0.8723 0.0017 0.0019 
        EI10 16 0.0014 0.0010 0.0747 0.0057 0.0007 0.9098 0.0051 0.0017 
        EI11 16 0.0013 0.0009 0.0898 0.0031 0.0006 0.9000 0.0025 0.0017 
        EI12 16 0.0017 0.0008 0.1304 0.0042 0.0005 0.8584 0.0016 0.0025 
         EI2 16 0.0013 0.0023 0.0115 0.0199 0.0042 0.9566 0.0026 0.0016 
         EI3 16 0.0018 0.0008 0.1304 0.0043 0.0005 0.8584 0.0015 0.0023 
         EI4 16 0.0013 0.0008 0.0897 0.0032 0.0007 0.9001 0.0024 0.0017 
         EI5 16 0.0017 0.0008 0.1305 0.0037 0.0005 0.8588 0.0017 0.0023 
         EI6 16 0.0013 0.0010 0.0747 0.0054 0.0007 0.9102 0.0051 0.0017 
         EI7 16 0.0013 0.0011 0.0861 0.0021 0.0006 0.8996 0.0071 0.0021 
         EI8 16 0.0012 0.0012 0.1209 0.0026 0.0007 0.8680 0.0034 0.0020 
         EI9 16 0.0014 0.0010 0.0770 0.0034 0.0009 0.9129 0.0016 0.0018 
        OL01 17 0.0015 0.0006 0.0004 0.9912 0.0010 0.0024 0.0011 0.0017 
        OL02 17 0.0034 0.0012 0.0007 0.9007 0.0005 0.0813 0.0014 0.0107 
        OL03 17 0.0016 0.0006 0.0004 0.9912 0.0009 0.0025 0.0011 0.0016 
        OL04 17 0.0015 0.0006 0.0004 0.9913 0.0010 0.0025 0.0012 0.0016 
        OL06 17 0.0014 0.0006 0.0004 0.9914 0.0010 0.0024 0.0011 0.0017 
       OSP01 17 0.0014 0.0006 0.0004 0.9912 0.0010 0.0025 0.0011 0.0017 
       OSP02 17 0.0015 0.0006 0.0004 0.9913 0.0010 0.0025 0.0011 0.0016 
       OSP03 17 0.0016 0.0006 0.0004 0.9911 0.0010 0.0025 0.0011 0.0016 
       OSP04 17 0.0016 0.0007 0.0004 0.9909 0.0011 0.0026 0.0012 0.0016 
       OSP05 17 0.0015 0.0006 0.0004 0.9912 0.0010 0.0025 0.0011 0.0016 
       OSP06 17 0.0014 0.0006 0.0004 0.9912 0.0010 0.0026 0.0012 0.0016 
       OSP07 17 0.0015 0.0006 0.0004 0.9912 0.0010 0.0025 0.0011 0.0016 
       OSP10 17 0.0016 0.0006 0.0004 0.9911 0.0010 0.0026 0.0011 0.0016 
       OSP11 17 0.0015 0.0006 0.0004 0.9910 0.0010 0.0026 0.0011 0.0017 
       OSP12 17 0.0016 0.0006 0.0004 0.9912 0.0010 0.0025 0.0011 0.0016 
       OSP13 17 0.0015 0.0006 0.0004 0.9913 0.0009 0.0025 0.0011 0.0016 
       OSP14 17 0.0015 0.0006 0.0004 0.9913 0.0010 0.0025 0.0011 0.0016 
        OY02 17 0.0023 0.0012 0.0007 0.9871 0.0008 0.0036 0.0016 0.0027 
        OY04 17 0.0030 0.0010 0.0007 0.9869 0.0005 0.0049 0.0015 0.0015 
        OY05 17 0.0012 0.0041 0.0006 0.6374 0.0013 0.3495 0.0039 0.0020 
        OY06 17 0.0009 0.0075 0.0006 0.6294 0.0015 0.3561 0.0023 0.0018 
        OY07 17 0.0075 0.0026 0.0037 0.9189 0.0092 0.0067 0.0044 0.0470 
        OY08 17 0.0076 0.0028 0.0039 0.9213 0.0090 0.0063 0.0043 0.0448 
        OY10 17 0.0205 0.0095 0.0006 0.8377 0.0007 0.1074 0.0089 0.0146 
        OY12 17 0.0023 0.0031 0.0006 0.8540 0.0005 0.1026 0.0349 0.0019 
        OY15 17 0.0009 0.0106 0.0006 0.7008 0.0017 0.2806 0.0026 0.0023 
        OY16 17 0.0010 0.4285 0.0007 0.3909 0.0007 0.1149 0.0586 0.0047 
        OY20 17 0.0026 0.0021 0.0006 0.6846 0.0006 0.3034 0.0043 0.0019 
        OY26 17 0.0032 0.0015 0.0007 0.9114 0.0005 0.0776 0.0037 0.0013 
        OY27 17 0.0014 0.0065 0.0006 0.5301 0.0011 0.4554 0.0020 0.0029 
       RHL02 17 0.0094 0.0007 0.0004 0.2950 0.0005 0.6860 0.0012 0.0067 
       RHL03 17 0.0124 0.0008 0.0004 0.2944 0.0005 0.6833 0.0013 0.0069 
       RHL05 17 0.0122 0.0008 0.0004 0.2956 0.0005 0.6823 0.0013 0.0070 
       RHL06 17 0.0067 0.0008 0.0004 0.3172 0.0005 0.6661 0.0013 0.0070 
       RHL07 17 0.0103 0.0008 0.0004 0.2838 0.0005 0.6976 0.0013 0.0054 
       RHL09 17 0.0127 0.0008 0.0004 0.2952 0.0005 0.6826 0.0013 0.0066 
       RHL11 17 0.0104 0.0008 0.0004 0.2833 0.0005 0.6984 0.0013 0.0050 
       RHL12 17 0.0053 0.0008 0.0004 0.3956 0.0005 0.5927 0.0013 0.0033 
       RHL13 17 0.0123 0.0008 0.0004 0.2947 0.0005 0.6838 0.0013 0.0062 
       RHL14 17 0.0126 0.0008 0.0004 0.2945 0.0005 0.6832 0.0013 0.0067 
       MOON1 17 0.0024 0.0021 0.0004 0.6196 0.0012 0.3714 0.0011 0.0019 
       Cre01 17 0.0009 0.0007 0.0005 0.9923 0.0005 0.0027 0.0010 0.0016 
       Cre02 17 0.0008 0.0006 0.0005 0.9920 0.0005 0.0029 0.0010 0.0017 
       Cre03 17 0.0009 0.0007 0.0005 0.9921 0.0005 0.0027 0.0010 0.0016 
       Cre04 17 0.0009 0.0007 0.0005 0.9920 0.0005 0.0028 0.0010 0.0017 
       Cre05 17 0.0009 0.0007 0.0005 0.9921 0.0005 0.0027 0.0009 0.0017 
       Cre06 17 0.0008 0.0007 0.0005 0.9920 0.0005 0.0026 0.0009 0.0021 
       Cre07 17 0.0009 0.0006 0.0005 0.9922 0.0005 0.0027 0.0010 0.0016 
       Cre08 17 0.0015 0.0006 0.0004 0.9907 0.0006 0.0029 0.0009 0.0022 
       Cre09 17 0.0008 0.0006 0.0005 0.9920 0.0005 0.0027 0.0009 0.0020 
       Cre10 17 0.0008 0.0006 0.0005 0.9924 0.0005 0.0027 0.0009 0.0015 
       Cre11 17 0.0009 0.0006 0.0005 0.9921 0.0005 0.0027 0.0010 0.0017 
       SSN31 17 0.0014 0.0006 0.0004 0.9914 0.0005 0.0031 0.0009 0.0016 
       SSN32 17 0.0008 0.0006 0.0005 0.9921 0.0005 0.0027 0.0009 0.0020 
       SSN33 17 0.0015 0.0007 0.0004 0.9920 0.0005 0.0027 0.0010 0.0014 
       SSN34 17 0.0008 0.0007 0.0005 0.9919 0.0005 0.0027 0.0009 0.0020 
       SSN35 17 0.0009 0.0007 0.0005 0.9921 0.0005 0.0027 0.0010 0.0017 
       SSN36 17 0.0009 0.0007 0.0005 0.9920 0.0005 0.0027 0.0010 0.0017 
       SSN38 17 0.0013 0.0015 0.0006 0.7376 0.0005 0.2542 0.0012 0.0032 
       SSN39 17 0.0008 0.0006 0.0005 0.9925 0.0005 0.0027 0.0009 0.0015 
       SSN40 17 0.0012 0.0006 0.0004 0.9930 0.0004 0.0021 0.0009 0.0014 
       SSN41 17 0.0008 0.0006 0.0005 0.9925 0.0005 0.0028 0.0009 0.0014 
       BCV44 17 0.0014 0.0007 0.0004 0.9916 0.0005 0.0020 0.0009 0.0024 
       BCV45 17 0.0014 0.0007 0.0004 0.9918 0.0006 0.0019 0.0009 0.0023 
       BCV46 17 0.0014 0.0007 0.0004 0.9919 0.0006 0.0019 0.0009 0.0022 
       BCV47 17 0.0014 0.0007 0.0004 0.9919 0.0006 0.0019 0.0009 0.0022 
       BCV48 17 0.0015 0.0006 0.0004 0.9918 0.0006 0.0020 0.0009 0.0023 
       BCV49 17 0.0014 0.0007 0.0004 0.9918 0.0006 0.0019 0.0009 0.0023 
       BCV50 17 0.0015 0.0007 0.0004 0.9917 0.0006 0.0019 0.0009 0.0023 
       BCV51 17 0.0015 0.0006 0.0004 0.9918 0.0005 0.0019 0.0009 0.0023 
       BCV52 17 0.0014 0.0007 0.0004 0.9919 0.0006 0.0019 0.0009 0.0023 
       BCV53 17 0.0014 0.0007 0.0004 0.9919 0.0006 0.0019 0.0009 0.0023 
      SSBC01 17 0.0015 0.0007 0.0004 0.9918 0.0006 0.0020 0.0009 0.0022 
      SSBC02 17 0.0015 0.0007 0.0004 0.9916 0.0006 0.0020 0.0009 0.0023 
      SSBC03 17 0.0015 0.0007 0.0004 0.9917 0.0006 0.0020 0.0009 0.0023 
      SSBC04 17 0.0014 0.0007 0.0004 0.9917 0.0006 0.0019 0.0009 0.0024 
      SSBC05 17 0.0014 0.0007 0.0004 0.9917 0.0006 0.0020 0.0009 0.0024 
      SSBC06 17 0.0013 0.0007 0.0004 0.9918 0.0006 0.0021 0.0009 0.0022 
      SSBC07 17 0.0015 0.0007 0.0004 0.9919 0.0006 0.0019 0.0009 0.0023 
       LCV01 17 0.0007 0.0008 0.0004 0.9898 0.0006 0.0040 0.0013 0.0024 
       LCV02 17 0.0007 0.0008 0.0004 0.9896 0.0006 0.0041 0.0013 0.0024 
