        TC01  1 0.0060 0.0305 0.0083 0.2461 0.7091 
        TC02  1 0.0347 0.0016 0.0010 0.1444 0.8183 
        TC03  1 0.0114 0.0010 0.0033 0.1914 0.7928 
        TC04  1 0.0040 0.0012 0.0011 0.3532 0.6406 
        TC05  1 0.0016 0.0005 0.0007 0.2041 0.7930 
        TC06  1 0.0017 0.0008 0.0024 0.0968 0.8982 
        TC07  1 0.0029 0.0071 0.0008 0.4484 0.5407 
        TC08  1 0.0016 0.0008 0.0010 0.2477 0.7489 
        TC09  1 0.0027 0.0018 0.0008 0.2077 0.7870 
        TC10  1 0.0036 0.0164 0.0606 0.1167 0.8027 
        TC11  1 0.0250 0.0162 0.0083 0.2024 0.7481 
        TC12  1 0.0172 0.0017 0.0015 0.2358 0.7438 
        TC13  1 0.0023 0.0009 0.0055 0.0934 0.8980 
        TC14  1 0.0034 0.0017 0.0013 0.1673 0.8264 
        TC15  1 0.0033 0.0007 0.0017 0.1689 0.8253 
        TC16  1 0.0080 0.0009 0.0023 0.2289 0.7599 
        TC17  1 0.0076 0.0033 0.0022 0.3061 0.6807 
        TC18  1 0.0999 0.0019 0.0100 0.1652 0.7230 
        TC19  1 0.0022 0.0027 0.0216 0.1542 0.8193 
        TC20  1 0.0220 0.0015 0.0021 0.1065 0.8679 
        TC21  1 0.0128 0.0030 0.0014 0.4693 0.5135 
        TC22  1 0.0012 0.0009 0.0060 0.2734 0.7185 
        TC23  1 0.0029 0.0060 0.0021 0.1958 0.7932 
        TC24  1 0.0294 0.0008 0.0027 0.0515 0.9156 
        TC25  1 0.0123 0.0700 0.0010 0.0152 0.9015 
        TC26  1 0.0012 0.0006 0.0010 0.1549 0.8422 
        TC27  1 0.0022 0.0007 0.1498 0.0146 0.8327 
        TC28  1 0.0055 0.0075 0.0013 0.1737 0.8119 
        TC29  1 0.0131 0.0022 0.0007 0.2367 0.7473 
        TC30  1 0.0014 0.0007 0.0018 0.0697 0.9264 
        TC31  1 0.1642 0.0134 0.0057 0.0825 0.7343 
        TC32  1 0.0020 0.0019 0.0008 0.2718 0.7235 
        TC33  1 0.0097 0.0064 0.0016 0.2108 0.7715 
        TC34  1 0.0120 0.0025 0.0019 0.1669 0.8167 
        TC35  1 0.0101 0.0242 0.0015 0.2246 0.7396 
        TC36  1 0.0034 0.0014 0.0033 0.2444 0.7475 
        TC37  1 0.0111 0.0016 0.0015 0.3025 0.6832 
        TC38  1 0.1109 0.0079 0.0007 0.0145 0.8661 
        TC39  1 0.0449 0.0020 0.0008 0.0537 0.8985 
        TC40  1 0.0318 0.0026 0.0049 0.1468 0.8138 
        TC41  1 0.0016 0.0013 0.0113 0.2582 0.7276 
        TC42  1 0.0017 0.0006 0.0293 0.0612 0.9072 
        TC43  1 0.0062 0.0007 0.0058 0.1692 0.8181 
        TC44  1 0.0064 0.0024 0.0034 0.1679 0.8199 
        TC45  1 0.0177 0.0021 0.0007 0.2359 0.7436 
        TC46  1 0.0037 0.0008 0.0058 0.2606 0.7290 
        TC47  1 0.0048 0.0012 0.0173 0.0700 0.9066 
        TC48  1 0.0112 0.0007 0.0017 0.3129 0.6735 
        TC49  1 0.0017 0.0013 0.0014 0.2563 0.7392 
        TC50  1 0.0040 0.0012 0.0036 0.3176 0.6736 
        TC51  1 0.0082 0.0050 0.0019 0.0545 0.9304 
        TC52  1 0.0056 0.0005 0.0011 0.1817 0.8111 
        TC53  1 0.0014 0.0005 0.0214 0.1971 0.7797 
        TC54  1 0.0471 0.0013 0.0017 0.2838 0.6662 
        TC55  1 0.0083 0.0018 0.0012 0.1910 0.7976 
        TC56  1 0.0625 0.0037 0.0033 0.1530 0.7776 
        TC57  1 0.0017 0.0013 0.0288 0.2041 0.7641 
        TC58  1 0.0023 0.0243 0.0011 0.2268 0.7455 
        TC59  1 0.0017 0.0009 0.0011 0.0451 0.9512 
        TA01  2 0.0014 0.0009 0.0013 0.1587 0.8377 
        TA02  2 0.0436 0.0007 0.0012 0.0951 0.8593 
        TA03  2 0.0049 0.0014 0.1262 0.0477 0.8198 
        TA04  2 0.0017 0.0009 0.0089 0.0625 0.9259 
        TA05  2 0.0067 0.0010 0.0015 0.2158 0.7750 
        TA06  2 0.0029 0.0030 0.0018 0.0934 0.8989 
        TA07  2 0.0040 0.0029 0.0024 0.2309 0.7598 
        TA08  2 0.0026 0.0007 0.1573 0.0105 0.8289 
        TA09  2 0.0044 0.0006 0.0017 0.0168 0.9765 
        TA10  2 0.0017 0.0811 0.0070 0.0742 0.8360 
        TA11  2 0.0184 0.0738 0.0080 0.0779 0.8219 
        TA12  2 0.0018 0.0010 0.0029 0.3405 0.6539 
        TA13  2 0.0093 0.0042 0.0015 0.2824 0.7025 
        TA14  2 0.0019 0.0005 0.0006 0.0034 0.9937 
        TA15  2 0.0010 0.0018 0.0009 0.2107 0.7855 
        TA16  2 0.0019 0.0524 0.0020 0.0389 0.9048 
        TA17  2 0.0018 0.0007 0.0065 0.2179 0.7732 
        TA18  2 0.0011 0.0389 0.0019 0.2493 0.7088 
        TA19  2 0.0043 0.0055 0.0917 0.0760 0.8225 
        TA20  2 0.1186 0.0008 0.0012 0.0730 0.8064 
        TA21  2 0.0330 0.0012 0.0012 0.1575 0.8070 
        TA22  2 0.0064 0.0006 0.0011 0.0102 0.9817 
        TA23  2 0.0033 0.0008 0.0012 0.0064 0.9883 
        TA24  2 0.0018 0.0007 0.0075 0.2783 0.7117 
        TA25  2 0.0017 0.1958 0.0122 0.0147 0.7756 
        TA26  2 0.0046 0.0042 0.0138 0.1241 0.8533 
        TA27  2 0.0033 0.0007 0.0023 0.1836 0.8100 
        TA28  2 0.0570 0.0009 0.0015 0.0650 0.8756 
        TA29  2 0.0014 0.0021 0.0118 0.1464 0.8382 
        TA30  2 0.0082 0.0010 0.0499 0.0242 0.9167 
      BERM01  3 0.0009 0.0006 0.0006 0.0021 0.9958 
      BERM02  3 0.0009 0.0005 0.0005 0.0020 0.9961 
      BERM03  3 0.0011 0.0008 0.0010 0.0029 0.9943 
      BERM04  3 0.0011 0.0013 0.0011 0.0018 0.9947 
      BERM05  3 0.0021 0.0014 0.0021 0.0032 0.9913 
      BERM06  3 0.0010 0.0005 0.0007 0.0022 0.9957 
      BERM07  3 0.0011 0.0010 0.0013 0.0022 0.9945 
      BERM08  3 0.0009 0.0006 0.0006 0.0015 0.9963 
      BERM09  3 0.0007 0.0006 0.0006 0.0017 0.9965 
      BERM10  3 0.0014 0.0006 0.0017 0.0031 0.9932 
      BERM11  3 0.0014 0.0008 0.0006 0.0018 0.9955 
      BERM12  3 0.0025 0.0016 0.0014 0.0018 0.9927 
      BERM13  3 0.0010 0.0008 0.0011 0.0036 0.9936 
      BERM14  3 0.0010 0.0009 0.0009 0.0017 0.9955 
      CROC01  3 0.0118 0.0012 0.0052 0.0142 0.9675 
      CROC02  3 0.0020 0.0021 0.0009 0.0049 0.9900 
      CROC03  3 0.0021 0.0011 0.0015 0.0027 0.9926 
      CROC04  3 0.0010 0.0008 0.0010 0.0039 0.9933 
      CROC05  3 0.0011 0.0013 0.0006 0.0022 0.9947 
      CROC06  3 0.0048 0.0202 0.0010 0.0085 0.9655 
      CROC07  3 0.0010 0.0006 0.0010 0.0024 0.9951 
      CROC08  3 0.0353 0.0018 0.0018 0.0029 0.9581 
      CROC09  3 0.0026 0.0006 0.0006 0.0034 0.9927 
      CROC10  3 0.0009 0.0008 0.0007 0.0021 0.9956 
      CROC11  3 0.0025 0.0006 0.0006 0.0035 0.9927 
     CROC110  3 0.0016 0.0005 0.0008 0.0160 0.9811 
     CROC116  3 0.0037 0.0008 0.0014 0.0057 0.9884 
      CROC12  3 0.0011 0.0006 0.0007 0.0041 0.9936 
     CROC123  3 0.0010 0.0004 0.0004 0.0016 0.9966 
      CROC13  3 0.0018 0.0016 0.0013 0.0022 0.9932 
      CROC14  3 0.0022 0.0883 0.0004 0.0051 0.9039 
      CROC15  3 0.1362 0.0027 0.0009 0.0101 0.8501 
      CROC16  3 0.0054 0.0012 0.0012 0.0034 0.9888 
      CROC17  3 0.0009 0.0005 0.0006 0.0018 0.9963 
      CROC18  3 0.0030 0.0006 0.0018 0.0070 0.9877 
      CROC19  3 0.0017 0.0010 0.0021 0.0046 0.9906 
     CROC198  3 0.0012 0.0014 0.0026 0.0024 0.9924 
      CROC20  3 0.0019 0.0011 0.0012 0.0045 0.9912 
     CROC202  3 0.0029 0.0020 0.0017 0.0023 0.9912 
      CROC21  3 0.0012 0.0009 0.0007 0.0032 0.9939 
     CROC216  3 0.0025 0.0009 0.0010 0.0032 0.9925 
      CROC22  3 0.0012 0.0009 0.0204 0.0094 0.9682 
      CROC23  3 0.0014 0.0006 0.0008 0.0027 0.9945 
      CROC24  3 0.0021 0.0007 0.0007 0.0022 0.9943 
      CROC25  3 0.0009 0.0008 0.0007 0.0018 0.9958 
     CROC259  3 0.0018 0.0041 0.0013 0.0030 0.9897 
      CROC26  3 0.0016 0.0013 0.0018 0.0020 0.9933 
      CROC27  3 0.0030 0.0010 0.0017 0.0039 0.9904 
      CROC28  3 0.0010 0.0007 0.0006 0.0018 0.9960 
      CROC29  3 0.0024 0.0006 0.0008 0.0032 0.9930 
      CROC30  3 0.0020 0.0009 0.0010 0.0087 0.9875 
      CROC31  3 0.0013 0.0011 0.0009 0.0035 0.9932 
      CROC32  3 0.0009 0.0014 0.0009 0.0021 0.9947 
      CROC33  3 0.0026 0.0004 0.0013 0.0032 0.9926 
      CROC34  3 0.0012 0.0010 0.0013 0.0028 0.9938 
      CROC35  3 0.0008 0.0005 0.0004 0.0027 0.9956 
      CROC36  3 0.0009 0.0008 0.0005 0.0017 0.9961 
      CROC57  3 0.0018 0.0030 0.0013 0.0031 0.9908 
      CROC81  3 0.0063 0.0011 0.0010 0.0043 0.9873 
      CROC84  3 0.0011 0.0006 0.0005 0.0013 0.9965 
        FW01  3 0.0020 0.0005 0.0011 0.0026 0.9938 
        FW02  3 0.0006 0.0006 0.0005 0.0014 0.9969 
        FW03  3 0.0016 0.0005 0.0009 0.0020 0.9951 
        FW04  3 0.0006 0.0005 0.0006 0.0014 0.9969 
        FW05  3 0.0006 0.0006 0.0006 0.0014 0.9969 
        FW06  3 0.0006 0.0006 0.0006 0.0014 0.9968 
        FW07  3 0.0016 0.0005 0.0009 0.0022 0.9949 
        FW08  3 0.0006 0.0006 0.0006 0.0014 0.9969 
        FW09  3 0.0006 0.0006 0.0006 0.0014 0.9969 
        FW10  3 0.0019 0.0005 0.0008 0.0022 0.9946 
       FW100  3 0.0017 0.0005 0.0009 0.0022 0.9947 
       FW101  3 0.0019 0.0005 0.0009 0.0022 0.9946 
       FW102  3 0.0006 0.0005 0.0006 0.0014 0.9968 
       FW103  3 0.0006 0.0006 0.0006 0.0014 0.9969 
       FW104  3 0.0019 0.0006 0.0012 0.0024 0.9939 
       FW105  3 0.0019 0.0005 0.0008 0.0023 0.9945 
       FW106  3 0.0058 0.0007 0.0016 0.0147 0.9772 
       FW107  3 0.0020 0.0005 0.0011 0.0026 0.9938 
       FW108  3 0.0006 0.0005 0.0006 0.0014 0.9969 
       FW109  3 0.0019 0.0005 0.0008 0.0022 0.9946 
        FW11  3 0.0017 0.0005 0.0008 0.0022 0.9948 
       FW110  3 0.0016 0.0005 0.0008 0.0021 0.9950 
       FW111  3 0.0006 0.0006 0.0006 0.0014 0.9968 
       FW112  3 0.0017 0.0005 0.0009 0.0022 0.9948 
       FW113  3 0.0006 0.0006 0.0006 0.0014 0.9969 
       FW114  3 0.0014 0.0005 0.0009 0.0022 0.9950 
       FW115  3 0.0020 0.0005 0.0009 0.0022 0.9944 
       FW116  3 0.0006 0.0005 0.0006 0.0014 0.9969 
        FW12  3 0.0006 0.0006 0.0006 0.0014 0.9968 
        FW13  3 0.0006 0.0005 0.0006 0.0014 0.9969 
        FW14  3 0.0019 0.0006 0.0012 0.0025 0.9939 
        FW15  3 0.0020 0.0005 0.0011 0.0025 0.9938 
        FW16  3 0.0019 0.0005 0.0009 0.0022 0.9946 
        FW17  3 0.0019 0.0005 0.0009 0.0023 0.9945 
        FW18  3 0.0017 0.0005 0.0009 0.0022 0.9948 
        FW19  3 0.0006 0.0006 0.0006 0.0014 0.9969 
        FW20  3 0.0006 0.0005 0.0006 0.0014 0.9969 
        FW21  3 0.0006 0.0005 0.0006 0.0014 0.9969 
        FW22  3 0.0017 0.0005 0.0009 0.0022 0.9947 
        FW23  3 0.0006 0.0006 0.0006 0.0014 0.9969 
        FW24  3 0.0006 0.0006 0.0006 0.0013 0.9969 
        FW25  3 0.0006 0.0006 0.0005 0.0014 0.9969 
        FW26  3 0.0006 0.0006 0.0006 0.0014 0.9968 
        FW27  3 0.0019 0.0005 0.0008 0.0023 0.9945 
        FW28  3 0.0006 0.0005 0.0006 0.0014 0.9969 
        FW29  3 0.0006 0.0005 0.0006 0.0014 0.9969 
        FW30  3 0.0061 0.0007 0.0017 0.0146 0.9770 
        FW32  3 0.0020 0.0005 0.0012 0.0025 0.9938 
        FW33  3 0.0006 0.0006 0.0006 0.0014 0.9968 
        FW34  3 0.0006 0.0005 0.0006 0.0014 0.9968 
        FW35  3 0.0006 0.0006 0.0006 0.0014 0.9969 
        FW36  3 0.0006 0.0006 0.0006 0.0014 0.9969 
        FW37  3 0.0019 0.0005 0.0009 0.0023 0.9945 
        FW51  3 0.0006 0.0005 0.0006 0.0014 0.9969 
        FW52  3 0.0019 0.0005 0.0008 0.0023 0.9946 
        FW53  3 0.0006 0.0005 0.0006 0.0014 0.9969 
        FW54  3 0.0016 0.0005 0.0009 0.0021 0.9949 
        FW55  3 0.0006 0.0005 0.0006 0.0014 0.9969 
        FW56  3 0.0006 0.0005 0.0006 0.0014 0.9969 
        FW57  3 0.0006 0.0006 0.0006 0.0014 0.9969 
        FW78  3 0.0006 0.0006 0.0006 0.0013 0.9969 
        FW79  3 0.0006 0.0005 0.0006 0.0014 0.9969 
        FW80  3 0.0006 0.0006 0.0006 0.0014 0.9969 
        FW81  3 0.0016 0.0005 0.0009 0.0021 0.9951 
        FW82  3 0.0020 0.0005 0.0009 0.0022 0.9945 
        FW83  3 0.0021 0.0005 0.0011 0.0024 0.9938 
        FW84  3 0.0006 0.0005 0.0006 0.0014 0.9969 
        FW85  3 0.0026 0.0005 0.0008 0.0025 0.9936 
        FW86  3 0.0018 0.0005 0.0009 0.0022 0.9947 
        FW87  3 0.0018 0.0005 0.0009 0.0022 0.9946 
        FW88  3 0.0006 0.0005 0.0006 0.0014 0.9969 
        FW89  3 0.0006 0.0005 0.0005 0.0014 0.9969 
        FW90  3 0.0006 0.0006 0.0006 0.0014 0.9969 
        FW91  3 0.0019 0.0005 0.0008 0.0023 0.9945 
        FW92  3 0.0006 0.0005 0.0006 0.0014 0.9969 
        FW93  3 0.0006 0.0006 0.0006 0.0014 0.9969 
        FW94  3 0.0019 0.0005 0.0008 0.0022 0.9946 
        FW95  3 0.0006 0.0005 0.0006 0.0014 0.9969 
        FW96  3 0.0006 0.0005 0.0006 0.0014 0.9969 
        FW97  3 0.0037 0.0058 0.0091 0.0072 0.9743 
        FW98  3 0.0015 0.0005 0.0009 0.0021 0.9951 
        FW99  3 0.0006 0.0005 0.0006 0.0014 0.9969 
       Cal01  3 0.0019 0.0010 0.0011 0.0024 0.9935 
       Cal02  3 0.0013 0.0007 0.0008 0.0041 0.9931 
       Cal03  3 0.0012 0.0004 0.0006 0.0019 0.9960 
       Cal04  3 0.0019 0.0007 0.0030 0.0047 0.9897 
       Cal05  3 0.0007 0.0004 0.0005 0.0012 0.9971 
       Cal06  3 0.0012 0.0008 0.0006 0.0046 0.9929 
       Cal07  3 0.0007 0.0005 0.0005 0.0015 0.9969 
       Cal08  3 0.0026 0.0021 0.0029 0.0026 0.9897 
       Cal09  3 0.0011 0.0006 0.0009 0.0019 0.9956 
       Cal10  3 0.0023 0.0006 0.0012 0.0047 0.9912 
       Cal11  3 0.0009 0.0055 0.0014 0.0024 0.9898 
      Cal197  3 0.0008 0.0004 0.0004 0.0029 0.9955 
      Cal198  3 0.0100 0.0004 0.0010 0.0070 0.9816 
      Cal199  3 0.0016 0.0007 0.0051 0.0021 0.9905 
      Cal200  3 0.0010 0.0011 0.0005 0.0020 0.9953 
      Cal201  3 0.0007 0.0008 0.0005 0.0020 0.9960 
      Cal202  3 0.0395 0.0006 0.0038 0.0093 0.9469 
      Cal203  3 0.0018 0.0025 0.0014 0.0033 0.9911 
      Cal204  3 0.0025 0.0012 0.0009 0.0032 0.9921 
      Cal205  3 0.0011 0.0004 0.0007 0.0023 0.9956 
      Cal206  3 0.0017 0.0007 0.0008 0.0036 0.9932 
      Cal207  3 0.0011 0.0005 0.0005 0.0031 0.9947 
      Cal208  3 0.0015 0.0008 0.0013 0.0027 0.9937 
      Cal209  3 0.0010 0.0006 0.0007 0.0019 0.9958 
      Cal210  3 0.0016 0.0006 0.0054 0.0021 0.9903 
      Cal211  3 0.0008 0.0006 0.0007 0.0020 0.9959 
      Cal212  3 0.0011 0.0005 0.0009 0.0024 0.9950 
      Cal213  3 0.0038 0.0004 0.0006 0.0040 0.9913 
      Cal214  3 0.0032 0.0008 0.0069 0.0063 0.9827 
      Cal215  3 0.0033 0.0016 0.0082 0.0039 0.9830 
      Cal216  3 0.0011 0.0009 0.0005 0.0021 0.9954 
      Cal217  3 0.0007 0.0007 0.0005 0.0019 0.9961 
      Cal218  3 0.0008 0.0005 0.0008 0.0021 0.9957 
      Cal219  3 0.0009 0.0007 0.0009 0.0028 0.9946 
      Cal220  3 0.0009 0.0010 0.0013 0.0060 0.9907 
      Cal221  3 0.0010 0.0005 0.0007 0.0024 0.9955 
      Cal222  3 0.0011 0.0006 0.0015 0.0018 0.9949 
      Cal223  3 0.0016 0.0010 0.0013 0.0033 0.9928 
      Cal224  3 0.1467 0.0033 0.0015 0.0037 0.8448 
       Cal33  3 0.0011 0.0005 0.0008 0.0049 0.9927 
       Cal34  3 0.0013 0.0006 0.0007 0.0028 0.9946 
       Cal35  3 0.0011 0.0005 0.0006 0.0026 0.9952 
       Cal37  3 0.0012 0.0004 0.0006 0.0090 0.9887 
       Cal38  3 0.0006 0.0006 0.0009 0.0018 0.9961 
       Cal39  3 0.0013 0.0007 0.0011 0.0017 0.9952 
       Cal40  3 0.0010 0.0006 0.0007 0.0019 0.9958 
       Cal41  3 0.0009 0.0006 0.0007 0.0017 0.9961 
       Cal42  3 0.0013 0.0013 0.0010 0.0029 0.9934 
       Cal43  3 0.0009 0.0007 0.0009 0.0030 0.9944 
       Cal44  3 0.0018 0.0012 0.0015 0.0064 0.9891 
        BW41  3 0.0492 0.0008 0.0012 0.0044 0.9444 
        BW42  3 0.0010 0.0008 0.0008 0.0054 0.9920 
        BW44  3 0.0009 0.0011 0.0006 0.0024 0.9949 
        BW45  3 0.0006 0.0006 0.0004 0.0014 0.9970 
        BW46  3 0.0015 0.0006 0.0008 0.0038 0.9933 
        BW47  3 0.0029 0.0005 0.0007 0.0047 0.9912 
        BW48  3 0.0032 0.0012 0.0031 0.0055 0.9870 
        BW49  3 0.0008 0.0010 0.0008 0.0024 0.9951 
        BW50  3 0.0009 0.0007 0.0006 0.0023 0.9955 
        BW51  3 0.0008 0.0005 0.0007 0.0018 0.9961 
        BW52  3 0.0010 0.0036 0.0009 0.0023 0.9922 
        BW53  3 0.0018 0.0006 0.0006 0.0065 0.9905 
        BW54  3 0.0078 0.0008 0.0179 0.0543 0.9192 
        BW55  3 0.0013 0.0020 0.0009 0.0021 0.9936 
        BW56  3 0.0026 0.0006 0.0007 0.0023 0.9938 
        BW57  3 0.0013 0.0006 0.0007 0.0028 0.9947 
        BW58  3 0.0010 0.0005 0.0006 0.0023 0.9957 
        BW59  3 0.0009 0.0005 0.0007 0.0036 0.9944 
        BW60  3 0.0011 0.0007 0.0007 0.0021 0.9955 
        BW61  3 0.0776 0.0011 0.0008 0.0111 0.9094 
        BW62  3 0.0027 0.0006 0.0006 0.0036 0.9925 
        BW63  3 0.0145 0.0006 0.0008 0.0047 0.9795 
        BW64  3 0.0010 0.0006 0.0006 0.0023 0.9955 
        BW65  3 0.0158 0.0015 0.0018 0.0096 0.9713 
        BW66  3 0.0010 0.0023 0.0009 0.0019 0.9939 
        BW67  3 0.0008 0.0006 0.0005 0.0015 0.9966 
        BW68  3 0.0032 0.0005 0.0008 0.0066 0.9889 
        BW69  3 0.0584 0.0011 0.0014 0.0023 0.9368 
        BW70  3 0.0011 0.0007 0.0011 0.0023 0.9947 
        BW71  3 0.0007 0.0007 0.0006 0.0015 0.9966 
        BW72  3 0.0035 0.0012 0.0017 0.0082 0.9854 
        BW73  3 0.0088 0.0254 0.0014 0.0223 0.9421 
        BW74  3 0.0010 0.0006 0.0011 0.0030 0.9944 
        BW75  3 0.0013 0.0066 0.0009 0.0079 0.9833 
        BW76  3 0.0053 0.0011 0.0030 0.0033 0.9874 
        BW77  3 0.0020 0.0010 0.0005 0.0032 0.9933 
        BW78  3 0.0012 0.0010 0.0022 0.0019 0.9937 
        BW79  3 0.0009 0.0007 0.0009 0.0048 0.9927 
        BW80  3 0.0013 0.0007 0.0006 0.0070 0.9904 
        BW81  3 0.0012 0.0005 0.0005 0.0020 0.9957 
       BWS05  3 0.0069 0.0017 0.0032 0.0120 0.9761 
       BWS06  3 0.0012 0.0009 0.0024 0.0022 0.9932 
       BWS07  3 0.0007 0.0004 0.0006 0.0188 0.9795 
       BWS08  3 0.0037 0.0037 0.0016 0.0047 0.9863 
       BWS09  3 0.0010 0.0005 0.0006 0.0015 0.9964 
       BWS10  3 0.0078 0.0007 0.0010 0.0026 0.9880 
       BWS11  3 0.0011 0.0008 0.0011 0.0032 0.9939 
       BWS12  3 0.0011 0.0020 0.0009 0.0031 0.9929 
       BWS13  3 0.0033 0.0009 0.0008 0.0030 0.9921 
       BWS14  3 0.0011 0.0004 0.0008 0.0036 0.9940 
       BWS15  3 0.0029 0.0025 0.0058 0.0054 0.9833 
       BWS16  3 0.0010 0.0006 0.0007 0.0026 0.9952 
       BWS17  3 0.0052 0.0010 0.0015 0.0034 0.9889 
       BWS18  3 0.0193 0.0006 0.0023 0.0037 0.9741 
       BWS19  3 0.0144 0.0006 0.0020 0.0109 0.9721 
       BWS20  3 0.0010 0.0008 0.0005 0.0016 0.9961 
       BWS21  3 0.0073 0.0017 0.0135 0.0176 0.9597 
       BWS22  3 0.0028 0.0006 0.0007 0.0028 0.9931 
       BWS23  3 0.0210 0.0005 0.0009 0.0036 0.9739 
       BWS24  3 0.0017 0.0012 0.0014 0.0083 0.9873 
       BWS25  3 0.0018 0.0006 0.0009 0.0105 0.9862 
       BWS26  3 0.0013 0.0016 0.0006 0.0035 0.9930 
       BWS27  3 0.0008 0.0006 0.0007 0.0020 0.9959 
       BWS28  3 0.0030 0.0005 0.0008 0.0080 0.9877 
       BWS29  3 0.0037 0.0016 0.0021 0.0049 0.9877 
       BWS30  3 0.0011 0.0005 0.0007 0.0020 0.9957 
       BWS31  3 0.0009 0.0005 0.0007 0.0025 0.9954 
       BWS32  3 0.0011 0.0011 0.0013 0.0037 0.9929 
       BWS33  3 0.0053 0.0010 0.0026 0.0106 0.9804 
       BWS34  3 0.0029 0.0018 0.0009 0.0032 0.9912 
       BWS35  3 0.0013 0.0009 0.0024 0.0041 0.9913 
       BWS36  3 0.0009 0.0022 0.0009 0.0016 0.9944 
       BWS37  3 0.0021 0.0007 0.0010 0.0022 0.9941 
       BWS38  3 0.0012 0.0010 0.0010 0.0023 0.9944 
       BWS39  3 0.0008 0.0006 0.0005 0.0017 0.9964 
       BWS40  3 0.0013 0.0023 0.0022 0.0021 0.9920 
       BWN01  3 0.0018 0.0009 0.0013 0.0023 0.9937 
       BWN02  3 0.0010 0.0005 0.0007 0.0022 0.9956 
       BWN03  3 0.0109 0.0025 0.0026 0.0265 0.9575 
       BWN04  3 0.0010 0.0020 0.0005 0.0019 0.9947 
        NC01  4 0.0008 0.0009 0.0006 0.0882 0.9094 
        NC02  4 0.0090 0.0011 0.0009 0.0214 0.9677 
        NC03  4 0.0101 0.0005 0.0005 0.0910 0.8979 
        NC04  4 0.0013 0.0006 0.0047 0.0056 0.9878 
        NC05  4 0.0027 0.0014 0.0078 0.0624 0.9257 
        NC06  4 0.0352 0.0005 0.0020 0.0500 0.9124 
        NC07  4 0.0024 0.0005 0.0061 0.0200 0.9709 
        NC08  4 0.0018 0.0032 0.0011 0.0096 0.9843 
        NC09  4 0.0041 0.0049 0.0015 0.0307 0.9588 
        NC10  4 0.0009 0.0018 0.0004 0.0035 0.9933 
        NC11  4 0.0070 0.0026 0.0048 0.0541 0.9315 
        NC12  4 0.0114 0.0005 0.0007 0.0595 0.9279 
        NC13  4 0.0125 0.0004 0.0012 0.1347 0.8512 
        NC14  4 0.0018 0.0014 0.0012 0.2056 0.7899 
        NC15  4 0.0179 0.0012 0.0013 0.1064 0.8733 
        NC16  4 0.0008 0.0009 0.0006 0.0842 0.9135 
        NC18  4 0.0021 0.0269 0.0008 0.0872 0.8829 
        NC19  4 0.0015 0.0005 0.0006 0.0040 0.9934 
        NC20  4 0.0137 0.0911 0.0047 0.0094 0.8812 
        NC21  4 0.0033 0.0006 0.0007 0.0092 0.9861 
        NC22  4 0.0121 0.0075 0.0121 0.0113 0.9570 
        NC23  4 0.0012 0.0029 0.0012 0.1407 0.8539 
        NC24  4 0.0054 0.0058 0.0026 0.0256 0.9607 
      SAND01  4 0.0008 0.0007 0.0027 0.0018 0.9940 
      SAND02  4 0.0010 0.0006 0.0026 0.0017 0.9941 
      SAND03  4 0.0007 0.0005 0.0008 0.0014 0.9967 
      SAND04  4 0.0011 0.0004 0.0010 0.0024 0.9951 
      SAND05  4 0.0010 0.0006 0.0010 0.0021 0.9953 
      SAND06  4 0.0011 0.0005 0.0008 0.0027 0.9949 
      SAND07  4 0.0009 0.0010 0.0034 0.0016 0.9931 
      SAND08  4 0.0009 0.0008 0.0006 0.0019 0.9958 
      SAND09  4 0.0013 0.0006 0.0014 0.0028 0.9939 
      SAND10  4 0.0010 0.0013 0.0009 0.0019 0.9949 
      SAND11  4 0.0012 0.0007 0.0012 0.0020 0.9949 
      SAND12  4 0.0010 0.0009 0.0009 0.0021 0.9951 
      SAND13  4 0.0009 0.0013 0.0009 0.0019 0.9949 
      SAND14  4 0.0011 0.0008 0.0010 0.0018 0.9953 
      SAND15  4 0.0009 0.0004 0.0008 0.0017 0.9961 
      SAND16  4 0.0009 0.0004 0.0012 0.0033 0.9942 
      SAND17  4 0.0009 0.0006 0.0018 0.0016 0.9951 
      SAND18  4 0.0008 0.0004 0.0005 0.0017 0.9965 
      SAND19  4 0.0008 0.0004 0.0007 0.0019 0.9962 
      SAND20  4 0.0007 0.0015 0.0013 0.0016 0.9949 
      SAND21  4 0.0007 0.0008 0.0012 0.0016 0.9956 
      SAND22  4 0.0007 0.0005 0.0007 0.0015 0.9965 
      SAND23  4 0.0011 0.0004 0.0006 0.0018 0.9960 
      SAND24  4 0.0033 0.0008 0.0014 0.0036 0.9909 
      SAND25  4 0.0010 0.0011 0.0016 0.0029 0.9934 
      SAND26  4 0.0008 0.0005 0.0008 0.0015 0.9964 
      SAND27  4 0.0017 0.0012 0.0007 0.0032 0.9932 
      SAND28  4 0.0010 0.0006 0.0006 0.0018 0.9961 
      SAND29  4 0.0008 0.0006 0.0005 0.0019 0.9962 
      SAND30  4 0.0008 0.0006 0.0006 0.0019 0.9962 
      SAND31  4 0.0008 0.0014 0.0010 0.0022 0.9946 
      SAND32  4 0.0012 0.0006 0.0007 0.0025 0.9951 
      SAND33  4 0.0009 0.0010 0.0028 0.0016 0.9937 
      SAND34  4 0.0010 0.0004 0.0006 0.0020 0.9960 
      SAND35  4 0.0007 0.0006 0.0011 0.0014 0.9963 
      SAND36  4 0.0009 0.0005 0.0006 0.0017 0.9963 
      SAND37  4 0.0009 0.0006 0.0006 0.0021 0.9958 
      SAND38  4 0.0010 0.0012 0.0022 0.0023 0.9933 
      SAND39  4 0.0009 0.0005 0.0005 0.0020 0.9961 
      SAND40  4 0.0015 0.0008 0.0005 0.0025 0.9946 
      SAND41  4 0.0009 0.0007 0.0010 0.0017 0.9958 
      SAND42  4 0.0010 0.0007 0.0015 0.0022 0.9945 
      SAND43  4 0.0014 0.0007 0.0019 0.0024 0.9936 
      SAND44  4 0.0007 0.0011 0.0008 0.0016 0.9958 
       Hon01  5 0.0028 0.0031 0.0038 0.3907 0.5995 
       Hon02  5 0.0609 0.0010 0.0011 0.0601 0.8769 
       Hon03  5 0.0457 0.0041 0.0072 0.4207 0.5224 
       Hon04  5 0.0168 0.0015 0.0033 0.2911 0.6873 
       Hon05  5 0.0089 0.0034 0.0018 0.2690 0.7168 
       Hon06  5 0.0009 0.0008 0.0036 0.2839 0.7108 
       Hon07  5 0.0363 0.0025 0.0025 0.0709 0.8879 
       Hon08  5 0.0383 0.0010 0.0015 0.0736 0.8856 
       Hon09  5 0.1782 0.0020 0.0020 0.0048 0.8131 
       Hon10  5 0.0149 0.0451 0.0061 0.2164 0.7174 
       Hon11  5 0.0017 0.0012 0.0028 0.1826 0.8116 
       Hon12  5 0.1410 0.0043 0.0031 0.0512 0.8004 
       Hon13  5 0.0116 0.0066 0.0026 0.2291 0.7501 
       Hon14  5 0.0102 0.0023 0.0016 0.3388 0.6470 
       Hon15  5 0.0075 0.0010 0.0032 0.4784 0.5099 
       Hon16  5 0.0379 0.0009 0.0016 0.0748 0.8848 
       Hon17  5 0.0011 0.0009 0.0006 0.3269 0.6704 
       Hon18  5 0.0019 0.0011 0.0010 0.4038 0.5921 
       Hon19  5 0.1174 0.0057 0.0011 0.1223 0.7534 
       Hon20  5 0.0024 0.0017 0.0047 0.3602 0.6310 
      ERIN01  6 0.0008 0.9960 0.0007 0.0014 0.0011 
      ERIN02  6 0.0008 0.9959 0.0007 0.0014 0.0011 
      ERIN03  6 0.0008 0.9960 0.0007 0.0014 0.0011 
      ERIN04  6 0.0009 0.9959 0.0007 0.0014 0.0011 
      ERIN05  6 0.0009 0.9959 0.0007 0.0014 0.0011 
      ERIN06  6 0.0008 0.9960 0.0007 0.0014 0.0011 
      ERIN07  6 0.0008 0.9960 0.0007 0.0014 0.0011 
      ERIN08  6 0.0009 0.9959 0.0007 0.0014 0.0011 
      ERIN09  6 0.0008 0.9959 0.0007 0.0014 0.0011 
      ERIN10  6 0.0008 0.9959 0.0007 0.0014 0.0011 
      ERIN11  6 0.0008 0.9850 0.0007 0.0121 0.0013 
      ERIN12  6 0.0008 0.9959 0.0007 0.0014 0.0011 
      ERIN13  6 0.0008 0.9960 0.0007 0.0014 0.0011 
      ERIN14  6 0.0008 0.9960 0.0007 0.0014 0.0011 
      ERIN15  6 0.0008 0.9960 0.0007 0.0013 0.0011 
      ERIN16  6 0.0008 0.9958 0.0008 0.0015 0.0011 
      ERIN17  6 0.0008 0.9960 0.0007 0.0014 0.0011 
      ERIN18  6 0.0008 0.9960 0.0007 0.0014 0.0011 
      ERIN19  6 0.0008 0.9959 0.0007 0.0014 0.0011 
      ERIN20  6 0.0009 0.9960 0.0007 0.0014 0.0011 
      ERIN21  6 0.0014 0.9934 0.0025 0.0015 0.0012 
      ERIN22  6 0.0009 0.9959 0.0007 0.0014 0.0011 
      ERIN23  6 0.0009 0.9959 0.0007 0.0014 0.0011 
      ERIN24  6 0.0008 0.9959 0.0007 0.0014 0.0011 
      ERIN25  6 0.0014 0.9935 0.0025 0.0015 0.0012 
      ERIN26  6 0.0008 0.9960 0.0007 0.0014 0.0011 
      ERIN27  6 0.0009 0.9959 0.0007 0.0014 0.0011 
      ERIN28  6 0.0008 0.9959 0.0007 0.0014 0.0011 
      ERIN29  6 0.0009 0.9959 0.0007 0.0014 0.0011 
      ERIN30  6 0.0008 0.9959 0.0007 0.0014 0.0011 
      ERIN31  6 0.0008 0.9959 0.0007 0.0014 0.0011 
      ERIN32  6 0.0008 0.9959 0.0007 0.0014 0.0011 
      ERIN33  6 0.0008 0.9959 0.0007 0.0014 0.0011 
      ERIN34  6 0.0008 0.9959 0.0007 0.0014 0.0011 
      ERIN35  6 0.0008 0.9959 0.0007 0.0014 0.0011 
      ERIN38  6 0.0008 0.9959 0.0007 0.0014 0.0011 
      ERIN39  6 0.0008 0.9959 0.0007 0.0014 0.0011 
      ERIN40  6 0.0008 0.9959 0.0007 0.0014 0.0011 
      ERIN41  6 0.0008 0.9960 0.0007 0.0014 0.0011 
      ERIN42  6 0.0009 0.9959 0.0008 0.0014 0.0011 
      ERIN43  6 0.0009 0.9959 0.0007 0.0014 0.0011 
      ERIN44  6 0.0008 0.9959 0.0007 0.0014 0.0011 
      ERIN45  6 0.0008 0.9959 0.0007 0.0014 0.0011 
      ERIN46  6 0.0008 0.9959 0.0007 0.0014 0.0011 
      ERIN47  6 0.0009 0.9959 0.0007 0.0014 0.0011 
       FDS01  6 0.0008 0.9960 0.0007 0.0014 0.0011 
       FDS02  6 0.0008 0.9959 0.0007 0.0014 0.0011 
       FDS03  6 0.0008 0.9958 0.0007 0.0015 0.0011 
       FDS04  6 0.0008 0.9959 0.0008 0.0014 0.0011 
       FDS05  6 0.0008 0.9959 0.0007 0.0014 0.0011 
       FDS06  6 0.0008 0.9959 0.0007 0.0014 0.0011 
       FDS07  6 0.0008 0.9959 0.0007 0.0014 0.0011 
       FDS08  6 0.0008 0.9959 0.0007 0.0014 0.0011 
       FDS09  6 0.0008 0.9958 0.0008 0.0014 0.0011 
       FDS10  6 0.0008 0.9959 0.0007 0.0014 0.0011 
       FDS11  6 0.0008 0.9959 0.0007 0.0014 0.0011 
       FDS12  6 0.0008 0.9958 0.0007 0.0015 0.0011 
       FDS13  6 0.0008 0.9960 0.0007 0.0014 0.0011 
       FDS14  6 0.0008 0.9960 0.0007 0.0014 0.0011 
       FDS15  6 0.0008 0.9959 0.0007 0.0014 0.0011 
       FDS16  6 0.0008 0.9959 0.0008 0.0014 0.0011 
       FDS17  6 0.0008 0.9959 0.0007 0.0014 0.0011 
       FDS18  6 0.0008 0.9957 0.0007 0.0015 0.0012 
       EPP01  6 0.0009 0.0007 0.9957 0.0016 0.0011 
       EPP02  6 0.0010 0.0007 0.9956 0.0016 0.0011 
       EPP03  6 0.0010 0.0007 0.9953 0.0018 0.0011 
       EPP04  6 0.0009 0.0007 0.9956 0.0016 0.0011 
       EPP05  6 0.0010 0.0007 0.9955 0.0017 0.0012 
       EPP06  6 0.0010 0.0007 0.9956 0.0016 0.0011 
       EPP07  6 0.0010 0.0007 0.9957 0.0016 0.0011 
       EPP08  6 0.0010 0.0007 0.9956 0.0016 0.0011 
       EPP09  6 0.0010 0.0007 0.9956 0.0016 0.0011 
       EPP10  6 0.0010 0.0007 0.9957 0.0015 0.0011 
       EPP11  6 0.0033 0.0007 0.9602 0.0346 0.0012 
       EPP12  6 0.0010 0.0007 0.9956 0.0016 0.0011 
       EPP13  6 0.0010 0.0007 0.9957 0.0016 0.0011 
       EPP14  6 0.0010 0.0007 0.9955 0.0016 0.0012 
       EPP15  6 0.0010 0.0007 0.9954 0.0016 0.0013 
       EPP16  6 0.0009 0.0007 0.9956 0.0015 0.0011 
       EPP17  6 0.0010 0.0007 0.9956 0.0015 0.0012 
       EPP18  6 0.0010 0.0007 0.9956 0.0016 0.0011 
       EPP19  6 0.0010 0.0007 0.9955 0.0017 0.0011 
       EPP20  6 0.0010 0.0006 0.9955 0.0017 0.0012 
       EPP21  6 0.0017 0.0569 0.9344 0.0060 0.0011 
       EPP22  6 0.0009 0.0007 0.9957 0.0016 0.0011 
       EPP23  6 0.0334 0.0008 0.9121 0.0525 0.0013 
       EPP24  6 0.0010 0.0007 0.9956 0.0016 0.0011 
       EPP25  6 0.0010 0.0007 0.9955 0.0017 0.0011 
       EPP26  6 0.0010 0.0007 0.9956 0.0016 0.0011 
       EPP27  6 0.0011 0.0007 0.9954 0.0016 0.0011 
       EPP28  6 0.0009 0.0007 0.9957 0.0016 0.0011 
       EPP29  6 0.0009 0.0007 0.9957 0.0016 0.0011 
       EPP30  6 0.0009 0.0007 0.9956 0.0016 0.0011 
       EPP31  6 0.0011 0.0007 0.9954 0.0018 0.0011 
       EPP32  6 0.0010 0.0007 0.9956 0.0016 0.0011 
       EPP33  6 0.0009 0.0007 0.9956 0.0017 0.0011 
       EPP34  6 0.0010 0.0008 0.9955 0.0016 0.0011 
       EPP35  6 0.0010 0.0006 0.9832 0.0138 0.0013 
       EPP36  6 0.0010 0.0007 0.9956 0.0016 0.0011 
       EPP37  6 0.0098 0.0008 0.9728 0.0085 0.0082 
       EPP38  6 0.0011 0.0007 0.9954 0.0017 0.0011 
       EPP39  6 0.0010 0.0007 0.9957 0.0016 0.0011 
       EPP40  6 0.0009 0.0007 0.9957 0.0016 0.0011 
       EPP41  6 0.0009 0.0007 0.9956 0.0016 0.0011 
       EPP42  6 0.0009 0.0007 0.9956 0.0016 0.0011 
       EPP43  6 0.0010 0.0007 0.9956 0.0016 0.0011 
        ES68  6 0.0114 0.2735 0.6096 0.0955 0.0099 
       ENW44  6 0.0010 0.0007 0.9956 0.0016 0.0011 
       ENW45  6 0.0010 0.0007 0.9956 0.0016 0.0011 
       ENW46  6 0.0010 0.0007 0.9956 0.0016 0.0011 
       ENW48  6 0.0010 0.0007 0.9957 0.0016 0.0011 
       ENW49  6 0.0010 0.0007 0.9957 0.0015 0.0011 
       ENW50  6 0.0010 0.0007 0.9956 0.0016 0.0011 
       ENW51  6 0.0009 0.0020 0.9938 0.0018 0.0014 
       ENW52  6 0.0010 0.0007 0.9956 0.0016 0.0011 
       ENW53  6 0.0009 0.0020 0.9939 0.0018 0.0014 
       ENW54  6 0.0010 0.0018 0.9940 0.0019 0.0014 
       ENW55  6 0.0009 0.0020 0.9939 0.0019 0.0013 
       ENW56  6 0.0009 0.0020 0.9939 0.0018 0.0014 
       ENW57  6 0.0010 0.0018 0.9940 0.0019 0.0014 
       ENE58  6 0.0014 0.0023 0.9922 0.0022 0.0018 
       ENE59  6 0.0010 0.0019 0.9938 0.0019 0.0014 
       ENE60  6 0.0010 0.0020 0.9937 0.0019 0.0014 
       ENE61  6 0.0014 0.0023 0.9923 0.0021 0.0019 
       ENE62  6 0.0010 0.0019 0.9939 0.0019 0.0014 
       ENE63  6 0.0009 0.0020 0.9938 0.0019 0.0014 
       ENE64  6 0.0014 0.0024 0.9923 0.0022 0.0018 
       ENE65  6 0.0010 0.0018 0.9940 0.0018 0.0014 
       ENE66  6 0.0009 0.0019 0.9939 0.0019 0.0014 
       ENE67  6 0.0009 0.0019 0.9939 0.0019 0.0014 
         CC1  7 0.0103 0.1508 0.8288 0.0065 0.0036 
        CC10  7 0.0034 0.1770 0.8114 0.0051 0.0031 
        CC11  7 0.0681 0.1581 0.7572 0.0124 0.0041 
        CC12  7 0.0087 0.2144 0.6265 0.1485 0.0019 
        CC13  7 0.0101 0.1511 0.8290 0.0062 0.0037 
        CC14  7 0.0098 0.1504 0.8293 0.0065 0.0040 
        CC15  7 0.0094 0.1359 0.8096 0.0263 0.0187 
        CC16  7 0.1192 0.0627 0.8028 0.0136 0.0017 
        CC17  7 0.0042 0.1774 0.8095 0.0059 0.0030 
         CC2  7 0.0098 0.1510 0.8287 0.0066 0.0038 
         CC3  7 0.0060 0.1512 0.8333 0.0060 0.0036 
         CC4  7 0.0070 0.0017 0.3716 0.6005 0.0192 
         CC5  7 0.0029 0.1674 0.8259 0.0027 0.0012 
         CC6  7 0.0032 0.1673 0.8255 0.0028 0.0013 
         CC7  7 0.0028 0.1684 0.8250 0.0026 0.0012 
         CC8  7 0.0029 0.1680 0.8254 0.0025 0.0012 
         CC9  7 0.0030 0.1674 0.8254 0.0029 0.0013 
       BUN01  8 0.0480 0.0008 0.0051 0.9441 0.0020 
       BUN02  8 0.0554 0.0058 0.0063 0.9297 0.0028 
       BUN03  8 0.0022 0.0024 0.0011 0.9924 0.0019 
       BUN04  8 0.0019 0.0010 0.0391 0.9553 0.0028 
       BUN05  8 0.3303 0.0088 0.0022 0.6108 0.0479 
       BUN06  8 0.0026 0.0012 0.0025 0.9918 0.0018 
       BUN07  8 0.0022 0.0006 0.0013 0.9944 0.0016 
       SOB01  8 0.0020 0.0010 0.0021 0.9926 0.0022 
       SOB02  8 0.0031 0.0103 0.0009 0.9492 0.0365 
       SOB03  8 0.0051 0.0143 0.0043 0.9732 0.0032 
       SOB04  8 0.0028 0.0012 0.0009 0.9318 0.0634 
       SOB05  8 0.0017 0.0016 0.0401 0.9547 0.0019 
       SOB06  8 0.1414 0.0169 0.0009 0.8368 0.0041 
       SOB07  8 0.1671 0.0067 0.0065 0.8174 0.0023 
       SOB08  8 0.0062 0.0011 0.0035 0.9864 0.0028 
       SOB09  8 0.0018 0.0087 0.0016 0.9284 0.0595 
       SOB10  8 0.0059 0.0072 0.0018 0.9834 0.0017 
       SOB11  8 0.0056 0.0026 0.0010 0.9605 0.0303 
       OSR01  8 0.0019 0.0018 0.0322 0.9558 0.0083 
       OSR02  8 0.3210 0.0008 0.0021 0.6742 0.0018 
       OSR03  8 0.3167 0.0008 0.0022 0.6785 0.0018 
       OSR04  8 0.3285 0.0022 0.0028 0.6646 0.0020 
       OSR05  8 0.3215 0.0008 0.0022 0.6736 0.0018 
       OSR06  8 0.0015 0.0013 0.0009 0.9937 0.0026 
       OSR07  8 0.0051 0.0016 0.0282 0.9619 0.0032 
       OSR08  8 0.0057 0.0015 0.0297 0.9598 0.0033 
       OSR09  8 0.0020 0.0760 0.0265 0.8920 0.0035 
      Lion01  8 0.0022 0.0045 0.0151 0.9748 0.0035 
      Lion02  8 0.1009 0.0012 0.0011 0.8946 0.0023 
      Lion03  8 0.2877 0.0008 0.0009 0.7087 0.0018 
      Lion04  8 0.0037 0.0016 0.0038 0.9880 0.0028 
      Lion05  8 0.0021 0.0066 0.0013 0.9825 0.0076 
      Lion06  8 0.0023 0.0063 0.0013 0.9820 0.0081 
        TW01  8 0.0044 0.0019 0.0011 0.9908 0.0018 
        TW02  8 0.0467 0.0072 0.0014 0.9355 0.0092 
        TW03  8 0.0044 0.0017 0.0012 0.9908 0.0018 
        TW04  8 0.0040 0.0019 0.0011 0.9912 0.0018 
        CF01  8 0.0032 0.0013 0.0078 0.9860 0.0017 
        CF02  8 0.5254 0.0006 0.0020 0.4699 0.0021 
        CF03  8 0.0030 0.0014 0.0077 0.9861 0.0018 
        CF04  8 0.0089 0.0012 0.0185 0.9637 0.0078 
        CF05  8 0.0026 0.0010 0.0024 0.9917 0.0023 
        CF06  8 0.0027 0.0011 0.0024 0.9916 0.0023 
        CF07  8 0.0017 0.0008 0.0007 0.9382 0.0585 
        CF08  8 0.0026 0.0011 0.0024 0.9916 0.0023 
        CF09  8 0.0032 0.0012 0.0075 0.9862 0.0018 
        CF10  8 0.0025 0.0007 0.0020 0.9927 0.0022 
        CF11  8 0.0091 0.0019 0.0970 0.8804 0.0116 
        CF12  8 0.0036 0.0013 0.0082 0.9852 0.0017 
        CF13  8 0.0027 0.0010 0.0022 0.9917 0.0023 
        CF14  8 0.0085 0.0012 0.0190 0.9637 0.0076 
        CF15  8 0.0018 0.0013 0.0042 0.9878 0.0050 
        CF16  8 0.0031 0.0013 0.0087 0.9852 0.0017 
        CF17  8 0.0039 0.0011 0.0047 0.9885 0.0018 
        CF18  8 0.0088 0.0012 0.0189 0.9637 0.0075 
        CF19  8 0.0037 0.0027 0.0018 0.9633 0.0285 
        CF20  8 0.0027 0.0010 0.0023 0.9916 0.0023 
        CF21  8 0.0027 0.0010 0.0023 0.9917 0.0023 
        CF22  8 0.0026 0.0011 0.0024 0.9916 0.0023 
        CF23  8 0.0027 0.0011 0.0022 0.9916 0.0023 
        CF24  8 0.0033 0.0013 0.0073 0.9864 0.0017 
        CF25  8 0.0031 0.0013 0.0079 0.9860 0.0017 
        CF26  8 0.5241 0.0006 0.0019 0.4712 0.0022 
        CF27  8 0.0026 0.0011 0.0022 0.9918 0.0023 
        CF28  8 0.0021 0.0012 0.0041 0.9868 0.0059 
        CF29  8 0.0034 0.0013 0.0079 0.9856 0.0017 
        CF30  8 0.0034 0.0017 0.0037 0.9885 0.0027 
        CF31  8 0.0033 0.0013 0.0074 0.9863 0.0017 
        CF32  8 0.0138 0.0009 0.0015 0.9820 0.0018 
        CF33  8 0.0022 0.0010 0.0023 0.9813 0.0132 
        CF34  8 0.0026 0.0010 0.0024 0.9916 0.0024 
        CF35  8 0.0019 0.0013 0.0049 0.9868 0.0051 
        CF36  8 0.0020 0.0017 0.0010 0.9936 0.0017 
        BP01  8 0.0058 0.0141 0.0037 0.9738 0.0025 
        BP02  8 0.0027 0.0011 0.0012 0.9929 0.0020 
        BP03  8 0.0029 0.0010 0.0012 0.9929 0.0021 
        BP04  8 0.0056 0.0023 0.0067 0.9833 0.0021 
        BP06  8 0.0032 0.0014 0.0050 0.9884 0.0020 
        BP07  8 0.0029 0.0041 0.0014 0.9575 0.0341 
        BP08  8 0.0037 0.0019 0.0215 0.9707 0.0021 
        BP09  8 0.0067 0.0014 0.0010 0.9857 0.0052 
        BP10  8 0.0015 0.0043 0.0011 0.9910 0.0022 
        BP11  8 0.0017 0.0008 0.0009 0.9949 0.0018 
        BP12  8 0.0467 0.0011 0.0021 0.9482 0.0019 
        BP14  8 0.0026 0.0022 0.0023 0.9893 0.0036 
        BP16  8 0.0018 0.0023 0.0010 0.9932 0.0017 
        BP17  8 0.0018 0.0066 0.0010 0.9882 0.0023 
        BP18  8 0.0015 0.0044 0.0011 0.9907 0.0022 
        BP19  8 0.0013 0.0013 0.0011 0.9938 0.0025 
        BP20  8 0.0014 0.0044 0.0011 0.9910 0.0022 
   BP2007-01  8 0.0017 0.0008 0.0009 0.9948 0.0017 
   BP2007-02  8 0.0018 0.0009 0.0011 0.9947 0.0016 
   BP2007-03  8 0.3367 0.0012 0.0011 0.6576 0.0033 
   BP2007-04  8 0.0012 0.0011 0.0011 0.9943 0.0023 
   BP2007-05  8 0.0063 0.0087 0.0007 0.9789 0.0054 
   BP2007-06  8 0.0219 0.0153 0.0073 0.9537 0.0018 
   BP2007-07  8 0.0030 0.0010 0.0012 0.9927 0.0021 
   BP2007-08  8 0.0185 0.0061 0.0014 0.9625 0.0116 
   BP2007-09  8 0.0175 0.0067 0.0014 0.9627 0.0117 
   BP2007-10  8 0.0029 0.0009 0.0012 0.9929 0.0021 
   BP2007-11  8 0.0021 0.0008 0.0008 0.9943 0.0019 
   BP2007-12  8 0.0133 0.0028 0.0012 0.9809 0.0019 
   BP2007-13  8 0.0163 0.0066 0.0015 0.9642 0.0114 
   BP2007-14  8 0.0065 0.0008 0.0053 0.9302 0.0572 
   BP2007-15  8 0.0014 0.0008 0.0086 0.9875 0.0017 
   BP2007-16  8 0.0057 0.0006 0.0033 0.9879 0.0026 
   BP2007-17  8 0.0035 0.0019 0.0204 0.9722 0.0020 
   BP2007-18  8 0.0033 0.0006 0.0009 0.9344 0.0609 
   BP2007-19  8 0.0059 0.0024 0.0063 0.9835 0.0020 
   BP2007-20  8 0.0058 0.0022 0.0072 0.9828 0.0020 
   BP2007-21  8 0.0014 0.0009 0.0009 0.9951 0.0017 
   BP2007-22  8 0.0022 0.0008 0.0008 0.9943 0.0019 
   BP2007-23  8 0.0017 0.0008 0.0009 0.9950 0.0017 
   BP2007-24  8 0.0073 0.0024 0.0026 0.9851 0.0026 
   BP2007-25  8 0.0015 0.0010 0.0010 0.9949 0.0015 
   BP2007-26  8 0.0444 0.0011 0.0021 0.9504 0.0020 
   BP2007-27  8 0.0015 0.0044 0.0011 0.9907 0.0023 
   BP2007-28  8 0.0021 0.0008 0.0009 0.9943 0.0020 
   BP2007-29  8 0.0013 0.0009 0.0010 0.9950 0.0019 
   BP2007-30  8 0.0053 0.0014 0.1369 0.8545 0.0020 
   BP2007-31  8 0.0021 0.0009 0.0053 0.9898 0.0019 
   BP2007-32  8 0.0034 0.0026 0.0536 0.9326 0.0078 
   BP2007-33  8 0.0021 0.0008 0.0008 0.9943 0.0020 
   BP2007-34  8 0.0310 0.0990 0.0038 0.8640 0.0022 
   BP2007-35  8 0.0054 0.0023 0.0064 0.9839 0.0020 
   BP2007-36  8 0.0015 0.0009 0.0011 0.9949 0.0016 
   BP2007-37  8 0.0016 0.0013 0.0006 0.9077 0.0889 
   BP2007-38  8 0.0029 0.0010 0.0013 0.9928 0.0020 
   BP2007-39  8 0.0014 0.0009 0.0086 0.9874 0.0018 
   BP2007-40  8 0.0052 0.0019 0.0140 0.9764 0.0025 
        BP21  8 0.0016 0.0009 0.0011 0.9948 0.0016 
        BP22  8 0.0197 0.0030 0.0016 0.9738 0.0018 
        BP23  8 0.0127 0.0025 0.0038 0.9794 0.0015 
        BP24  8 0.0327 0.0031 0.0021 0.9603 0.0017 
        BP25  8 0.0016 0.0009 0.0011 0.9949 0.0015 
        BP26  8 0.0015 0.0009 0.0011 0.9949 0.0016 
        BP27  8 0.0447 0.0063 0.0013 0.9369 0.0108 
        BP28  8 0.0206 0.0029 0.0018 0.9729 0.0018 
        BP29  8 0.0021 0.0022 0.0010 0.9930 0.0018 
        BP30  8 0.0015 0.0008 0.0009 0.9952 0.0016 
      NNKB01  8 0.0017 0.0138 0.0016 0.9790 0.0039 
      NNKB02  8 0.0030 0.0010 0.0030 0.9902 0.0028 
      NNKN01  8 0.0093 0.0007 0.0009 0.9846 0.0045 
         SR1  9 0.0993 0.0019 0.0021 0.8949 0.0017 
        SR10  9 0.0017 0.0032 0.2600 0.7316 0.0035 
        SR11  9 0.1238 0.0013 0.0032 0.8700 0.0017 
        SR12  9 0.1021 0.0019 0.0021 0.8920 0.0018 
        SR13  9 0.3045 0.0236 0.0908 0.5551 0.0260 
        SR15  9 0.0026 0.0288 0.0026 0.9619 0.0042 
        SR16  9 0.0176 0.0017 0.0015 0.9774 0.0019 
        SR17  9 0.0318 0.0097 0.2828 0.6732 0.0025 
        SR18  9 0.0078 0.0043 0.0015 0.9829 0.0034 
        SR19  9 0.0695 0.0007 0.0028 0.9243 0.0027 
         SR2  9 0.1244 0.0013 0.0032 0.8693 0.0017 
        SR20  9 0.0048 0.0533 0.2262 0.7138 0.0019 
        SR21  9 0.0704 0.0040 0.0033 0.9204 0.0019 
        SR22  9 0.4943 0.0014 0.0009 0.5019 0.0014 
        SR23  9 0.0871 0.0039 0.0033 0.9022 0.0035 
        SR24  9 0.0079 0.0024 0.0052 0.9818 0.0027 
        SR25  9 0.0251 0.0013 0.0039 0.9674 0.0023 
        SR26  9 0.0169 0.0221 0.0870 0.8709 0.0031 
        SR27  9 0.0366 0.0014 0.0015 0.9585 0.0019 
        SR28  9 0.0044 0.0007 0.0010 0.9919 0.0019 
        SR29  9 0.0094 0.0016 0.1176 0.8685 0.0029 
         SR3  9 0.3835 0.0008 0.0018 0.6121 0.0018 
        SR30  9 0.0051 0.0113 0.0053 0.9767 0.0016 
         SR5  9 0.0876 0.0151 0.0068 0.8887 0.0018 
         SR6  9 0.0411 0.0037 0.0044 0.9490 0.0019 
         SR7  9 0.0039 0.0086 0.3931 0.5924 0.0019 
         SR8  9 0.1952 0.0010 0.0018 0.8003 0.0017 
         SR9  9 0.0051 0.0080 0.3734 0.6115 0.0020 
       HAM01 10 0.0879 0.0019 0.0015 0.9072 0.0015 
       HAM02 10 0.2236 0.0008 0.0057 0.7639 0.0060 
       HAM03 10 0.0927 0.0016 0.0015 0.9027 0.0015 
       HAM07 10 0.0718 0.0013 0.0047 0.9151 0.0071 
       HAM08 10 0.0137 0.0008 0.0025 0.9814 0.0016 
       HAM09 10 0.0016 0.0016 0.0025 0.9706 0.0237 
       HAM10 10 0.0233 0.0034 0.0024 0.9677 0.0032 
      CRWL01 10 0.0043 0.0019 0.0033 0.9884 0.0021 
      CRWL02 10 0.0037 0.0019 0.0046 0.9879 0.0019 
      CRWL03 10 0.0041 0.0051 0.0131 0.9756 0.0021 
      CRWL04 10 0.0018 0.0020 0.0116 0.9824 0.0023 
      CRWL05 10 0.0016 0.0041 0.0007 0.9911 0.0024 
      CRWL06 10 0.0064 0.0009 0.0059 0.9851 0.0018 
      CRWL07 10 0.0053 0.0011 0.0006 0.9906 0.0025 
      CRWL08 10 0.0024 0.0008 0.0043 0.9902 0.0022 
      CRWL09 10 0.0083 0.0008 0.0013 0.9868 0.0027 
      CRWL10 10 0.0694 0.0007 0.0012 0.9261 0.0026 
      CRWL11 10 0.0515 0.0015 0.0021 0.9414 0.0035 
      CRWL12 10 0.0032 0.0019 0.1980 0.7938 0.0030 
      CRWL13 10 0.0040 0.0013 0.0033 0.9896 0.0017 
      CRWL14 10 0.0031 0.0016 0.0020 0.9905 0.0027 
      CRWL15 10 0.0037 0.0025 0.0163 0.9761 0.0013 
      CRWL16 10 0.0032 0.0017 0.0022 0.9901 0.0028 
      CRWL17 10 0.0393 0.0015 0.0018 0.9538 0.0036 
      CRWL18 10 0.0078 0.0008 0.0014 0.9884 0.0016 
      CRWL19 10 0.0080 0.0008 0.0013 0.9883 0.0016 
      CRWL20 10 0.0034 0.0018 0.0009 0.9922 0.0018 
      CRWL21 10 0.0602 0.0008 0.0013 0.9354 0.0024 
       MES01 11 0.9943 0.0007 0.0008 0.0028 0.0013 
       MES02 11 0.9935 0.0007 0.0007 0.0036 0.0015 
       MES03 11 0.9342 0.0326 0.0287 0.0029 0.0016 
       MES04 11 0.9936 0.0007 0.0007 0.0035 0.0014 
       MES05 11 0.9898 0.0009 0.0008 0.0069 0.0016 
       MES06 11 0.9942 0.0007 0.0008 0.0030 0.0013 
       MES07 11 0.9944 0.0007 0.0008 0.0028 0.0013 
       MES08 11 0.9944 0.0007 0.0007 0.0029 0.0013 
       MES09 11 0.9943 0.0007 0.0007 0.0030 0.0013 
       MES10 11 0.9934 0.0007 0.0008 0.0036 0.0015 
       MES11 11 0.9720 0.0007 0.0008 0.0237 0.0028 
       MES12 11 0.9944 0.0007 0.0007 0.0029 0.0013 
       MES13 11 0.9944 0.0007 0.0008 0.0028 0.0013 
       MES14 11 0.9950 0.0009 0.0010 0.0018 0.0013 
       MES15 11 0.9539 0.0010 0.0009 0.0032 0.0411 
       MES16 11 0.9935 0.0007 0.0008 0.0036 0.0015 
       MES17 11 0.9944 0.0007 0.0008 0.0029 0.0013 
       MES18 11 0.9944 0.0007 0.0008 0.0029 0.0013 
       MES19 11 0.9943 0.0007 0.0008 0.0030 0.0013 
       MES20 11 0.9945 0.0007 0.0007 0.0028 0.0012 
       MES21 11 0.9950 0.0009 0.0009 0.0018 0.0013 
       MES22 11 0.9945 0.0007 0.0007 0.0028 0.0012 
       SAX01 11 0.9945 0.0010 0.0009 0.0023 0.0014 
       SAX02 11 0.9952 0.0009 0.0008 0.0018 0.0013 
       SAX03 11 0.9950 0.0010 0.0008 0.0019 0.0013 
       SAX04 11 0.9825 0.0007 0.0023 0.0128 0.0017 
       SAX05 11 0.9932 0.0007 0.0007 0.0041 0.0013 
       SAX06 11 0.9934 0.0007 0.0007 0.0039 0.0012 
       SAX07 11 0.9945 0.0008 0.0008 0.0025 0.0014 
       SAX08 11 0.9946 0.0009 0.0008 0.0024 0.0013 
       SAX09 11 0.9951 0.0009 0.0008 0.0019 0.0013 
       SAX10 11 0.9573 0.0007 0.0331 0.0076 0.0013 
       SAX11 11 0.9931 0.0007 0.0008 0.0042 0.0012 
       SAX12 11 0.9951 0.0009 0.0008 0.0018 0.0013 
       SAX13 11 0.9955 0.0007 0.0007 0.0020 0.0011 
       SAX14 11 0.9927 0.0007 0.0008 0.0045 0.0013 
       SAX15 11 0.9951 0.0009 0.0008 0.0019 0.0013 
       SAX16 11 0.9944 0.0009 0.0009 0.0024 0.0013 
       SAX17 11 0.9945 0.0008 0.0008 0.0024 0.0013 
       SAX18 11 0.9947 0.0008 0.0008 0.0024 0.0013 
       SAX19 11 0.9877 0.0007 0.0019 0.0084 0.0013 
       IRP01 11 0.9949 0.0008 0.0008 0.0021 0.0013 
       IRP02 11 0.9951 0.0008 0.0009 0.0019 0.0013 
       IRP03 11 0.9951 0.0009 0.0009 0.0018 0.0013 
       IRP04 11 0.9952 0.0008 0.0009 0.0018 0.0013 
       IRP05 11 0.9950 0.0009 0.0009 0.0019 0.0013 
       IRP06 11 0.9950 0.0008 0.0008 0.0020 0.0013 
       IRP07 11 0.9951 0.0008 0.0009 0.0019 0.0013 
       IRP08 11 0.9950 0.0008 0.0008 0.0021 0.0013 
       IRP09 11 0.9951 0.0008 0.0010 0.0019 0.0013 
       IRP10 11 0.9951 0.0008 0.0008 0.0020 0.0013 
       IRP11 11 0.9950 0.0008 0.0008 0.0021 0.0013 
       IRP12 11 0.9950 0.0008 0.0008 0.0021 0.0013 
       IRP13 11 0.9950 0.0008 0.0008 0.0020 0.0013 
       IRP14 11 0.9951 0.0008 0.0009 0.0019 0.0013 
       IRP15 11 0.9951 0.0009 0.0009 0.0018 0.0013 
       IRP16 11 0.0021 0.0008 0.0041 0.9914 0.0015 
     IRP16-2 11 0.0022 0.0009 0.0038 0.9915 0.0016 
       IRP17 11 0.9952 0.0008 0.0009 0.0019 0.0013 
       MRT01 11 0.9950 0.0007 0.0008 0.0023 0.0012 
       MRT02 11 0.9950 0.0009 0.0009 0.0019 0.0013 
       MRT03 11 0.9952 0.0007 0.0007 0.0022 0.0012 
       MRT04 11 0.9950 0.0007 0.0008 0.0023 0.0012 
       MRT05 11 0.9950 0.0007 0.0008 0.0023 0.0012 
       MRT06 11 0.9952 0.0007 0.0007 0.0022 0.0012 
       MRT07 11 0.9949 0.0010 0.0009 0.0019 0.0013 
       MRT08 11 0.9877 0.0007 0.0007 0.0095 0.0014 
       MRT09 11 0.9949 0.0009 0.0009 0.0020 0.0013 
       MRT10 11 0.9950 0.0009 0.0008 0.0020 0.0012 
       MRT11 11 0.9950 0.0009 0.0009 0.0019 0.0013 
       MRT12 11 0.9950 0.0007 0.0008 0.0023 0.0012 
       MRT13 11 0.9949 0.0009 0.0010 0.0019 0.0013 
       MRT14 11 0.9950 0.0007 0.0008 0.0023 0.0012 
       MRT15 11 0.9950 0.0007 0.0008 0.0023 0.0012 
       MRT16 11 0.9953 0.0007 0.0007 0.0021 0.0012 
       MRT17 11 0.9952 0.0007 0.0007 0.0022 0.0012 
       MRT18 11 0.9946 0.0010 0.0009 0.0022 0.0014 
       MRT19 11 0.9950 0.0007 0.0008 0.0023 0.0012 
       MRT20 11 0.9949 0.0009 0.0009 0.0020 0.0013 
       MRT21 11 0.9950 0.0007 0.0008 0.0023 0.0012 
       MRT22 11 0.9950 0.0008 0.0008 0.0022 0.0012 
       MRT23 11 0.9950 0.0007 0.0008 0.0023 0.0012 
       MRT24 11 0.9949 0.0009 0.0009 0.0020 0.0013 
       MRT25 11 0.9951 0.0007 0.0007 0.0022 0.0012 
       MRT26 11 0.9950 0.0007 0.0008 0.0022 0.0012 
       MRT27 11 0.9950 0.0007 0.0008 0.0023 0.0012 
       MRT28 11 0.9950 0.0009 0.0009 0.0019 0.0013 
       MRT29 11 0.9950 0.0007 0.0008 0.0023 0.0013 
       MRT30 11 0.9953 0.0007 0.0007 0.0021 0.0011 
       MRT31 11 0.9949 0.0007 0.0008 0.0024 0.0012 
       MRT32 11 0.9950 0.0007 0.0007 0.0023 0.0012 
       MRT33 11 0.9949 0.0009 0.0009 0.0020 0.0013 
        LK01 10 0.0030 0.0005 0.0038 0.9900 0.0027 
        LK02 10 0.0069 0.0009 0.0208 0.9699 0.0014 
        LK05 10 0.0027 0.0009 0.0015 0.9928 0.0021 
        LK06 10 0.0075 0.0015 0.0032 0.9854 0.0024 
        LK07 10 0.0051 0.0009 0.0009 0.9878 0.0052 
     LK07-01 10 0.0026 0.0009 0.0015 0.9930 0.0021 
     LK07-02 10 0.0033 0.0018 0.0031 0.9862 0.0057 
     LK07-03 10 0.0036 0.0056 0.0011 0.9875 0.0021 
     LK07-04 10 0.0021 0.0005 0.0010 0.9947 0.0017 
     LK07-05 10 0.0070 0.0010 0.0028 0.9869 0.0023 
     LK07-06 10 0.0059 0.0014 0.0011 0.9885 0.0031 
        LK08 10 0.0029 0.0020 0.0015 0.9917 0.0019 
        LK09 10 0.0025 0.0006 0.0022 0.9929 0.0017 
        LK11 10 0.0021 0.0017 0.0011 0.9776 0.0176 
        LK12 10 0.0030 0.0020 0.0040 0.9895 0.0016 
        LK13 10 0.0039 0.0012 0.0020 0.9869 0.0061 
        LK14 10 0.0068 0.0022 0.0030 0.9844 0.0036 
        LK15 10 0.0029 0.0011 0.0016 0.9928 0.0016 
        LK16 10 0.0047 0.0023 0.0008 0.9895 0.0026 
        LK17 10 0.0049 0.0011 0.0014 0.9910 0.0017 
        LK18 10 0.0421 0.0008 0.0010 0.9542 0.0018 
        LK19 10 0.0056 0.0013 0.0011 0.9889 0.0030 
        LK20 10 0.0021 0.0010 0.0054 0.9898 0.0017 
        LK21 10 0.0028 0.0012 0.0096 0.9815 0.0048 
        LK22 10 0.0044 0.0007 0.0027 0.9904 0.0019 
        LK23 10 0.0020 0.0068 0.0006 0.9866 0.0040 
        LK24 10 0.0091 0.0007 0.0047 0.9826 0.0030 
        LK25 10 0.0157 0.0009 0.0016 0.9800 0.0018 
       LMC01 10 0.3191 0.0089 0.0012 0.6691 0.0017 
       LMC02 10 0.1051 0.0101 0.0012 0.8822 0.0013 
       LMC03 10 0.2648 0.0010 0.0018 0.7310 0.0013 
       LMC04 10 0.0043 0.0017 0.0016 0.9859 0.0066 
        UM01 10 0.0013 0.0293 0.0256 0.9104 0.0335 
        UM02 10 0.0022 0.1644 0.0093 0.8222 0.0018 
        UM03 10 0.0060 0.1184 0.0219 0.8514 0.0022 
        UM04 10 0.0025 0.0092 0.0047 0.9811 0.0026 
        UM05 10 0.0023 0.0016 0.0013 0.9888 0.0059 
        UM06 10 0.0013 0.0070 0.0050 0.9340 0.0526 
        UM07 10 0.0023 0.0124 0.0046 0.9756 0.0051 
        UM08 10 0.0052 0.0015 0.0010 0.8934 0.0990 
        UM09 10 0.0021 0.0026 0.0036 0.8926 0.0991 
        UM10 10 0.0023 0.0016 0.0013 0.9888 0.0060 
       PLT01 10 0.0078 0.0032 0.0045 0.9828 0.0017 
       PLT02 10 0.0016 0.0011 0.0014 0.9842 0.0117 
       PLT03 10 0.0036 0.0011 0.0010 0.9927 0.0017 
        DC01 10 0.0033 0.0008 0.0010 0.9895 0.0054 
        DC02 10 0.0016 0.0011 0.0062 0.9856 0.0055 
        DC03 10 0.0022 0.0012 0.0012 0.9897 0.0057 
        DC04 10 0.0083 0.0007 0.0043 0.9553 0.0314 
        DC05 10 0.0215 0.0017 0.0007 0.9735 0.0026 
        DC06 10 0.0038 0.0019 0.0013 0.9822 0.0107 
        DC07 10 0.0025 0.0233 0.0049 0.9621 0.0072 
        DC08 10 0.0024 0.0005 0.0009 0.9940 0.0022 
        DC09 10 0.0035 0.0009 0.0009 0.8374 0.1573 
        DC10 10 0.0024 0.0016 0.0104 0.9539 0.0317 
        DC11 10 0.0015 0.0011 0.0059 0.9796 0.0119 
        DC12 10 0.0022 0.0014 0.0006 0.9884 0.0074 
        DC13 10 0.1358 0.0009 0.0007 0.8590 0.0035 
        DC14 10 0.0084 0.0007 0.0043 0.9565 0.0301 
        DC15 10 0.0019 0.0013 0.0027 0.9898 0.0043 
        DC16 10 0.0041 0.0016 0.0031 0.9793 0.0119 
        DC17 10 0.0029 0.0015 0.0021 0.9909 0.0026 
        DC18 10 0.0023 0.0008 0.0010 0.9908 0.0050 
        DC19 10 0.0107 0.0028 0.0086 0.9752 0.0028 
        DC20 10 0.1534 0.0024 0.0029 0.8394 0.0019 
        DC21 10 0.0012 0.0010 0.0010 0.9931 0.0037 
        DC22 10 0.0021 0.0718 0.0091 0.8811 0.0359 
        DC23 10 0.0026 0.0026 0.0029 0.9875 0.0043 
        DC24 10 0.0024 0.0008 0.0010 0.9908 0.0050 
        DC25 10 0.0028 0.0007 0.0085 0.9858 0.0022 
        DC26 10 0.0023 0.0013 0.0006 0.9885 0.0073 
        PC02 12 0.0022 0.0009 0.0036 0.9917 0.0016 
        PC03 12 0.0022 0.0008 0.0038 0.9916 0.0016 
        PC04 12 0.0021 0.0008 0.0039 0.9916 0.0016 
        PC05 12 0.0023 0.0009 0.0039 0.9914 0.0016 
        PC06 12 0.0021 0.0009 0.0039 0.9915 0.0016 
        PC07 12 0.0270 0.0013 0.0008 0.9693 0.0016 
        PC08 12 0.0021 0.0008 0.0040 0.9915 0.0016 
        PC09 12 0.0021 0.0009 0.0040 0.9914 0.0016 
        PC10 12 0.0026 0.0009 0.0088 0.9861 0.0016 
        PC11 12 0.0022 0.0008 0.0037 0.9916 0.0016 
        PC12 12 0.0023 0.0008 0.0043 0.9910 0.0016 
        PC13 12 0.0022 0.0008 0.0040 0.9913 0.0016 
        PC14 12 0.0022 0.0009 0.0038 0.9915 0.0016 
        PC01 12 0.0023 0.0009 0.0041 0.9912 0.0015 
      Nuke10 13 0.9891 0.0005 0.0024 0.0063 0.0017 
      Nuke11 13 0.9870 0.0005 0.0033 0.0064 0.0029 
      Nuke12 13 0.6712 0.0005 0.2045 0.1141 0.0097 
      Nuke13 13 0.9901 0.0006 0.0009 0.0058 0.0027 
      Nuke01 13 0.9877 0.0006 0.0025 0.0075 0.0016 
      Nuke02 13 0.6706 0.0005 0.2069 0.1122 0.0098 
      Nuke03 13 0.8741 0.0005 0.0382 0.0826 0.0046 
      Nuke04 13 0.9946 0.0005 0.0008 0.0025 0.0016 
      Nuke05 13 0.9927 0.0006 0.0017 0.0034 0.0016 
      Nuke06 13 0.9856 0.0006 0.0013 0.0081 0.0044 
      Nuke07 13 0.9902 0.0005 0.0021 0.0052 0.0019 
      Nuke08 13 0.9892 0.0005 0.0043 0.0042 0.0018 
      Nuke09 13 0.9853 0.0005 0.0043 0.0069 0.0029 
       Rad01 13 0.7713 0.0012 0.1246 0.1010 0.0019 
       Rad02 13 0.9932 0.0006 0.0013 0.0032 0.0017 
       Rad03 13 0.9655 0.0006 0.0218 0.0106 0.0015 
       Rad04 13 0.9929 0.0007 0.0022 0.0028 0.0016 
       Rad05 13 0.9334 0.0006 0.0013 0.0055 0.0592 
       Rad06 13 0.8153 0.0005 0.1748 0.0067 0.0028 
       Rad07 13 0.9895 0.0005 0.0045 0.0036 0.0018 
       Rad08 13 0.7977 0.0065 0.0124 0.1782 0.0052 
       Rad09 13 0.9507 0.0110 0.0296 0.0068 0.0019 
       Rad10 13 0.9643 0.0005 0.0016 0.0282 0.0054 
       Rad11 13 0.8077 0.0008 0.1861 0.0038 0.0016 
       Rad12 13 0.8759 0.0005 0.0733 0.0473 0.0031 
       Rad13 13 0.8719 0.0005 0.1206 0.0052 0.0018 
       Rad14 13 0.9926 0.0006 0.0023 0.0028 0.0016 
       Rad15 13 0.9429 0.0144 0.0290 0.0113 0.0024 
       Rad16 13 0.9891 0.0005 0.0045 0.0041 0.0018 
       HTB16 14 0.0033 0.0009 0.0017 0.9904 0.0037 
       HTB17 14 0.1788 0.0005 0.0027 0.8133 0.0047 
       HTB18 14 0.3705 0.0821 0.0028 0.5397 0.0048 
       HTB19 14 0.0023 0.0006 0.0009 0.9933 0.0029 
       HTB20 14 0.1610 0.0005 0.0026 0.8300 0.0059 
       HTB21 14 0.0042 0.0118 0.0014 0.9741 0.0085 
       HTB22 14 0.0082 0.0007 0.0010 0.9869 0.0033 
       HTB23 14 0.0096 0.0013 0.0017 0.9848 0.0025 
       HTB11 14 0.0017 0.0013 0.0050 0.9816 0.0104 
       HTB12 14 0.0026 0.0446 0.0026 0.9465 0.0038 
       HTB13 14 0.0030 0.0444 0.0027 0.9468 0.0031 
       HTB14 14 0.0085 0.0011 0.0011 0.9684 0.0209 
       HTB15 14 0.0046 0.0114 0.0015 0.9602 0.0224 
       Nel01 15 0.0018 0.0007 0.0049 0.9904 0.0023 
       Nel02 15 0.1486 0.0014 0.0025 0.7222 0.1253 
       Nel03 15 0.0018 0.0006 0.0051 0.9901 0.0023 
       Nel04 15 0.0017 0.0006 0.0052 0.9901 0.0024 
       Nel05 15 0.0033 0.0010 0.0461 0.9475 0.0020 
       Nel06 15 0.0035 0.0011 0.0461 0.9473 0.0020 
       Nel07 15 0.0033 0.0010 0.0447 0.9490 0.0020 
       Nel08 15 0.0029 0.0006 0.0024 0.9897 0.0043 
       Nel09 15 0.0034 0.0010 0.0450 0.9486 0.0020 
       Nel10 15 0.0072 0.0015 0.0053 0.9836 0.0024 
       Nel11 15 0.0017 0.0006 0.0051 0.9902 0.0023 
       Nel12 15 0.0032 0.0010 0.0446 0.9492 0.0020 
       Nel13 15 0.0023 0.0008 0.0132 0.9806 0.0031 
       Nel14 15 0.0033 0.0010 0.0460 0.9477 0.0020 
         EI1 16 0.0039 0.0007 0.0008 0.9860 0.0085 
        EI10 16 0.0033 0.0007 0.0008 0.9907 0.0046 
        EI11 16 0.0025 0.0007 0.0008 0.9917 0.0043 
        EI12 16 0.0031 0.0008 0.0012 0.9857 0.0094 
         EI2 16 0.0031 0.0008 0.0009 0.9933 0.0019 
         EI3 16 0.0030 0.0007 0.0011 0.9855 0.0097 
         EI4 16 0.0025 0.0006 0.0008 0.9917 0.0043 
         EI5 16 0.0028 0.0007 0.0010 0.9846 0.0109 
         EI6 16 0.0032 0.0007 0.0008 0.9907 0.0047 
         EI7 16 0.0020 0.0007 0.0011 0.9890 0.0073 
         EI8 16 0.0021 0.0007 0.0009 0.9794 0.0169 
         EI9 16 0.0023 0.0007 0.0009 0.9930 0.0031 
        OL01 17 0.9932 0.0012 0.0009 0.0033 0.0014 
        OL02 17 0.7400 0.0006 0.0609 0.1952 0.0033 
        OL03 17 0.9934 0.0011 0.0009 0.0032 0.0014 
        OL04 17 0.9931 0.0012 0.0009 0.0034 0.0014 
        OL06 17 0.9932 0.0011 0.0009 0.0034 0.0015 
       OSP01 17 0.9934 0.0011 0.0009 0.0032 0.0014 
       OSP02 17 0.9932 0.0012 0.0008 0.0033 0.0015 
       OSP03 17 0.9931 0.0013 0.0009 0.0033 0.0014 
       OSP04 17 0.9928 0.0013 0.0009 0.0034 0.0015 
       OSP05 17 0.9931 0.0012 0.0009 0.0033 0.0015 
       OSP06 17 0.9932 0.0012 0.0009 0.0032 0.0015 
       OSP07 17 0.9933 0.0011 0.0009 0.0032 0.0015 
       OSP10 17 0.9933 0.0012 0.0009 0.0032 0.0014 
       OSP11 17 0.9931 0.0013 0.0009 0.0033 0.0014 
       OSP12 17 0.9932 0.0011 0.0009 0.0033 0.0015 
       OSP13 17 0.9930 0.0012 0.0009 0.0034 0.0015 
       OSP14 17 0.9933 0.0012 0.0008 0.0032 0.0015 
        OY02 17 0.7651 0.0009 0.1987 0.0304 0.0048 
        OY04 17 0.8190 0.0006 0.0134 0.1537 0.0134 
        OY05 17 0.3787 0.0006 0.0063 0.6098 0.0046 
        OY06 17 0.4136 0.0009 0.0011 0.5797 0.0048 
        OY07 17 0.8373 0.0011 0.1444 0.0145 0.0026 
        OY08 17 0.8425 0.0011 0.1387 0.0151 0.0026 
        OY10 17 0.6410 0.0018 0.0182 0.3256 0.0134 
        OY12 17 0.5827 0.0011 0.0069 0.4045 0.0047 
        OY15 17 0.3876 0.0008 0.0050 0.6023 0.0043 
        OY16 17 0.3170 0.0016 0.0007 0.4128 0.2680 
        OY20 17 0.4623 0.0010 0.0024 0.5301 0.0042 
        OY26 17 0.6709 0.0006 0.0012 0.3235 0.0038 
        OY27 17 0.3792 0.0024 0.0008 0.6136 0.0039 
       RHL02 17 0.3097 0.0009 0.0175 0.6707 0.0013 
       RHL03 17 0.3350 0.0009 0.0181 0.6446 0.0013 
       RHL05 17 0.3355 0.0008 0.0171 0.6452 0.0013 
       RHL06 17 0.3150 0.0008 0.0164 0.6665 0.0013 
       RHL07 17 0.3088 0.0008 0.0105 0.6785 0.0013 
       RHL09 17 0.3342 0.0009 0.0178 0.6457 0.0014 
       RHL11 17 0.3092 0.0008 0.0107 0.6779 0.0013 
       RHL12 17 0.3613 0.0009 0.0037 0.6327 0.0014 
       RHL13 17 0.3359 0.0009 0.0164 0.6455 0.0013 
       RHL14 17 0.3354 0.0009 0.0168 0.6455 0.0014 
       MOON1 17 0.4691 0.0006 0.0027 0.5261 0.0016 
       Cre01 17 0.9916 0.0006 0.0018 0.0046 0.0015 
       Cre02 17 0.9911 0.0010 0.0012 0.0053 0.0014 
       Cre03 17 0.9910 0.0011 0.0012 0.0053 0.0014 
       Cre04 17 0.9911 0.0011 0.0012 0.0053 0.0014 
       Cre05 17 0.9911 0.0010 0.0012 0.0054 0.0014 
       Cre06 17 0.9810 0.0006 0.0109 0.0061 0.0014 
       Cre07 17 0.9911 0.0010 0.0012 0.0052 0.0014 
       Cre08 17 0.9853 0.0010 0.0057 0.0069 0.0012 
       Cre09 17 0.9809 0.0006 0.0111 0.0060 0.0014 
       Cre10 17 0.9901 0.0009 0.0011 0.0066 0.0013 
       Cre11 17 0.9919 0.0010 0.0012 0.0046 0.0014 
       SSN31 17 0.9894 0.0010 0.0011 0.0072 0.0012 
       SSN32 17 0.9809 0.0005 0.0110 0.0062 0.0014 
       SSN33 17 0.9919 0.0006 0.0016 0.0046 0.0013 
       SSN34 17 0.9816 0.0006 0.0105 0.0061 0.0013 
       SSN35 17 0.9913 0.0010 0.0012 0.0052 0.0014 
       SSN36 17 0.9912 0.0012 0.0012 0.0051 0.0014 
       SSN38 17 0.4116 0.0007 0.0044 0.5819 0.0014 
       SSN39 17 0.9906 0.0010 0.0010 0.0060 0.0014 
       SSN40 17 0.9934 0.0009 0.0012 0.0033 0.0012 
       SSN41 17 0.9907 0.0010 0.0010 0.0061 0.0013 
       BCV44 17 0.9887 0.0010 0.0053 0.0034 0.0015 
       BCV45 17 0.9892 0.0010 0.0054 0.0030 0.0014 
       BCV46 17 0.9894 0.0010 0.0052 0.0030 0.0015 
       BCV47 17 0.9891 0.0010 0.0054 0.0031 0.0015 
       BCV48 17 0.9896 0.0010 0.0049 0.0030 0.0015 
       BCV49 17 0.9891 0.0010 0.0053 0.0031 0.0015 
       BCV50 17 0.9898 0.0010 0.0050 0.0029 0.0015 
       BCV51 17 0.9890 0.0010 0.0056 0.0030 0.0014 
       BCV52 17 0.9893 0.0009 0.0053 0.0030 0.0015 
       BCV53 17 0.9893 0.0010 0.0053 0.0030 0.0015 
      SSBC01 17 0.9891 0.0010 0.0055 0.0030 0.0014 
      SSBC02 17 0.9888 0.0009 0.0057 0.0031 0.0015 
      SSBC03 17 0.9895 0.0010 0.0050 0.0030 0.0015 
      SSBC04 17 0.9892 0.0010 0.0055 0.0029 0.0014 
      SSBC05 17 0.9889 0.0009 0.0056 0.0031 0.0015 
      SSBC06 17 0.9888 0.0010 0.0050 0.0037 0.0015 
      SSBC07 17 0.9892 0.0010 0.0053 0.0030 0.0015 
       LCV01 17 0.8031 0.0019 0.0090 0.1829 0.0031 
       LCV02 17 0.8014 0.0018 0.0098 0.1840 0.0030 
