        TC01  1 0.9654 0.0066 0.0007 0.0013 0.0260 
        TC02  1 0.9824 0.0100 0.0010 0.0020 0.0046 
        TC03  1 0.9850 0.0044 0.0023 0.0034 0.0049 
        TC04  1 0.9063 0.0652 0.0027 0.0118 0.0140 
        TC05  1 0.9687 0.0259 0.0014 0.0032 0.0009 
        TC06  1 0.9682 0.0046 0.0008 0.0249 0.0015 
        TC07  1 0.9372 0.0548 0.0022 0.0026 0.0032 
        TC08  1 0.9869 0.0051 0.0022 0.0046 0.0012 
        TC09  1 0.9744 0.0071 0.0010 0.0166 0.0009 
        TC10  1 0.9887 0.0020 0.0007 0.0013 0.0072 
        TC11  1 0.9932 0.0017 0.0011 0.0010 0.0029 
        TC12  1 0.9343 0.0427 0.0085 0.0038 0.0107 
        TC13  1 0.9936 0.0022 0.0007 0.0023 0.0012 
        TC14  1 0.9463 0.0111 0.0067 0.0287 0.0072 
        TC15  1 0.9547 0.0207 0.0023 0.0186 0.0036 
        TC16  1 0.8687 0.0261 0.0030 0.1002 0.0020 
        TC17  1 0.9273 0.0538 0.0057 0.0039 0.0093 
        TC18  1 0.8794 0.0219 0.0128 0.0037 0.0822 
        TC19  1 0.9944 0.0020 0.0007 0.0016 0.0012 
        TC20  1 0.9884 0.0027 0.0009 0.0038 0.0042 
        TC21  1 0.6554 0.3275 0.0028 0.0044 0.0100 
        TC22  1 0.9212 0.0511 0.0022 0.0127 0.0128 
        TC23  1 0.9881 0.0027 0.0020 0.0027 0.0045 
        TC24  1 0.9938 0.0014 0.0029 0.0012 0.0007 
        TC25  1 0.8287 0.0056 0.0058 0.0855 0.0743 
        TC26  1 0.9913 0.0030 0.0009 0.0041 0.0008 
        TC27  1 0.9696 0.0066 0.0019 0.0140 0.0079 
        TC28  1 0.9709 0.0108 0.0033 0.0119 0.0032 
        TC29  1 0.9505 0.0248 0.0042 0.0163 0.0042 
        TC30  1 0.9906 0.0024 0.0009 0.0051 0.0010 
        TC31  1 0.9014 0.0094 0.0043 0.0022 0.0828 
        TC32  1 0.8189 0.1513 0.0009 0.0275 0.0014 
        TC33  1 0.9816 0.0062 0.0054 0.0031 0.0037 
        TC34  1 0.9658 0.0026 0.0018 0.0284 0.0014 
        TC35  1 0.9787 0.0046 0.0012 0.0024 0.0130 
        TC36  1 0.9892 0.0055 0.0013 0.0024 0.0016 
        TC37  1 0.9899 0.0046 0.0024 0.0009 0.0021 
        TC38  1 0.9821 0.0040 0.0013 0.0046 0.0081 
        TC39  1 0.9890 0.0025 0.0015 0.0056 0.0014 
        TC40  1 0.9464 0.0069 0.0318 0.0126 0.0023 
        TC41  1 0.9896 0.0055 0.0011 0.0015 0.0022 
        TC42  1 0.9901 0.0022 0.0008 0.0058 0.0010 
        TC43  1 0.9886 0.0028 0.0016 0.0048 0.0022 
        TC44  1 0.9784 0.0067 0.0012 0.0070 0.0067 
        TC45  1 0.9930 0.0026 0.0006 0.0008 0.0030 
        TC46  1 0.9670 0.0185 0.0039 0.0013 0.0092 
        TC47  1 0.9866 0.0036 0.0018 0.0031 0.0049 
        TC48  1 0.9190 0.0519 0.0176 0.0035 0.0080 
        TC49  1 0.9758 0.0185 0.0012 0.0022 0.0022 
        TC50  1 0.9555 0.0291 0.0065 0.0024 0.0066 
        TC51  1 0.8771 0.0072 0.0013 0.1073 0.0072 
        TC52  1 0.9691 0.0071 0.0158 0.0060 0.0021 
        TC53  1 0.9847 0.0088 0.0007 0.0040 0.0018 
        TC54  1 0.9282 0.0346 0.0272 0.0072 0.0028 
        TC55  1 0.9722 0.0106 0.0075 0.0066 0.0030 
        TC56  1 0.9460 0.0089 0.0101 0.0085 0.0264 
        TC57  1 0.9722 0.0133 0.0074 0.0013 0.0058 
        TC58  1 0.9818 0.0037 0.0009 0.0021 0.0116 
        TC59  1 0.9937 0.0024 0.0009 0.0020 0.0010 
        TA01  2 0.9914 0.0041 0.0009 0.0023 0.0013 
        TA02  2 0.9835 0.0062 0.0079 0.0014 0.0011 
        TA03  2 0.9856 0.0059 0.0021 0.0023 0.0042 
        TA04  2 0.7164 0.0026 0.0009 0.2787 0.0013 
        TA05  2 0.9884 0.0061 0.0016 0.0015 0.0024 
        TA06  2 0.9904 0.0019 0.0010 0.0053 0.0015 
        TA07  2 0.9802 0.0122 0.0034 0.0015 0.0027 
        TA08  2 0.9734 0.0016 0.0017 0.0088 0.0145 
        TA09  2 0.9925 0.0020 0.0011 0.0035 0.0009 
        TA10  2 0.9290 0.0243 0.0007 0.0034 0.0425 
        TA11  2 0.8934 0.0094 0.0014 0.0041 0.0915 
        TA12  2 0.8654 0.1202 0.0012 0.0010 0.0122 
        TA13  2 0.7680 0.2128 0.0035 0.0120 0.0036 
        TA14  2 0.9921 0.0017 0.0013 0.0043 0.0006 
        TA15  2 0.9873 0.0048 0.0009 0.0061 0.0009 
        TA16  2 0.9621 0.0151 0.0009 0.0091 0.0128 
        TA17  2 0.9702 0.0188 0.0037 0.0048 0.0026 
        TA18  2 0.8579 0.1349 0.0008 0.0041 0.0023 
        TA19  2 0.8895 0.0298 0.0019 0.0327 0.0461 
        TA20  2 0.9580 0.0133 0.0242 0.0018 0.0027 
        TA21  2 0.9780 0.0129 0.0041 0.0026 0.0023 
        TA22  2 0.9684 0.0039 0.0039 0.0227 0.0011 
        TA23  2 0.9836 0.0026 0.0011 0.0118 0.0009 
        TA24  2 0.9668 0.0266 0.0011 0.0027 0.0028 
        TA25  2 0.8133 0.0304 0.0006 0.0080 0.1477 
        TA26  2 0.9840 0.0047 0.0010 0.0026 0.0076 
        TA27  2 0.9715 0.0195 0.0023 0.0050 0.0017 
        TA28  2 0.9452 0.0226 0.0247 0.0017 0.0058 
        TA29  2 0.9717 0.0058 0.0010 0.0190 0.0024 
        TA30  2 0.9367 0.0119 0.0032 0.0433 0.0049 
      BERM01  3 0.0012 0.0012 0.0006 0.9963 0.0007 
      BERM02  3 0.0022 0.0013 0.0006 0.9952 0.0007 
      BERM03  3 0.0012 0.0014 0.0006 0.9958 0.0009 
      BERM04  3 0.0010 0.0012 0.0006 0.9960 0.0012 
      BERM05  3 0.0009 0.0015 0.0009 0.9954 0.0013 
      BERM06  3 0.0027 0.0015 0.0006 0.9943 0.0009 
      BERM07  3 0.0019 0.0013 0.0006 0.9951 0.0011 
      BERM08  3 0.0011 0.0009 0.0005 0.9966 0.0008 
      BERM09  3 0.1738 0.0013 0.0005 0.8237 0.0007 
      BERM10  3 0.0027 0.0020 0.0006 0.9931 0.0016 
      BERM11  3 0.0032 0.0012 0.0007 0.9939 0.0010 
      BERM12  3 0.0051 0.0016 0.0017 0.9732 0.0183 
      BERM13  3 0.0013 0.0016 0.0005 0.9958 0.0008 
      BERM14  3 0.0054 0.0012 0.0007 0.9917 0.0011 
      CROC01  3 0.0015 0.0042 0.0057 0.9866 0.0020 
      CROC02  3 0.0070 0.0074 0.0016 0.9820 0.0020 
      CROC03  3 0.0047 0.0018 0.0012 0.9900 0.0022 
      CROC04  3 0.0456 0.0092 0.0033 0.9410 0.0009 
      CROC05  3 0.0013 0.0014 0.0006 0.9958 0.0009 
      CROC06  3 0.0089 0.0148 0.0213 0.9377 0.0172 
      CROC07  3 0.0030 0.0016 0.0006 0.9938 0.0010 
      CROC08  3 0.0014 0.0018 0.0170 0.9765 0.0033 
      CROC09  3 0.0016 0.0017 0.0022 0.9936 0.0009 
      CROC10  3 0.0011 0.0013 0.0005 0.9959 0.0011 
      CROC11  3 0.0016 0.0016 0.0025 0.9934 0.0009 
     CROC110  3 0.0049 0.0072 0.0013 0.9857 0.0009 
     CROC116  3 0.0080 0.0051 0.0028 0.9822 0.0019 
      CROC12  3 0.0013 0.0019 0.0006 0.9954 0.0007 
     CROC123  3 0.0016 0.0010 0.0005 0.9962 0.0007 
      CROC13  3 0.0015 0.0013 0.0006 0.9945 0.0020 
      CROC14  3 0.0157 0.0321 0.0043 0.9058 0.0421 
      CROC15  3 0.0020 0.0123 0.1140 0.8664 0.0053 
      CROC16  3 0.0014 0.0032 0.0028 0.9903 0.0023 
      CROC17  3 0.0366 0.0041 0.0005 0.9581 0.0007 
      CROC18  3 0.0037 0.0085 0.0008 0.9814 0.0056 
      CROC19  3 0.0021 0.0031 0.0010 0.9922 0.0016 
     CROC198  3 0.0018 0.0014 0.0006 0.9948 0.0013 
      CROC20  3 0.0014 0.0028 0.0013 0.9929 0.0016 
     CROC202  3 0.0017 0.0015 0.0008 0.9926 0.0034 
      CROC21  3 0.0017 0.0017 0.0006 0.9949 0.0011 
     CROC216  3 0.0316 0.0202 0.0049 0.9419 0.0014 
      CROC22  3 0.0173 0.0112 0.0006 0.9497 0.0212 
      CROC23  3 0.0051 0.0017 0.0008 0.9914 0.0011 
      CROC24  3 0.0034 0.0015 0.0009 0.9929 0.0012 
      CROC25  3 0.0017 0.0012 0.0007 0.9956 0.0009 
     CROC259  3 0.0098 0.0016 0.0007 0.9849 0.0030 
      CROC26  3 0.0675 0.0013 0.0010 0.9288 0.0015 
      CROC27  3 0.0654 0.0022 0.0025 0.9286 0.0012 
      CROC28  3 0.1817 0.0012 0.0007 0.8155 0.0009 
      CROC29  3 0.0020 0.0016 0.0012 0.9943 0.0010 
      CROC30  3 0.0028 0.0071 0.0022 0.9864 0.0015 
      CROC31  3 0.0401 0.0140 0.0011 0.9438 0.0010 
      CROC32  3 0.0020 0.0014 0.0005 0.9951 0.0010 
      CROC33  3 0.0073 0.0049 0.0502 0.9365 0.0011 
      CROC34  3 0.0014 0.0014 0.0009 0.9951 0.0012 
      CROC35  3 0.0169 0.0055 0.0005 0.9762 0.0009 
      CROC36  3 0.0009 0.0011 0.0006 0.9965 0.0009 
      CROC57  3 0.0012 0.0014 0.0009 0.9953 0.0013 
      CROC81  3 0.0017 0.0026 0.0024 0.9906 0.0026 
      CROC84  3 0.0025 0.0012 0.0009 0.9927 0.0026 
        FW01  3 0.9939 0.0016 0.0009 0.0023 0.0014 
        FW02  3 0.0009 0.0009 0.0004 0.9971 0.0006 
        FW03  3 0.9954 0.0012 0.0007 0.0018 0.0010 
        FW04  3 0.0009 0.0009 0.0004 0.9971 0.0006 
        FW05  3 0.0009 0.0009 0.0004 0.9971 0.0006 
        FW06  3 0.0009 0.0009 0.0005 0.9970 0.0007 
        FW07  3 0.9952 0.0012 0.0007 0.0020 0.0010 
        FW08  3 0.0009 0.0009 0.0004 0.9971 0.0006 
        FW09  3 0.0009 0.0009 0.0004 0.9971 0.0006 
        FW10  3 0.9952 0.0012 0.0008 0.0018 0.0009 
       FW100  3 0.9940 0.0012 0.0007 0.0032 0.0009 
       FW101  3 0.9952 0.0012 0.0008 0.0019 0.0010 
       FW102  3 0.0009 0.0009 0.0005 0.9971 0.0006 
       FW103  3 0.0009 0.0009 0.0004 0.9971 0.0006 
       FW104  3 0.9939 0.0015 0.0009 0.0024 0.0014 
       FW105  3 0.9952 0.0013 0.0007 0.0019 0.0010 
       FW106  3 0.0058 0.0098 0.0035 0.9787 0.0022 
       FW107  3 0.9938 0.0016 0.0009 0.0023 0.0014 
       FW108  3 0.0009 0.0009 0.0004 0.9971 0.0006 
       FW109  3 0.9952 0.0012 0.0008 0.0019 0.0009 
        FW11  3 0.9938 0.0012 0.0007 0.0034 0.0009 
       FW110  3 0.9952 0.0012 0.0007 0.0019 0.0009 
       FW111  3 0.0009 0.0009 0.0004 0.9971 0.0007 
       FW112  3 0.9940 0.0012 0.0007 0.0031 0.0010 
       FW113  3 0.0009 0.0009 0.0004 0.9971 0.0006 
       FW114  3 0.9954 0.0012 0.0007 0.0018 0.0009 
       FW115  3 0.9952 0.0012 0.0008 0.0019 0.0009 
       FW116  3 0.0009 0.0009 0.0005 0.9971 0.0006 
        FW12  3 0.0009 0.0009 0.0004 0.9971 0.0007 
        FW13  3 0.0009 0.0009 0.0004 0.9971 0.0006 
        FW14  3 0.9939 0.0015 0.0009 0.0023 0.0014 
        FW15  3 0.9938 0.0016 0.0009 0.0024 0.0014 
        FW16  3 0.9952 0.0012 0.0008 0.0018 0.0009 
        FW17  3 0.9952 0.0012 0.0007 0.0019 0.0009 
        FW18  3 0.9939 0.0012 0.0007 0.0032 0.0009 
        FW19  3 0.0009 0.0009 0.0005 0.9972 0.0006 
        FW20  3 0.0009 0.0009 0.0004 0.9972 0.0006 
        FW21  3 0.0009 0.0009 0.0004 0.9971 0.0007 
        FW22  3 0.9940 0.0012 0.0007 0.0032 0.0009 
        FW23  3 0.0009 0.0009 0.0004 0.9971 0.0007 
        FW24  3 0.0009 0.0009 0.0004 0.9972 0.0006 
        FW25  3 0.0009 0.0009 0.0004 0.9971 0.0007 
        FW26  3 0.0009 0.0009 0.0004 0.9971 0.0006 
        FW27  3 0.9952 0.0012 0.0008 0.0020 0.0009 
        FW28  3 0.0010 0.0009 0.0005 0.9970 0.0006 
        FW29  3 0.0009 0.0009 0.0004 0.9971 0.0006 
        FW30  3 0.0058 0.0097 0.0034 0.9789 0.0022 
        FW32  3 0.9938 0.0016 0.0009 0.0024 0.0013 
        FW33  3 0.0009 0.0010 0.0005 0.9970 0.0006 
        FW34  3 0.0009 0.0009 0.0004 0.9971 0.0006 
        FW35  3 0.0009 0.0009 0.0004 0.9971 0.0006 
        FW36  3 0.0009 0.0009 0.0005 0.9971 0.0006 
        FW37  3 0.9952 0.0012 0.0008 0.0019 0.0009 
        FW51  3 0.0009 0.0009 0.0004 0.9971 0.0006 
        FW52  3 0.9952 0.0012 0.0008 0.0019 0.0009 
        FW53  3 0.0009 0.0009 0.0004 0.9971 0.0006 
        FW54  3 0.9953 0.0012 0.0007 0.0019 0.0009 
        FW55  3 0.0009 0.0009 0.0004 0.9971 0.0006 
        FW56  3 0.0009 0.0009 0.0005 0.9971 0.0006 
        FW57  3 0.0009 0.0009 0.0005 0.9970 0.0007 
        FW78  3 0.0009 0.0009 0.0004 0.9972 0.0006 
        FW79  3 0.0009 0.0009 0.0004 0.9971 0.0007 
        FW80  3 0.0009 0.0009 0.0005 0.9971 0.0007 
        FW81  3 0.9955 0.0011 0.0007 0.0018 0.0009 
        FW82  3 0.9952 0.0012 0.0008 0.0019 0.0009 
        FW83  3 0.9938 0.0015 0.0009 0.0024 0.0014 
        FW84  3 0.0009 0.0009 0.0004 0.9971 0.0006 
        FW85  3 0.9951 0.0013 0.0009 0.0018 0.0010 
        FW86  3 0.9941 0.0012 0.0007 0.0031 0.0009 
        FW87  3 0.9937 0.0013 0.0007 0.0034 0.0009 
        FW88  3 0.0009 0.0009 0.0004 0.9971 0.0006 
        FW89  3 0.0009 0.0009 0.0004 0.9971 0.0006 
        FW90  3 0.0009 0.0009 0.0004 0.9971 0.0006 
        FW91  3 0.9952 0.0011 0.0008 0.0019 0.0009 
        FW92  3 0.0009 0.0009 0.0004 0.9971 0.0006 
        FW93  3 0.0009 0.0009 0.0005 0.9971 0.0006 
        FW94  3 0.9953 0.0012 0.0008 0.0019 0.0009 
        FW95  3 0.0009 0.0009 0.0004 0.9971 0.0006 
        FW96  3 0.0009 0.0009 0.0004 0.9971 0.0007 
        FW97  3 0.0036 0.0034 0.0013 0.9878 0.0038 
        FW98  3 0.9955 0.0011 0.0007 0.0018 0.0009 
        FW99  3 0.0009 0.0009 0.0004 0.9971 0.0007 
       Cal01  3 0.0014 0.0013 0.0015 0.9949 0.0010 
       Cal02  3 0.0016 0.0023 0.0007 0.9942 0.0012 
       Cal03  3 0.0033 0.0022 0.0015 0.9921 0.0009 
       Cal04  3 0.0017 0.0029 0.0010 0.9921 0.0022 
       Cal05  3 0.0048 0.0009 0.0004 0.9932 0.0007 
       Cal06  3 0.0026 0.0025 0.0009 0.9929 0.0010 
       Cal07  3 0.0077 0.0010 0.0005 0.9902 0.0006 
       Cal08  3 0.0027 0.0018 0.0009 0.9927 0.0019 
       Cal09  3 0.0217 0.0040 0.0005 0.9727 0.0011 
       Cal10  3 0.0023 0.0023 0.0017 0.9925 0.0012 
       Cal11  3 0.0028 0.0015 0.0006 0.9927 0.0024 
      Cal197  3 0.0012 0.0015 0.0007 0.9961 0.0006 
      Cal198  3 0.0968 0.0031 0.0381 0.8612 0.0009 
      Cal199  3 0.0017 0.0016 0.0016 0.9890 0.0061 
      Cal200  3 0.0474 0.0059 0.0081 0.9369 0.0018 
      Cal201  3 0.0059 0.0014 0.0005 0.9915 0.0006 
      Cal202  3 0.0021 0.0079 0.0162 0.9485 0.0254 
      Cal203  3 0.0018 0.0016 0.0008 0.9944 0.0015 
      Cal204  3 0.0013 0.0015 0.0009 0.9951 0.0011 
      Cal205  3 0.0017 0.0017 0.0009 0.9950 0.0008 
      Cal206  3 0.0014 0.0019 0.0007 0.9948 0.0012 
      Cal207  3 0.0015 0.0014 0.0051 0.9913 0.0007 
      Cal208  3 0.0011 0.0015 0.0010 0.9955 0.0010 
      Cal209  3 0.0011 0.0011 0.0005 0.9964 0.0009 
      Cal210  3 0.0017 0.0015 0.0015 0.9893 0.0060 
      Cal211  3 0.0014 0.0012 0.0007 0.9960 0.0007 
      Cal212  3 0.0025 0.0017 0.0011 0.9937 0.0010 
      Cal213  3 0.1744 0.0069 0.0320 0.7859 0.0008 
      Cal214  3 0.0013 0.0068 0.0036 0.9804 0.0079 
      Cal215  3 0.0015 0.0021 0.0010 0.9920 0.0035 
      Cal216  3 0.0034 0.0020 0.0013 0.9922 0.0010 
      Cal217  3 0.0016 0.0011 0.0006 0.9960 0.0007 
      Cal218  3 0.0038 0.0014 0.0007 0.9932 0.0009 
      Cal219  3 0.0018 0.0018 0.0005 0.9950 0.0010 
      Cal220  3 0.0012 0.0024 0.0008 0.9945 0.0010 
      Cal221  3 0.0021 0.0014 0.0008 0.9947 0.0011 
      Cal222  3 0.0019 0.0014 0.0009 0.9938 0.0020 
      Cal223  3 0.1436 0.0035 0.0033 0.8483 0.0013 
      Cal224  3 0.0020 0.0025 0.0809 0.9096 0.0050 
       Cal33  3 0.0014 0.0018 0.0005 0.9955 0.0008 
       Cal34  3 0.0032 0.0023 0.0013 0.9920 0.0011 
       Cal35  3 0.0018 0.0013 0.0007 0.9954 0.0007 
       Cal37  3 0.0040 0.0071 0.0008 0.9873 0.0008 
       Cal38  3 0.0013 0.0010 0.0005 0.9965 0.0007 
       Cal39  3 0.0037 0.0012 0.0005 0.9930 0.0016 
       Cal40  3 0.0012 0.0011 0.0005 0.9963 0.0009 
       Cal41  3 0.0013 0.0011 0.0005 0.9962 0.0009 
       Cal42  3 0.0010 0.0015 0.0006 0.9957 0.0012 
       Cal43  3 0.0018 0.0017 0.0007 0.9949 0.0009 
       Cal44  3 0.0027 0.0027 0.0018 0.9912 0.0015 
        BW41  3 0.0020 0.0028 0.0015 0.9788 0.0150 
        BW42  3 0.0044 0.0050 0.0008 0.9889 0.0010 
        BW44  3 0.0072 0.0015 0.0007 0.9897 0.0008 
        BW45  3 0.0025 0.0010 0.0004 0.9955 0.0006 
        BW46  3 0.0118 0.0039 0.0031 0.9797 0.0015 
        BW47  3 0.0064 0.0138 0.0007 0.9721 0.0070 
        BW48  3 0.0100 0.0029 0.0010 0.9838 0.0023 
        BW49  3 0.0032 0.0014 0.0005 0.9939 0.0009 
        BW50  3 0.0015 0.0014 0.0006 0.9956 0.0010 
        BW51  3 0.0605 0.0013 0.0006 0.9366 0.0008 
        BW52  3 0.0015 0.0013 0.0005 0.9953 0.0014 
        BW53  3 0.0054 0.0124 0.0041 0.9774 0.0008 
        BW54  3 0.0406 0.0858 0.0088 0.8533 0.0116 
        BW55  3 0.0065 0.0022 0.0021 0.9874 0.0017 
        BW56  3 0.0013 0.0012 0.0009 0.9956 0.0011 
        BW57  3 0.0018 0.0019 0.0011 0.9945 0.0008 
        BW58  3 0.0036 0.0019 0.0007 0.9930 0.0008 
        BW59  3 0.0017 0.0016 0.0005 0.9955 0.0008 
        BW60  3 0.0022 0.0013 0.0007 0.9950 0.0009 
        BW61  3 0.0067 0.0146 0.0009 0.9349 0.0429 
        BW62  3 0.0063 0.0026 0.0024 0.9873 0.0014 
        BW63  3 0.1852 0.0107 0.0167 0.7860 0.0013 
        BW64  3 0.0016 0.0013 0.0006 0.9958 0.0007 
        BW65  3 0.0091 0.0056 0.0049 0.9767 0.0037 
        BW66  3 0.0058 0.0013 0.0009 0.9891 0.0028 
        BW67  3 0.0808 0.0012 0.0024 0.9149 0.0008 
        BW68  3 0.0035 0.0031 0.0009 0.9913 0.0012 
        BW69  3 0.0020 0.0016 0.0006 0.9664 0.0293 
        BW70  3 0.0037 0.0014 0.0009 0.9931 0.0009 
        BW71  3 0.0012 0.0009 0.0004 0.9968 0.0007 
        BW72  3 0.0018 0.0035 0.0025 0.9894 0.0029 
        BW73  3 0.0043 0.0281 0.0009 0.9303 0.0364 
        BW74  3 0.0191 0.0034 0.0009 0.9747 0.0018 
        BW75  3 0.0042 0.0087 0.0017 0.9813 0.0042 
        BW76  3 0.0017 0.0016 0.0014 0.9932 0.0021 
        BW77  3 0.0711 0.0282 0.0023 0.8972 0.0012 
        BW78  3 0.0047 0.0012 0.0006 0.9921 0.0014 
        BW79  3 0.0019 0.0032 0.0006 0.9934 0.0009 
        BW80  3 0.0024 0.0027 0.0008 0.9933 0.0008 
        BW81  3 0.0054 0.0021 0.0013 0.9904 0.0008 
       BWS05  3 0.0174 0.0130 0.0017 0.9578 0.0101 
       BWS06  3 0.0531 0.0025 0.0020 0.9409 0.0015 
       BWS07  3 0.0037 0.0105 0.0006 0.9844 0.0007 
       BWS08  3 0.0106 0.0035 0.0053 0.9725 0.0081 
       BWS09  3 0.0012 0.0010 0.0009 0.9962 0.0007 
       BWS10  3 0.0045 0.0018 0.0101 0.9824 0.0011 
       BWS11  3 0.0009 0.0014 0.0006 0.9963 0.0009 
       BWS12  3 0.0041 0.0027 0.0014 0.9905 0.0013 
       BWS13  3 0.0031 0.0013 0.0025 0.9921 0.0010 
       BWS14  3 0.0137 0.0042 0.0011 0.9795 0.0014 
       BWS15  3 0.0011 0.0020 0.0010 0.9938 0.0021 
       BWS16  3 0.0140 0.0017 0.0006 0.9827 0.0010 
       BWS17  3 0.0018 0.0017 0.0012 0.9939 0.0015 
       BWS18  3 0.0027 0.0031 0.0232 0.9691 0.0020 
       BWS19  3 0.0028 0.0121 0.0056 0.9599 0.0196 
       BWS20  3 0.0055 0.0011 0.0007 0.9920 0.0007 
       BWS21  3 0.0621 0.0325 0.0270 0.8746 0.0039 
       BWS22  3 0.0020 0.0017 0.0014 0.9940 0.0010 
       BWS23  3 0.0032 0.0025 0.0183 0.9745 0.0015 
       BWS24  3 0.0032 0.0075 0.0016 0.9856 0.0021 
       BWS25  3 0.0011 0.0088 0.0005 0.9882 0.0014 
       BWS26  3 0.0024 0.0022 0.0007 0.9936 0.0011 
       BWS27  3 0.0036 0.0018 0.0005 0.9933 0.0007 
       BWS28  3 0.0098 0.0112 0.0030 0.9746 0.0013 
       BWS29  3 0.0245 0.0029 0.0012 0.9689 0.0025 
       BWS30  3 0.0014 0.0012 0.0011 0.9954 0.0008 
       BWS31  3 0.0067 0.0020 0.0010 0.9886 0.0018 
       BWS32  3 0.0207 0.0036 0.0008 0.9732 0.0016 
       BWS33  3 0.0013 0.0041 0.0015 0.9906 0.0025 
       BWS34  3 0.0262 0.0036 0.0069 0.9609 0.0023 
       BWS35  3 0.0031 0.0028 0.0010 0.9911 0.0020 
       BWS36  3 0.0013 0.0011 0.0005 0.9958 0.0013 
       BWS37  3 0.0066 0.0023 0.0011 0.9877 0.0023 
       BWS38  3 0.0032 0.0014 0.0008 0.9935 0.0012 
       BWS39  3 0.0028 0.0012 0.0006 0.9946 0.0008 
       BWS40  3 0.0014 0.0012 0.0007 0.9950 0.0017 
       BWN01  3 0.0067 0.0013 0.0007 0.9899 0.0014 
       BWN02  3 0.0346 0.0013 0.0005 0.9627 0.0008 
       BWN03  3 0.0015 0.0072 0.0022 0.9842 0.0049 
       BWN04  3 0.0121 0.0019 0.0010 0.9823 0.0027 
        NC01  4 0.9434 0.0341 0.0005 0.0212 0.0008 
        NC02  4 0.9916 0.0024 0.0008 0.0033 0.0019 
        NC03  4 0.9830 0.0060 0.0090 0.0013 0.0007 
        NC04  4 0.9936 0.0022 0.0009 0.0022 0.0012 
        NC05  4 0.9113 0.0471 0.0108 0.0267 0.0042 
        NC06  4 0.9502 0.0069 0.0007 0.0225 0.0197 
        NC07  4 0.9927 0.0028 0.0007 0.0024 0.0013 
        NC08  4 0.9915 0.0028 0.0015 0.0026 0.0016 
        NC09  4 0.9908 0.0028 0.0023 0.0025 0.0016 
        NC10  4 0.9653 0.0012 0.0005 0.0322 0.0008 
        NC11  4 0.9602 0.0077 0.0013 0.0283 0.0026 
        NC12  4 0.9940 0.0023 0.0007 0.0019 0.0011 
        NC13  4 0.9442 0.0146 0.0378 0.0024 0.0010 
        NC14  4 0.9738 0.0221 0.0007 0.0019 0.0014 
        NC15  4 0.9798 0.0107 0.0029 0.0042 0.0024 
        NC16  4 0.9273 0.0407 0.0006 0.0307 0.0008 
        NC18  4 0.9919 0.0033 0.0011 0.0020 0.0017 
        NC19  4 0.9965 0.0012 0.0007 0.0010 0.0007 
        NC20  4 0.9717 0.0020 0.0028 0.0204 0.0031 
        NC21  4 0.9843 0.0050 0.0057 0.0042 0.0008 
        NC22  4 0.9948 0.0012 0.0006 0.0019 0.0016 
        NC23  4 0.9901 0.0057 0.0009 0.0018 0.0015 
        NC24  4 0.9946 0.0019 0.0006 0.0012 0.0017 
      SAND01  4 0.9819 0.0012 0.0007 0.0152 0.0010 
      SAND02  4 0.9785 0.0012 0.0005 0.0186 0.0012 
      SAND03  4 0.9837 0.0010 0.0005 0.0141 0.0007 
      SAND04  4 0.9960 0.0010 0.0006 0.0018 0.0007 
      SAND05  4 0.9930 0.0011 0.0005 0.0046 0.0008 
      SAND06  4 0.9864 0.0012 0.0005 0.0112 0.0007 
      SAND07  4 0.9224 0.0013 0.0006 0.0745 0.0012 
      SAND08  4 0.9913 0.0010 0.0004 0.0065 0.0008 
      SAND09  4 0.9413 0.0015 0.0008 0.0552 0.0011 
      SAND10  4 0.9879 0.0012 0.0005 0.0096 0.0008 
      SAND11  4 0.9885 0.0015 0.0008 0.0080 0.0012 
      SAND12  4 0.9913 0.0011 0.0005 0.0063 0.0008 
      SAND13  4 0.9874 0.0012 0.0005 0.0101 0.0009 
      SAND14  4 0.9250 0.0012 0.0006 0.0721 0.0010 
      SAND15  4 0.9881 0.0011 0.0006 0.0094 0.0008 
      SAND16  4 0.7567 0.0017 0.0007 0.2401 0.0008 
      SAND17  4 0.9210 0.0014 0.0006 0.0759 0.0011 
      SAND18  4 0.9375 0.0012 0.0005 0.0600 0.0007 
      SAND19  4 0.9262 0.0011 0.0005 0.0716 0.0006 
      SAND20  4 0.9937 0.0009 0.0005 0.0041 0.0008 
      SAND21  4 0.6713 0.0012 0.0005 0.3261 0.0010 
      SAND22  4 0.9934 0.0009 0.0005 0.0046 0.0006 
      SAND23  4 0.7031 0.0013 0.0006 0.2941 0.0008 
      SAND24  4 0.0032 0.0033 0.0016 0.9897 0.0022 
      SAND25  4 0.9916 0.0015 0.0006 0.0053 0.0011 
      SAND26  4 0.9913 0.0010 0.0005 0.0065 0.0007 
      SAND27  4 0.9946 0.0014 0.0009 0.0022 0.0009 
      SAND28  4 0.9894 0.0011 0.0005 0.0082 0.0008 
      SAND29  4 0.7426 0.0012 0.0005 0.2549 0.0007 
      SAND30  4 0.9176 0.0012 0.0007 0.0799 0.0007 
      SAND31  4 0.9923 0.0011 0.0006 0.0053 0.0007 
      SAND32  4 0.9964 0.0011 0.0005 0.0013 0.0008 
      SAND33  4 0.9780 0.0010 0.0005 0.0195 0.0010 
      SAND34  4 0.9881 0.0012 0.0006 0.0094 0.0007 
      SAND35  4 0.9944 0.0009 0.0005 0.0036 0.0008 
      SAND36  4 0.9555 0.0013 0.0005 0.0418 0.0009 
      SAND37  4 0.7869 0.0015 0.0006 0.2102 0.0008 
      SAND38  4 0.9921 0.0012 0.0006 0.0051 0.0010 
      SAND39  4 0.9871 0.0012 0.0005 0.0105 0.0006 
      SAND40  4 0.9829 0.0013 0.0007 0.0141 0.0009 
      SAND41  4 0.9942 0.0009 0.0005 0.0036 0.0007 
      SAND42  4 0.9556 0.0016 0.0006 0.0412 0.0011 
      SAND43  4 0.8018 0.0016 0.0008 0.1944 0.0013 
      SAND44  4 0.9954 0.0009 0.0004 0.0025 0.0008 
       Hon01  5 0.9891 0.0047 0.0012 0.0007 0.0042 
       Hon02  5 0.9407 0.0025 0.0023 0.0533 0.0012 
       Hon03  5 0.8105 0.0054 0.0764 0.0054 0.1023 
       Hon04  5 0.9857 0.0057 0.0042 0.0025 0.0018 
       Hon05  5 0.9921 0.0031 0.0010 0.0017 0.0021 
       Hon06  5 0.9953 0.0021 0.0006 0.0009 0.0011 
       Hon07  5 0.9928 0.0017 0.0011 0.0015 0.0029 
       Hon08  5 0.9940 0.0020 0.0020 0.0011 0.0008 
       Hon09  5 0.8376 0.0017 0.0041 0.1538 0.0028 
       Hon10  5 0.9263 0.0043 0.0035 0.0015 0.0643 
       Hon11  5 0.8788 0.1087 0.0015 0.0050 0.0060 
       Hon12  5 0.9400 0.0014 0.0091 0.0420 0.0076 
       Hon13  5 0.9904 0.0039 0.0011 0.0021 0.0025 
       Hon14  5 0.9412 0.0082 0.0251 0.0011 0.0244 
       Hon15  5 0.9854 0.0039 0.0074 0.0008 0.0025 
       Hon16  5 0.9940 0.0020 0.0020 0.0011 0.0008 
       Hon17  5 0.9942 0.0032 0.0008 0.0010 0.0008 
       Hon18  5 0.9893 0.0043 0.0023 0.0031 0.0011 
       Hon19  5 0.9652 0.0032 0.0268 0.0018 0.0030 
       Hon20  5 0.9523 0.0399 0.0018 0.0012 0.0049 
      ERIN01  6 0.0006 0.0012 0.0006 0.0006 0.9969 
      ERIN02  6 0.0006 0.0013 0.0006 0.0006 0.9968 
      ERIN03  6 0.0006 0.0013 0.0007 0.0006 0.9968 
      ERIN04  6 0.0006 0.0013 0.0006 0.0007 0.9967 
      ERIN05  6 0.0007 0.0013 0.0007 0.0006 0.9967 
      ERIN06  6 0.0006 0.0012 0.0006 0.0006 0.9969 
      ERIN07  6 0.0006 0.0013 0.0006 0.0006 0.9968 
      ERIN08  6 0.0006 0.0013 0.0006 0.0007 0.9968 
      ERIN09  6 0.0006 0.0013 0.0006 0.0006 0.9969 
      ERIN10  6 0.0006 0.0013 0.0006 0.0007 0.9968 
      ERIN11  6 0.0017 0.0096 0.0007 0.0006 0.9873 
      ERIN12  6 0.0006 0.0013 0.0006 0.0007 0.9968 
      ERIN13  6 0.0006 0.0013 0.0006 0.0006 0.9969 
      ERIN14  6 0.0006 0.0013 0.0006 0.0007 0.9968 
      ERIN15  6 0.0006 0.0013 0.0006 0.0007 0.9968 
      ERIN16  6 0.0007 0.0017 0.0006 0.0006 0.9963 
      ERIN17  6 0.0006 0.0013 0.0006 0.0007 0.9968 
      ERIN18  6 0.0006 0.0012 0.0006 0.0006 0.9970 
      ERIN19  6 0.0006 0.0013 0.0006 0.0006 0.9969 
      ERIN20  6 0.0006 0.0012 0.0006 0.0006 0.9969 
      ERIN21  6 0.0006 0.0013 0.0006 0.0006 0.9968 
      ERIN22  6 0.0006 0.0012 0.0006 0.0007 0.9968 
      ERIN23  6 0.0006 0.0013 0.0006 0.0007 0.9968 
      ERIN24  6 0.0006 0.0013 0.0006 0.0007 0.9968 
      ERIN25  6 0.0006 0.0013 0.0007 0.0006 0.9968 
      ERIN26  6 0.0006 0.0013 0.0006 0.0007 0.9968 
      ERIN27  6 0.0006 0.0013 0.0006 0.0007 0.9969 
      ERIN28  6 0.0007 0.0013 0.0007 0.0006 0.9967 
      ERIN29  6 0.0006 0.0012 0.0006 0.0007 0.9969 
      ERIN30  6 0.0006 0.0013 0.0006 0.0006 0.9969 
      ERIN31  6 0.0006 0.0012 0.0006 0.0006 0.9969 
      ERIN32  6 0.0007 0.0013 0.0006 0.0006 0.9968 
      ERIN33  6 0.0007 0.0012 0.0006 0.0006 0.9969 
      ERIN34  6 0.0006 0.0012 0.0006 0.0007 0.9969 
      ERIN35  6 0.0006 0.0013 0.0006 0.0007 0.9968 
      ERIN38  6 0.0006 0.0013 0.0006 0.0006 0.9968 
      ERIN39  6 0.0006 0.0012 0.0006 0.0006 0.9969 
      ERIN40  6 0.0006 0.0012 0.0006 0.0006 0.9969 
      ERIN41  6 0.0006 0.0013 0.0006 0.0006 0.9968 
      ERIN42  6 0.0006 0.0013 0.0006 0.0006 0.9968 
      ERIN43  6 0.0006 0.0013 0.0006 0.0007 0.9968 
      ERIN44  6 0.0006 0.0013 0.0006 0.0007 0.9968 
      ERIN45  6 0.0006 0.0013 0.0006 0.0006 0.9968 
      ERIN46  6 0.0006 0.0013 0.0006 0.0006 0.9968 
      ERIN47  6 0.0006 0.0013 0.0006 0.0006 0.9968 
       FDS01  6 0.0006 0.0013 0.0006 0.0006 0.9968 
       FDS02  6 0.0006 0.0013 0.0006 0.0006 0.9968 
       FDS03  6 0.0007 0.0017 0.0006 0.0007 0.9963 
       FDS04  6 0.0006 0.0013 0.0006 0.0006 0.9968 
       FDS05  6 0.0006 0.0013 0.0006 0.0006 0.9968 
       FDS06  6 0.0006 0.0013 0.0006 0.0007 0.9968 
       FDS07  6 0.0006 0.0012 0.0007 0.0006 0.9968 
       FDS08  6 0.0006 0.0013 0.0006 0.0007 0.9968 
       FDS09  6 0.0006 0.0013 0.0006 0.0006 0.9968 
       FDS10  6 0.0006 0.0013 0.0006 0.0007 0.9968 
       FDS11  6 0.0006 0.0013 0.0006 0.0006 0.9969 
       FDS12  6 0.0007 0.0019 0.0006 0.0007 0.9962 
       FDS13  6 0.0006 0.0013 0.0006 0.0007 0.9968 
       FDS14  6 0.0006 0.0013 0.0006 0.0007 0.9968 
       FDS15  6 0.0006 0.0013 0.0006 0.0007 0.9968 
       FDS16  6 0.0006 0.0012 0.0006 0.0007 0.9969 
       FDS17  6 0.0006 0.0012 0.0006 0.0007 0.9968 
       FDS18  6 0.0007 0.0017 0.0006 0.0007 0.9963 
       EPP01  6 0.0006 0.0019 0.0015 0.0006 0.9954 
       EPP02  6 0.0006 0.0018 0.0014 0.0006 0.9955 
       EPP03  6 0.0006 0.0019 0.0012 0.0006 0.9956 
       EPP04  6 0.0006 0.0019 0.0014 0.0006 0.9955 
       EPP05  6 0.0007 0.0023 0.0014 0.0006 0.9950 
       EPP06  6 0.0006 0.0018 0.0013 0.0006 0.9956 
       EPP07  6 0.0006 0.0018 0.0014 0.0006 0.9955 
       EPP08  6 0.0007 0.0019 0.0016 0.0006 0.9953 
       EPP09  6 0.0007 0.0019 0.0014 0.0006 0.9954 
       EPP10  6 0.0006 0.0018 0.0014 0.0006 0.9956 
       EPP11  6 0.0008 0.0239 0.0089 0.0006 0.9658 
       EPP12  6 0.0006 0.0018 0.0015 0.0006 0.9955 
       EPP13  6 0.0006 0.0019 0.0014 0.0006 0.9954 
       EPP14  6 0.0006 0.0018 0.0014 0.0006 0.9956 
       EPP15  6 0.0064 0.0020 0.0015 0.0012 0.9889 
       EPP16  6 0.0006 0.0019 0.0015 0.0006 0.9954 
       EPP17  6 0.0006 0.0018 0.0015 0.0006 0.9954 
       EPP18  6 0.0006 0.0018 0.0014 0.0006 0.9956 
       EPP19  6 0.0007 0.0022 0.0013 0.0006 0.9952 
       EPP20  6 0.0007 0.0019 0.0013 0.0006 0.9956 
       EPP21  6 0.0006 0.0017 0.0014 0.0006 0.9957 
       EPP22  6 0.0006 0.0018 0.0014 0.0006 0.9955 
       EPP23  6 0.0008 0.0256 0.1270 0.0006 0.8460 
       EPP24  6 0.0006 0.0019 0.0014 0.0006 0.9954 
       EPP25  6 0.0007 0.0022 0.0014 0.0006 0.9951 
       EPP26  6 0.0007 0.0022 0.0014 0.0007 0.9952 
       EPP27  6 0.0006 0.0019 0.0013 0.0006 0.9956 
       EPP28  6 0.0006 0.0019 0.0014 0.0006 0.9954 
       EPP29  6 0.0006 0.0018 0.0014 0.0006 0.9955 
       EPP30  6 0.0006 0.0018 0.0015 0.0006 0.9954 
       EPP31  6 0.0006 0.0019 0.0013 0.0006 0.9955 
       EPP32  6 0.0007 0.0019 0.0015 0.0007 0.9954 
       EPP33  6 0.0006 0.0019 0.0014 0.0006 0.9954 
       EPP34  6 0.0007 0.0022 0.0013 0.0007 0.9951 
       EPP35  6 0.0186 0.0508 0.0013 0.0009 0.9283 
       EPP36  6 0.0006 0.0017 0.0015 0.0006 0.9955 
       EPP37  6 0.0045 0.0150 0.0236 0.0033 0.9536 
       EPP38  6 0.0006 0.0020 0.0012 0.0006 0.9956 
       EPP39  6 0.0006 0.0019 0.0014 0.0006 0.9955 
       EPP40  6 0.0006 0.0018 0.0014 0.0006 0.9955 
       EPP41  6 0.0006 0.0018 0.0014 0.0006 0.9955 
       EPP42  6 0.0006 0.0019 0.0014 0.0007 0.9955 
       EPP43  6 0.0007 0.0018 0.0015 0.0006 0.9954 
        ES68  6 0.0268 0.0234 0.0008 0.0054 0.9435 
       ENW44  6 0.0006 0.0018 0.0014 0.0006 0.9956 
       ENW45  6 0.0006 0.0019 0.0013 0.0007 0.9955 
       ENW46  6 0.0006 0.0018 0.0015 0.0006 0.9954 
       ENW48  6 0.0007 0.0019 0.0015 0.0006 0.9954 
       ENW49  6 0.0006 0.0018 0.0014 0.0006 0.9956 
       ENW50  6 0.0006 0.0018 0.0014 0.0006 0.9955 
       ENW51  6 0.0010 0.0025 0.0009 0.0009 0.9947 
       ENW52  6 0.0006 0.0018 0.0014 0.0007 0.9956 
       ENW53  6 0.0010 0.0025 0.0009 0.0010 0.9946 
       ENW54  6 0.0011 0.0025 0.0009 0.0009 0.9945 
       ENW55  6 0.0010 0.0026 0.0009 0.0010 0.9945 
       ENW56  6 0.0010 0.0025 0.0009 0.0010 0.9946 
       ENW57  6 0.0011 0.0025 0.0009 0.0009 0.9945 
       ENE58  6 0.0014 0.0022 0.0012 0.0009 0.9944 
       ENE59  6 0.0010 0.0027 0.0009 0.0011 0.9942 
       ENE60  6 0.0010 0.0026 0.0009 0.0010 0.9945 
       ENE61  6 0.0013 0.0023 0.0012 0.0010 0.9942 
       ENE62  6 0.0010 0.0027 0.0009 0.0010 0.9944 
       ENE63  6 0.0010 0.0029 0.0009 0.0011 0.9940 
       ENE64  6 0.0013 0.0023 0.0012 0.0010 0.9941 
       ENE65  6 0.0010 0.0026 0.0009 0.0009 0.9945 
       ENE66  6 0.0010 0.0025 0.0009 0.0010 0.9946 
       ENE67  6 0.0010 0.0028 0.0009 0.0011 0.9942 
         CC1  7 0.0016 0.0083 0.0057 0.0026 0.9817 
        CC10  7 0.0015 0.0085 0.0058 0.0026 0.9815 
        CC11  7 0.0019 0.0042 0.0253 0.0006 0.9680 
        CC12  7 0.0016 0.1921 0.0239 0.0007 0.7817 
        CC13  7 0.0016 0.0082 0.0062 0.0024 0.9816 
        CC14  7 0.0016 0.0085 0.0059 0.0025 0.9815 
        CC15  7 0.0060 0.0347 0.0058 0.0126 0.9409 
        CC16  7 0.0033 0.0083 0.0507 0.0007 0.9370 
        CC17  7 0.0017 0.0087 0.0078 0.0026 0.9791 
         CC2  7 0.0015 0.0089 0.0057 0.0025 0.9813 
         CC3  7 0.0015 0.0128 0.0032 0.0024 0.9801 
         CC4  7 0.0339 0.6798 0.0040 0.0058 0.2765 
         CC5  7 0.0008 0.0023 0.0022 0.0006 0.9941 
         CC6  7 0.0009 0.0024 0.0025 0.0007 0.9936 
         CC7  7 0.0008 0.0023 0.0022 0.0006 0.9941 
         CC8  7 0.0008 0.0023 0.0021 0.0006 0.9942 
         CC9  7 0.0008 0.0025 0.0023 0.0007 0.9937 
       BUN01  8 0.0012 0.9868 0.0056 0.0009 0.0057 
       BUN02  8 0.0022 0.9258 0.0015 0.0009 0.0696 
       BUN03  8 0.0010 0.9878 0.0088 0.0009 0.0015 
       BUN04  8 0.0013 0.9901 0.0018 0.0013 0.0055 
       BUN05  8 0.0014 0.4962 0.4589 0.0371 0.0064 
       BUN06  8 0.0011 0.9928 0.0037 0.0008 0.0016 
       BUN07  8 0.0009 0.9939 0.0033 0.0007 0.0012 
       SOB01  8 0.0008 0.9946 0.0013 0.0013 0.0019 
       SOB02  8 0.0664 0.9257 0.0027 0.0014 0.0037 
       SOB03  8 0.0012 0.9817 0.0037 0.0017 0.0117 
       SOB04  8 0.0640 0.9237 0.0011 0.0089 0.0024 
       SOB05  8 0.0008 0.9876 0.0008 0.0010 0.0097 
       SOB06  8 0.0012 0.8314 0.0055 0.0044 0.1575 
       SOB07  8 0.0017 0.8652 0.0049 0.0008 0.1273 
       SOB08  8 0.0010 0.9901 0.0012 0.0015 0.0062 
       SOB09  8 0.0089 0.9193 0.0010 0.0612 0.0095 
       SOB10  8 0.0008 0.9877 0.0017 0.0008 0.0089 
       SOB11  8 0.0867 0.8943 0.0153 0.0009 0.0028 
       OSR01  8 0.0389 0.9531 0.0027 0.0015 0.0038 
       OSR02  8 0.0012 0.9557 0.0076 0.0008 0.0348 
       OSR03  8 0.0012 0.9578 0.0071 0.0008 0.0332 
       OSR04  8 0.0012 0.8323 0.0546 0.0008 0.1111 
       OSR05  8 0.0011 0.9587 0.0074 0.0008 0.0320 
       OSR06  8 0.0036 0.9929 0.0013 0.0008 0.0014 
       OSR07  8 0.0011 0.9561 0.0045 0.0022 0.0362 
       OSR08  8 0.0011 0.9565 0.0051 0.0021 0.0352 
       OSR09  8 0.0045 0.9041 0.0019 0.0016 0.0879 
      Lion01  8 0.0021 0.9334 0.0557 0.0014 0.0074 
      Lion02  8 0.0017 0.8520 0.1438 0.0009 0.0016 
      Lion03  8 0.0009 0.7232 0.2734 0.0010 0.0016 
      Lion04  8 0.0013 0.9866 0.0078 0.0013 0.0030 
      Lion05  8 0.0049 0.9872 0.0009 0.0033 0.0037 
      Lion06  8 0.0049 0.9869 0.0009 0.0034 0.0038 
        TW01  8 0.0010 0.9902 0.0059 0.0008 0.0022 
        TW02  8 0.0015 0.9571 0.0246 0.0080 0.0088 
        TW03  8 0.0010 0.9904 0.0057 0.0009 0.0021 
        TW04  8 0.0010 0.9909 0.0053 0.0008 0.0021 
        CF01  8 0.0010 0.9914 0.0022 0.0008 0.0047 
        CF02  8 0.0013 0.5934 0.3952 0.0009 0.0092 
        CF03  8 0.0010 0.9909 0.0023 0.0008 0.0049 
        CF04  8 0.0033 0.9682 0.0194 0.0040 0.0050 
        CF05  8 0.0012 0.9935 0.0018 0.0012 0.0023 
        CF06  8 0.0012 0.9933 0.0018 0.0012 0.0025 
        CF07  8 0.0262 0.9410 0.0028 0.0291 0.0009 
        CF08  8 0.0012 0.9932 0.0019 0.0012 0.0025 
        CF09  8 0.0010 0.9914 0.0023 0.0008 0.0045 
        CF10  8 0.0010 0.9945 0.0014 0.0012 0.0019 
        CF11  8 0.0197 0.8354 0.0035 0.0020 0.1394 
        CF12  8 0.0010 0.9918 0.0022 0.0008 0.0043 
        CF13  8 0.0012 0.9933 0.0018 0.0012 0.0026 
        CF14  8 0.0029 0.9690 0.0192 0.0041 0.0049 
        CF15  8 0.0021 0.9914 0.0018 0.0024 0.0022 
        CF16  8 0.0010 0.9915 0.0023 0.0008 0.0045 
        CF17  8 0.0011 0.9909 0.0030 0.0007 0.0043 
        CF18  8 0.0033 0.9681 0.0196 0.0042 0.0048 
        CF19  8 0.0160 0.9692 0.0018 0.0093 0.0038 
        CF20  8 0.0012 0.9930 0.0020 0.0012 0.0026 
        CF21  8 0.0012 0.9933 0.0019 0.0012 0.0025 
        CF22  8 0.0012 0.9933 0.0018 0.0011 0.0025 
        CF23  8 0.0012 0.9931 0.0019 0.0012 0.0026 
        CF24  8 0.0010 0.9913 0.0023 0.0008 0.0047 
        CF25  8 0.0010 0.9911 0.0023 0.0008 0.0049 
        CF26  8 0.0013 0.5943 0.3934 0.0009 0.0101 
        CF27  8 0.0012 0.9933 0.0018 0.0012 0.0025 
        CF28  8 0.0031 0.9895 0.0029 0.0026 0.0019 
        CF29  8 0.0011 0.9913 0.0023 0.0008 0.0046 
        CF30  8 0.0013 0.9876 0.0068 0.0013 0.0029 
        CF31  8 0.0010 0.9918 0.0022 0.0008 0.0043 
        CF32  8 0.0012 0.9899 0.0042 0.0007 0.0040 
        CF33  8 0.0344 0.9607 0.0014 0.0011 0.0024 
        CF34  8 0.0012 0.9935 0.0018 0.0011 0.0023 
        CF35  8 0.0022 0.9916 0.0016 0.0024 0.0022 
        CF36  8 0.0008 0.9951 0.0012 0.0009 0.0020 
        BP01  8 0.0010 0.9462 0.0013 0.0015 0.0499 
        BP02  8 0.0010 0.9914 0.0052 0.0010 0.0014 
        BP03  8 0.0010 0.9946 0.0018 0.0010 0.0017 
        BP04  8 0.0009 0.9858 0.0042 0.0010 0.0081 
        BP06  8 0.0010 0.9933 0.0013 0.0009 0.0035 
        BP07  8 0.0419 0.9412 0.0019 0.0113 0.0036 
        BP08  8 0.0010 0.9894 0.0018 0.0009 0.0068 
        BP09  8 0.0049 0.9887 0.0015 0.0014 0.0034 
        BP10  8 0.0009 0.9947 0.0016 0.0011 0.0017 
        BP11  8 0.0007 0.9960 0.0010 0.0010 0.0013 
        BP12  8 0.0010 0.9742 0.0009 0.0010 0.0230 
        BP14  8 0.0016 0.9909 0.0014 0.0017 0.0044 
        BP16  8 0.0007 0.9955 0.0011 0.0009 0.0017 
        BP17  8 0.0009 0.9939 0.0011 0.0014 0.0027 
        BP18  8 0.0009 0.9949 0.0015 0.0010 0.0017 
        BP19  8 0.0010 0.9951 0.0008 0.0015 0.0017 
        BP20  8 0.0010 0.9946 0.0016 0.0011 0.0018 
   BP2007-01  8 0.0007 0.9961 0.0009 0.0010 0.0013 
   BP2007-02  8 0.0006 0.9961 0.0010 0.0009 0.0014 
   BP2007-03  8 0.0020 0.6590 0.3351 0.0007 0.0032 
   BP2007-04  8 0.0009 0.9958 0.0008 0.0013 0.0013 
   BP2007-05  8 0.0226 0.9682 0.0013 0.0009 0.0070 
   BP2007-06  8 0.0010 0.9486 0.0033 0.0009 0.0461 
   BP2007-07  8 0.0010 0.9944 0.0018 0.0010 0.0018 
   BP2007-08  8 0.0041 0.9808 0.0038 0.0044 0.0070 
   BP2007-09  8 0.0038 0.9806 0.0040 0.0044 0.0072 
   BP2007-10  8 0.0010 0.9946 0.0018 0.0010 0.0016 
   BP2007-11  8 0.0008 0.9957 0.0011 0.0010 0.0014 
   BP2007-12  8 0.0007 0.9891 0.0048 0.0010 0.0043 
   BP2007-13  8 0.0039 0.9804 0.0040 0.0044 0.0072 
   BP2007-14  8 0.0244 0.9500 0.0100 0.0127 0.0029 
   BP2007-15  8 0.0008 0.9950 0.0007 0.0008 0.0027 
   BP2007-16  8 0.0010 0.9850 0.0108 0.0014 0.0019 
   BP2007-17  8 0.0011 0.9896 0.0019 0.0009 0.0065 
   BP2007-18  8 0.0112 0.9522 0.0031 0.0322 0.0013 
   BP2007-19  8 0.0009 0.9857 0.0041 0.0010 0.0084 
   BP2007-20  8 0.0009 0.9850 0.0045 0.0010 0.0087 
   BP2007-21  8 0.0007 0.9961 0.0009 0.0010 0.0012 
   BP2007-22  8 0.0008 0.9957 0.0011 0.0010 0.0014 
   BP2007-23  8 0.0007 0.9961 0.0009 0.0010 0.0013 
   BP2007-24  8 0.0013 0.9897 0.0019 0.0012 0.0059 
   BP2007-25  8 0.0006 0.9961 0.0008 0.0009 0.0016 
   BP2007-26  8 0.0010 0.9745 0.0009 0.0009 0.0227 
   BP2007-27  8 0.0009 0.9948 0.0015 0.0011 0.0017 
   BP2007-28  8 0.0008 0.9958 0.0011 0.0010 0.0013 
   BP2007-29  8 0.0008 0.9962 0.0009 0.0010 0.0012 
   BP2007-30  8 0.0007 0.9630 0.0022 0.0010 0.0331 
   BP2007-31  8 0.0010 0.9938 0.0012 0.0009 0.0032 
   BP2007-32  8 0.0099 0.9589 0.0228 0.0014 0.0070 
   BP2007-33  8 0.0008 0.9958 0.0011 0.0010 0.0014 
   BP2007-34  8 0.0009 0.8251 0.0040 0.0012 0.1687 
   BP2007-35  8 0.0009 0.9860 0.0041 0.0009 0.0080 
   BP2007-36  8 0.0006 0.9962 0.0008 0.0009 0.0015 
   BP2007-37  8 0.0500 0.9154 0.0009 0.0324 0.0013 
   BP2007-38  8 0.0010 0.9946 0.0018 0.0010 0.0016 
   BP2007-39  8 0.0008 0.9950 0.0007 0.0008 0.0027 
   BP2007-40  8 0.0013 0.9879 0.0022 0.0009 0.0076 
        BP21  8 0.0006 0.9962 0.0007 0.0009 0.0015 
        BP22  8 0.0010 0.9833 0.0067 0.0008 0.0082 
        BP23  8 0.0008 0.9686 0.0015 0.0008 0.0284 
        BP24  8 0.0008 0.9755 0.0129 0.0008 0.0099 
        BP25  8 0.0006 0.9962 0.0007 0.0009 0.0016 
        BP26  8 0.0006 0.9963 0.0008 0.0009 0.0015 
        BP27  8 0.0038 0.9719 0.0043 0.0046 0.0155 
        BP28  8 0.0011 0.9837 0.0066 0.0008 0.0078 
        BP29  8 0.0006 0.9950 0.0017 0.0010 0.0017 
        BP30  8 0.0006 0.9964 0.0008 0.0009 0.0013 
      NNKB01  8 0.0015 0.9914 0.0010 0.0020 0.0042 
      NNKB02  8 0.0011 0.9935 0.0014 0.0015 0.0026 
      NNKN01  8 0.0667 0.9195 0.0110 0.0012 0.0015 
         SR1  9 0.0008 0.9643 0.0021 0.0008 0.0320 
        SR10  9 0.0019 0.8582 0.0012 0.0030 0.1356 
        SR11  9 0.0008 0.9574 0.0339 0.0009 0.0071 
        SR12  9 0.0008 0.9667 0.0022 0.0009 0.0294 
        SR13  9 0.0105 0.6636 0.0703 0.0037 0.2519 
        SR15  9 0.0028 0.9868 0.0020 0.0014 0.0070 
        SR16  9 0.0010 0.9674 0.0274 0.0012 0.0030 
        SR17  9 0.0018 0.6781 0.0376 0.0010 0.2815 
        SR18  9 0.0011 0.9877 0.0025 0.0021 0.0066 
        SR19  9 0.0076 0.9804 0.0033 0.0007 0.0080 
         SR2  9 0.0008 0.9547 0.0366 0.0008 0.0071 
        SR20  9 0.0013 0.7163 0.0085 0.0009 0.2730 
        SR21  9 0.0009 0.9528 0.0021 0.0009 0.0433 
        SR22  9 0.0008 0.8758 0.0167 0.0007 0.1060 
        SR23  9 0.0014 0.9349 0.0022 0.0016 0.0598 
        SR24  9 0.0012 0.9648 0.0107 0.0018 0.0215 
        SR25  9 0.0014 0.9826 0.0084 0.0010 0.0066 
        SR26  9 0.0036 0.8475 0.0135 0.0011 0.1343 
        SR27  9 0.0009 0.9875 0.0022 0.0010 0.0083 
        SR28  9 0.0008 0.9925 0.0041 0.0010 0.0016 
        SR29  9 0.0016 0.8902 0.0047 0.0018 0.1017 
         SR3  9 0.0008 0.6843 0.3099 0.0009 0.0040 
        SR30  9 0.0008 0.9798 0.0018 0.0007 0.0168 
         SR5  9 0.0011 0.9199 0.0148 0.0008 0.0634 
         SR6  9 0.0010 0.9446 0.0350 0.0009 0.0185 
         SR7  9 0.0010 0.5592 0.0017 0.0011 0.4369 
         SR8  9 0.0008 0.9328 0.0602 0.0008 0.0054 
         SR9  9 0.0012 0.5656 0.0022 0.0011 0.4298 
       HAM01 10 0.0007 0.9813 0.0083 0.0008 0.0089 
       HAM02 10 0.0017 0.6510 0.3372 0.0049 0.0051 
       HAM03 10 0.0006 0.9810 0.0085 0.0008 0.0091 
       HAM07 10 0.0042 0.9623 0.0040 0.0023 0.0272 
       HAM08 10 0.0011 0.8872 0.1077 0.0008 0.0031 
       HAM09 10 0.0137 0.9716 0.0009 0.0112 0.0026 
       HAM10 10 0.0013 0.9651 0.0261 0.0024 0.0051 
      CRWL01 10 0.0009 0.9909 0.0024 0.0012 0.0046 
      CRWL02 10 0.0009 0.9907 0.0015 0.0009 0.0059 
      CRWL03 10 0.0014 0.9622 0.0012 0.0008 0.0344 
      CRWL04 10 0.0011 0.9910 0.0011 0.0011 0.0058 
      CRWL05 10 0.0012 0.9949 0.0009 0.0011 0.0019 
      CRWL06 10 0.0007 0.9903 0.0035 0.0010 0.0045 
      CRWL07 10 0.0010 0.9915 0.0047 0.0014 0.0014 
      CRWL08 10 0.0011 0.9921 0.0039 0.0010 0.0019 
      CRWL09 10 0.0039 0.9891 0.0038 0.0008 0.0024 
      CRWL10 10 0.0012 0.9416 0.0539 0.0011 0.0023 
      CRWL11 10 0.0017 0.9669 0.0237 0.0016 0.0062 
      CRWL12 10 0.0013 0.8836 0.0040 0.0033 0.1078 
      CRWL13 10 0.0007 0.9922 0.0033 0.0008 0.0029 
      CRWL14 10 0.0011 0.9902 0.0043 0.0017 0.0027 
      CRWL15 10 0.0008 0.9849 0.0085 0.0006 0.0053 
      CRWL16 10 0.0010 0.9904 0.0035 0.0017 0.0033 
      CRWL17 10 0.0016 0.9506 0.0413 0.0017 0.0049 
      CRWL18 10 0.0008 0.9926 0.0035 0.0008 0.0023 
      CRWL19 10 0.0008 0.9923 0.0038 0.0008 0.0023 
      CRWL20 10 0.0011 0.9942 0.0019 0.0008 0.0020 
      CRWL21 10 0.0031 0.7868 0.2071 0.0012 0.0018 
       MES01 11 0.0008 0.0046 0.0017 0.0006 0.9922 
       MES02 11 0.0011 0.0058 0.0011 0.0008 0.9913 
       MES03 11 0.0006 0.0015 0.0011 0.0006 0.9961 
       MES04 11 0.0011 0.0061 0.0011 0.0009 0.9909 
       MES05 11 0.0008 0.0123 0.0011 0.0008 0.9850 
       MES06 11 0.0008 0.0047 0.0017 0.0006 0.9921 
       MES07 11 0.0008 0.0042 0.0017 0.0007 0.9927 
       MES08 11 0.0008 0.0042 0.0016 0.0006 0.9927 
       MES09 11 0.0008 0.0048 0.0017 0.0007 0.9921 
       MES10 11 0.0011 0.0059 0.0011 0.0009 0.9911 
       MES11 11 0.0088 0.1018 0.0011 0.0008 0.8875 
       MES12 11 0.0008 0.0042 0.0016 0.0007 0.9927 
       MES13 11 0.0008 0.0042 0.0016 0.0007 0.9927 
       MES14 11 0.0006 0.0015 0.0012 0.0006 0.9961 
       MES15 11 0.0027 0.0031 0.0011 0.0386 0.9545 
       MES16 11 0.0011 0.0061 0.0011 0.0008 0.9909 
       MES17 11 0.0008 0.0047 0.0016 0.0006 0.9922 
       MES18 11 0.0008 0.0042 0.0018 0.0006 0.9926 
       MES19 11 0.0009 0.0045 0.0018 0.0006 0.9922 
       MES20 11 0.0007 0.0044 0.0018 0.0006 0.9924 
       MES21 11 0.0006 0.0015 0.0012 0.0006 0.9961 
       MES22 11 0.0008 0.0042 0.0017 0.0006 0.9927 
       SAX01 11 0.0007 0.0024 0.0013 0.0007 0.9950 
       SAX02 11 0.0006 0.0015 0.0011 0.0006 0.9961 
       SAX03 11 0.0019 0.0029 0.0094 0.0006 0.9852 
       SAX04 11 0.0010 0.0103 0.1398 0.0011 0.8478 
       SAX05 11 0.0006 0.0088 0.0011 0.0007 0.9888 
       SAX06 11 0.0007 0.0084 0.0010 0.0007 0.9892 
       SAX07 11 0.0006 0.0025 0.0009 0.0007 0.9953 
       SAX08 11 0.0008 0.0183 0.0062 0.0006 0.9741 
       SAX09 11 0.0006 0.0015 0.0011 0.0006 0.9961 
       SAX10 11 0.0007 0.0075 0.0011 0.0006 0.9901 
       SAX11 11 0.0007 0.0114 0.0888 0.0007 0.8985 
       SAX12 11 0.0006 0.0015 0.0011 0.0006 0.9962 
       SAX13 11 0.0006 0.0019 0.0009 0.0006 0.9960 
       SAX14 11 0.0007 0.0080 0.0009 0.0007 0.9898 
       SAX15 11 0.0028 0.0220 0.0605 0.0006 0.9141 
       SAX16 11 0.0007 0.0024 0.0013 0.0006 0.9951 
       SAX17 11 0.0006 0.0025 0.0010 0.0007 0.9953 
       SAX18 11 0.0006 0.0026 0.0010 0.0007 0.9952 
       SAX19 11 0.0007 0.0039 0.0011 0.0006 0.9938 
       IRP01 11 0.0006 0.0020 0.0012 0.0006 0.9956 
       IRP02 11 0.0006 0.0018 0.0021 0.0006 0.9949 
       IRP03 11 0.0006 0.0018 0.0025 0.0006 0.9945 
       IRP04 11 0.0006 0.0017 0.0023 0.0006 0.9948 
       IRP05 11 0.0006 0.0017 0.0024 0.0006 0.9946 
       IRP06 11 0.0006 0.0021 0.0012 0.0006 0.9955 
       IRP07 11 0.0006 0.0018 0.0022 0.0006 0.9947 
       IRP08 11 0.0006 0.0021 0.0012 0.0006 0.9955 
       IRP09 11 0.0006 0.0019 0.0024 0.0006 0.9945 
       IRP10 11 0.0006 0.0021 0.0012 0.0006 0.9955 
       IRP11 11 0.0006 0.0021 0.0012 0.0006 0.9955 
       IRP12 11 0.0006 0.0020 0.0012 0.0006 0.9955 
       IRP13 11 0.0006 0.0020 0.0012 0.0006 0.9956 
       IRP14 11 0.0006 0.0018 0.0023 0.0006 0.9947 
       IRP15 11 0.0006 0.0018 0.0026 0.0006 0.9943 
       IRP16 11 0.0008 0.9945 0.0011 0.0008 0.0029 
     IRP16-2 11 0.0008 0.9945 0.0011 0.0007 0.0029 
       IRP17 11 0.0006 0.0019 0.0022 0.0006 0.9947 
       MRT01 11 0.0007 0.0022 0.0011 0.0006 0.9954 
       MRT02 11 0.0006 0.0017 0.0010 0.0006 0.9961 
       MRT03 11 0.0006 0.0020 0.0010 0.0006 0.9958 
       MRT04 11 0.0007 0.0025 0.0013 0.0006 0.9949 
       MRT05 11 0.0007 0.0023 0.0012 0.0006 0.9952 
       MRT06 11 0.0006 0.0021 0.0010 0.0006 0.9957 
       MRT07 11 0.0006 0.0017 0.0010 0.0006 0.9961 
       MRT08 11 0.0008 0.0213 0.0010 0.0008 0.9762 
       MRT09 11 0.0006 0.0017 0.0011 0.0006 0.9961 
       MRT10 11 0.0006 0.0017 0.0010 0.0006 0.9961 
       MRT11 11 0.0006 0.0016 0.0010 0.0006 0.9962 
       MRT12 11 0.0007 0.0023 0.0010 0.0006 0.9954 
       MRT13 11 0.0006 0.0016 0.0011 0.0006 0.9962 
       MRT14 11 0.0007 0.0024 0.0010 0.0006 0.9954 
       MRT15 11 0.0006 0.0024 0.0010 0.0006 0.9954 
       MRT16 11 0.0006 0.0019 0.0010 0.0006 0.9959 
       MRT17 11 0.0006 0.0019 0.0010 0.0006 0.9959 
       MRT18 11 0.0006 0.0021 0.0010 0.0006 0.9956 
       MRT19 11 0.0007 0.0025 0.0013 0.0006 0.9949 
       MRT20 11 0.0006 0.0017 0.0010 0.0006 0.9961 
       MRT21 11 0.0007 0.0024 0.0010 0.0006 0.9952 
       MRT22 11 0.0007 0.0024 0.0013 0.0006 0.9951 
       MRT23 11 0.0006 0.0024 0.0011 0.0006 0.9953 
       MRT24 11 0.0006 0.0017 0.0010 0.0006 0.9961 
       MRT25 11 0.0007 0.0022 0.0012 0.0006 0.9953 
       MRT26 11 0.0007 0.0025 0.0013 0.0006 0.9948 
       MRT27 11 0.0007 0.0024 0.0013 0.0006 0.9951 
       MRT28 11 0.0006 0.0017 0.0010 0.0006 0.9961 
       MRT29 11 0.0007 0.0026 0.0013 0.0006 0.9949 
       MRT30 11 0.0006 0.0020 0.0010 0.0006 0.9958 
       MRT31 11 0.0006 0.0024 0.0010 0.0006 0.9953 
       MRT32 11 0.0007 0.0023 0.0013 0.0006 0.9951 
       MRT33 11 0.0011 0.0029 0.0033 0.0006 0.9921 
        LK01 10 0.0008 0.9935 0.0019 0.0018 0.0019 
        LK02 10 0.0010 0.9780 0.0040 0.0006 0.0163 
        LK05 10 0.0011 0.9937 0.0027 0.0009 0.0016 
        LK06 10 0.0011 0.9880 0.0067 0.0012 0.0030 
        LK07 10 0.0029 0.9908 0.0011 0.0025 0.0028 
     LK07-01 10 0.0011 0.9939 0.0025 0.0008 0.0016 
     LK07-02 10 0.0012 0.9859 0.0050 0.0054 0.0025 
     LK07-03 10 0.0013 0.9410 0.0542 0.0011 0.0024 
     LK07-04 10 0.0011 0.9903 0.0070 0.0008 0.0009 
     LK07-05 10 0.0010 0.9906 0.0036 0.0013 0.0036 
     LK07-06 10 0.0028 0.9902 0.0011 0.0013 0.0046 
        LK08 10 0.0008 0.9932 0.0012 0.0011 0.0038 
        LK09 10 0.0010 0.9936 0.0031 0.0008 0.0016 
        LK11 10 0.0092 0.9816 0.0022 0.0052 0.0018 
        LK12 10 0.0011 0.9920 0.0024 0.0008 0.0037 
        LK13 10 0.0029 0.9882 0.0020 0.0036 0.0032 
        LK14 10 0.0015 0.9857 0.0058 0.0022 0.0048 
        LK15 10 0.0009 0.9941 0.0023 0.0008 0.0019 
        LK16 10 0.0013 0.9848 0.0107 0.0013 0.0019 
        LK17 10 0.0008 0.9941 0.0015 0.0008 0.0027 
        LK18 10 0.0010 0.9807 0.0141 0.0008 0.0033 
        LK19 10 0.0030 0.9899 0.0011 0.0013 0.0047 
        LK20 10 0.0008 0.9943 0.0020 0.0009 0.0021 
        LK21 10 0.0034 0.9834 0.0029 0.0022 0.0081 
        LK22 10 0.0010 0.9935 0.0024 0.0008 0.0024 
        LK23 10 0.0017 0.9925 0.0013 0.0024 0.0021 
        LK24 10 0.0029 0.9649 0.0283 0.0011 0.0028 
        LK25 10 0.0013 0.9905 0.0040 0.0007 0.0035 
       LMC01 10 0.0008 0.5503 0.4452 0.0008 0.0030 
       LMC02 10 0.0006 0.7795 0.2165 0.0007 0.0027 
       LMC03 10 0.0007 0.7448 0.2499 0.0006 0.0040 
       LMC04 10 0.0068 0.9818 0.0065 0.0022 0.0028 
        UM01 10 0.0166 0.9092 0.0016 0.0534 0.0191 
        UM02 10 0.0015 0.8393 0.0299 0.0016 0.1277 
        UM03 10 0.0012 0.7718 0.1220 0.0022 0.1027 
        UM04 10 0.0014 0.9856 0.0076 0.0012 0.0042 
        UM05 10 0.0100 0.9818 0.0034 0.0030 0.0018 
        UM06 10 0.0214 0.9428 0.0013 0.0300 0.0043 
        UM07 10 0.0030 0.9811 0.0020 0.0021 0.0118 
        UM08 10 0.0024 0.9022 0.0041 0.0894 0.0019 
        UM09 10 0.0582 0.8843 0.0011 0.0506 0.0058 
        UM10 10 0.0100 0.9806 0.0047 0.0029 0.0017 
       PLT01 10 0.0009 0.9838 0.0018 0.0009 0.0127 
       PLT02 10 0.0016 0.9658 0.0008 0.0298 0.0020 
       PLT03 10 0.0009 0.9950 0.0013 0.0007 0.0021 
        DC01 10 0.0131 0.9806 0.0032 0.0016 0.0015 
        DC02 10 0.0046 0.9905 0.0009 0.0016 0.0024 
        DC03 10 0.0149 0.9770 0.0052 0.0015 0.0015 
        DC04 10 0.0176 0.9567 0.0025 0.0188 0.0043 
        DC05 10 0.0015 0.9863 0.0076 0.0013 0.0034 
        DC06 10 0.0076 0.9785 0.0064 0.0053 0.0021 
        DC07 10 0.0151 0.9528 0.0019 0.0020 0.0282 
        DC08 10 0.0013 0.9933 0.0033 0.0010 0.0011 
        DC09 10 0.0374 0.8435 0.0011 0.1160 0.0020 
        DC10 10 0.1332 0.8552 0.0023 0.0042 0.0050 
        DC11 10 0.0048 0.9882 0.0009 0.0035 0.0025 
        DC12 10 0.0054 0.9871 0.0033 0.0030 0.0012 
        DC13 10 0.0031 0.9836 0.0034 0.0013 0.0086 
        DC14 10 0.0179 0.9565 0.0023 0.0194 0.0040 
        DC15 10 0.0028 0.9918 0.0015 0.0014 0.0025 
        DC16 10 0.0084 0.9813 0.0022 0.0044 0.0037 
        DC17 10 0.0016 0.9915 0.0032 0.0012 0.0025 
        DC18 10 0.0081 0.9865 0.0020 0.0019 0.0015 
        DC19 10 0.0022 0.9763 0.0153 0.0010 0.0051 
        DC20 10 0.0011 0.8252 0.0028 0.0008 0.1701 
        DC21 10 0.0020 0.9943 0.0010 0.0016 0.0012 
        DC22 10 0.0329 0.8282 0.0022 0.0222 0.1146 
        DC23 10 0.0020 0.9912 0.0017 0.0014 0.0036 
        DC24 10 0.0085 0.9861 0.0020 0.0019 0.0015 
        DC25 10 0.0014 0.9837 0.0120 0.0010 0.0018 
        DC26 10 0.0056 0.9873 0.0030 0.0030 0.0012 
        PC02 12 0.0008 0.9944 0.0011 0.0008 0.0029 
        PC03 12 0.0008 0.9943 0.0011 0.0007 0.0031 
        PC04 12 0.0008 0.9945 0.0011 0.0007 0.0029 
        PC05 12 0.0009 0.9944 0.0010 0.0007 0.0030 
        PC06 12 0.0008 0.9945 0.0011 0.0007 0.0029 
        PC07 12 0.0008 0.9853 0.0009 0.0007 0.0123 
        PC08 12 0.0009 0.9943 0.0011 0.0007 0.0030 
        PC09 12 0.0008 0.9941 0.0011 0.0007 0.0033 
        PC10 12 0.0008 0.9932 0.0016 0.0007 0.0036 
        PC11 12 0.0008 0.9944 0.0010 0.0008 0.0030 
        PC12 12 0.0008 0.9942 0.0011 0.0007 0.0032 
        PC13 12 0.0008 0.9944 0.0012 0.0008 0.0029 
        PC14 12 0.0008 0.9944 0.0011 0.0007 0.0030 
        PC01 12 0.0008 0.9944 0.0011 0.0008 0.0029 
      Nuke10 13 0.0007 0.0023 0.9944 0.0007 0.0019 
      Nuke11 13 0.0008 0.0031 0.9925 0.0011 0.0025 
      Nuke12 13 0.0048 0.0405 0.9501 0.0017 0.0029 
      Nuke13 13 0.0008 0.0028 0.9932 0.0009 0.0023 
      Nuke01 13 0.0008 0.0049 0.9883 0.0007 0.0053 
      Nuke02 13 0.0046 0.0412 0.9496 0.0017 0.0029 
      Nuke03 13 0.0011 0.0060 0.9887 0.0010 0.0033 
      Nuke04 13 0.0007 0.0016 0.9956 0.0006 0.0015 
      Nuke05 13 0.0007 0.0022 0.9945 0.0007 0.0020 
      Nuke06 13 0.0010 0.0035 0.9914 0.0009 0.0032 
      Nuke07 13 0.0008 0.0026 0.9943 0.0008 0.0015 
      Nuke08 13 0.0008 0.0018 0.9953 0.0006 0.0015 
      Nuke09 13 0.0008 0.0022 0.9946 0.0009 0.0015 
       Rad01 13 0.0012 0.0532 0.9371 0.0006 0.0079 
       Rad02 13 0.0009 0.0040 0.9809 0.0008 0.0134 
       Rad03 13 0.0008 0.0022 0.9937 0.0007 0.0027 
       Rad04 13 0.0009 0.0028 0.9865 0.0007 0.0091 
       Rad05 13 0.0009 0.0025 0.9732 0.0219 0.0015 
       Rad06 13 0.0007 0.0023 0.9940 0.0008 0.0021 
       Rad07 13 0.0008 0.0022 0.9944 0.0007 0.0018 
       Rad08 13 0.0100 0.0659 0.8777 0.0011 0.0452 
       Rad09 13 0.0009 0.0035 0.9707 0.0006 0.0243 
       Rad10 13 0.0010 0.0048 0.9906 0.0010 0.0026 
       Rad11 13 0.0010 0.0036 0.9691 0.0007 0.0256 
       Rad12 13 0.0021 0.0281 0.9393 0.0008 0.0297 
       Rad13 13 0.0008 0.0019 0.9948 0.0006 0.0018 
       Rad14 13 0.0009 0.0028 0.9858 0.0007 0.0098 
       Rad15 13 0.0010 0.0048 0.9756 0.0008 0.0178 
       Rad16 13 0.0008 0.0018 0.9953 0.0006 0.0015 
       HTB16 14 0.0018 0.9928 0.0015 0.0016 0.0023 
       HTB17 14 0.0060 0.8549 0.0018 0.0011 0.1363 
       HTB18 14 0.0018 0.5419 0.3243 0.0023 0.1296 
       HTB19 14 0.0010 0.9941 0.0021 0.0016 0.0012 
       HTB20 14 0.0018 0.8694 0.0013 0.0028 0.1247 
       HTB21 14 0.0032 0.9787 0.0028 0.0044 0.0108 
       HTB22 14 0.0020 0.9908 0.0038 0.0013 0.0022 
       HTB23 14 0.0010 0.9870 0.0074 0.0015 0.0031 
       HTB11 14 0.0043 0.9859 0.0019 0.0052 0.0028 
       HTB12 14 0.0018 0.9347 0.0043 0.0018 0.0572 
       HTB13 14 0.0014 0.9331 0.0073 0.0016 0.0567 
       HTB14 14 0.0340 0.9560 0.0062 0.0016 0.0022 
       HTB15 14 0.0056 0.9670 0.0032 0.0133 0.0110 
       Nel01 15 0.0013 0.9911 0.0052 0.0010 0.0014 
       Nel02 15 0.1297 0.3856 0.4631 0.0168 0.0049 
       Nel03 15 0.0013 0.9908 0.0056 0.0010 0.0013 
       Nel04 15 0.0014 0.9908 0.0055 0.0010 0.0014 
       Nel05 15 0.0012 0.9747 0.0199 0.0009 0.0032 
       Nel06 15 0.0013 0.9740 0.0207 0.0008 0.0032 
       Nel07 15 0.0012 0.9734 0.0214 0.0008 0.0032 
       Nel08 15 0.0017 0.9876 0.0074 0.0018 0.0015 
       Nel09 15 0.0013 0.9741 0.0207 0.0008 0.0031 
       Nel10 15 0.0011 0.6962 0.2974 0.0016 0.0037 
       Nel11 15 0.0013 0.9907 0.0056 0.0010 0.0014 
       Nel12 15 0.0013 0.9727 0.0221 0.0008 0.0031 
       Nel13 15 0.0016 0.8706 0.1242 0.0015 0.0021 
       Nel14 15 0.0012 0.9730 0.0220 0.0008 0.0030 
         EI1 16 0.0010 0.9780 0.0076 0.0123 0.0012 
        EI10 16 0.0010 0.9877 0.0059 0.0043 0.0011 
        EI11 16 0.0009 0.9906 0.0035 0.0039 0.0011 
        EI12 16 0.0010 0.9765 0.0046 0.0164 0.0014 
         EI2 16 0.0008 0.9930 0.0037 0.0012 0.0012 
         EI3 16 0.0010 0.9767 0.0048 0.0162 0.0014 
         EI4 16 0.0010 0.9904 0.0035 0.0040 0.0012 
         EI5 16 0.0009 0.9717 0.0036 0.0223 0.0015 
         EI6 16 0.0010 0.9883 0.0052 0.0043 0.0011 
         EI7 16 0.0010 0.9862 0.0018 0.0097 0.0013 
         EI8 16 0.0020 0.9736 0.0028 0.0203 0.0012 
         EI9 16 0.0008 0.9922 0.0027 0.0031 0.0012 
        OL01 17 0.0007 0.0016 0.9959 0.0006 0.0013 
        OL02 17 0.0010 0.0728 0.9133 0.0010 0.0119 
        OL03 17 0.0007 0.0016 0.9958 0.0006 0.0013 
        OL04 17 0.0007 0.0016 0.9959 0.0006 0.0013 
        OL06 17 0.0007 0.0015 0.9959 0.0007 0.0013 
       OSP01 17 0.0007 0.0016 0.9958 0.0007 0.0013 
       OSP02 17 0.0007 0.0015 0.9958 0.0006 0.0013 
       OSP03 17 0.0006 0.0016 0.9959 0.0006 0.0013 
       OSP04 17 0.0007 0.0016 0.9957 0.0007 0.0013 
       OSP05 17 0.0007 0.0015 0.9959 0.0007 0.0012 
       OSP06 17 0.0007 0.0016 0.9958 0.0007 0.0013 
       OSP07 17 0.0007 0.0015 0.9959 0.0007 0.0013 
       OSP10 17 0.0007 0.0016 0.9958 0.0007 0.0013 
       OSP11 17 0.0007 0.0016 0.9959 0.0007 0.0012 
       OSP12 17 0.0007 0.0016 0.9957 0.0006 0.0013 
       OSP13 17 0.0006 0.0016 0.9958 0.0007 0.0013 
       OSP14 17 0.0007 0.0015 0.9959 0.0006 0.0013 
        OY02 17 0.0010 0.0024 0.9932 0.0012 0.0022 
        OY04 17 0.0009 0.0031 0.9935 0.0011 0.0015 
        OY05 17 0.0017 0.3992 0.5955 0.0023 0.0013 
        OY06 17 0.0029 0.3493 0.6451 0.0016 0.0012 
        OY07 17 0.0062 0.0077 0.9360 0.0060 0.0441 
        OY08 17 0.0058 0.0067 0.9386 0.0062 0.0427 
        OY10 17 0.0105 0.1273 0.8372 0.0020 0.0230 
        OY12 17 0.0012 0.0879 0.8648 0.0444 0.0016 
        OY15 17 0.0032 0.3297 0.6644 0.0015 0.0012 
        OY16 17 0.1953 0.2147 0.4728 0.1155 0.0017 
        OY20 17 0.0011 0.3154 0.6784 0.0031 0.0019 
        OY26 17 0.0010 0.0436 0.9508 0.0032 0.0014 
        OY27 17 0.0021 0.4780 0.5165 0.0013 0.0021 
       RHL02 17 0.0007 0.6183 0.3636 0.0008 0.0167 
       RHL03 17 0.0007 0.5722 0.4113 0.0008 0.0152 
       RHL05 17 0.0006 0.5731 0.4101 0.0008 0.0154 
       RHL06 17 0.0007 0.5953 0.3907 0.0008 0.0126 
       RHL07 17 0.0006 0.5615 0.4264 0.0008 0.0107 
       RHL09 17 0.0007 0.5747 0.4092 0.0008 0.0147 
       RHL11 17 0.0006 0.5614 0.4265 0.0008 0.0107 
       RHL12 17 0.0007 0.5178 0.4761 0.0008 0.0046 
       RHL13 17 0.0007 0.5730 0.4112 0.0008 0.0144 
       RHL14 17 0.0006 0.5727 0.4111 0.0008 0.0148 
       MOON1 17 0.0015 0.4668 0.5295 0.0006 0.0016 
       Cre01 17 0.0006 0.0016 0.9962 0.0006 0.0010 
       Cre02 17 0.0006 0.0016 0.9962 0.0006 0.0010 
       Cre03 17 0.0006 0.0017 0.9961 0.0006 0.0010 
       Cre04 17 0.0006 0.0016 0.9962 0.0006 0.0010 
       Cre05 17 0.0006 0.0016 0.9962 0.0006 0.0010 
       Cre06 17 0.0006 0.0016 0.9962 0.0006 0.0011 
       Cre07 17 0.0006 0.0016 0.9962 0.0006 0.0010 
       Cre08 17 0.0006 0.0017 0.9948 0.0006 0.0023 
       Cre09 17 0.0006 0.0016 0.9961 0.0006 0.0011 
       Cre10 17 0.0006 0.0017 0.9962 0.0006 0.0009 
       Cre11 17 0.0006 0.0015 0.9962 0.0006 0.0011 
       SSN31 17 0.0006 0.0018 0.9952 0.0006 0.0018 
       SSN32 17 0.0006 0.0015 0.9963 0.0006 0.0011 
       SSN33 17 0.0006 0.0016 0.9957 0.0006 0.0016 
       SSN34 17 0.0006 0.0015 0.9962 0.0006 0.0011 
       SSN35 17 0.0006 0.0017 0.9961 0.0006 0.0011 
       SSN36 17 0.0005 0.0016 0.9962 0.0006 0.0010 
       SSN38 17 0.0008 0.3751 0.6219 0.0007 0.0015 
       SSN39 17 0.0006 0.0017 0.9962 0.0006 0.0009 
       SSN40 17 0.0005 0.0013 0.9961 0.0005 0.0015 
       SSN41 17 0.0005 0.0017 0.9963 0.0006 0.0009 
       BCV44 17 0.0006 0.0013 0.9959 0.0006 0.0016 
       BCV45 17 0.0006 0.0013 0.9960 0.0006 0.0015 
       BCV46 17 0.0006 0.0013 0.9960 0.0006 0.0016 
       BCV47 17 0.0006 0.0013 0.9959 0.0005 0.0016 
       BCV48 17 0.0006 0.0013 0.9960 0.0005 0.0016 
       BCV49 17 0.0006 0.0013 0.9959 0.0006 0.0016 
       BCV50 17 0.0006 0.0013 0.9960 0.0006 0.0016 
       BCV51 17 0.0006 0.0013 0.9959 0.0006 0.0016 
       BCV52 17 0.0006 0.0013 0.9959 0.0005 0.0016 
       BCV53 17 0.0006 0.0012 0.9960 0.0006 0.0015 
      SSBC01 17 0.0006 0.0013 0.9959 0.0005 0.0017 
      SSBC02 17 0.0006 0.0013 0.9959 0.0006 0.0016 
      SSBC03 17 0.0006 0.0013 0.9960 0.0005 0.0016 
      SSBC04 17 0.0006 0.0013 0.9959 0.0006 0.0016 
      SSBC05 17 0.0006 0.0013 0.9959 0.0006 0.0017 
      SSBC06 17 0.0006 0.0013 0.9960 0.0006 0.0015 
      SSBC07 17 0.0006 0.0013 0.9958 0.0006 0.0017 
       LCV01 17 0.0010 0.0023 0.9949 0.0006 0.0012 
       LCV02 17 0.0010 0.0024 0.9948 0.0006 0.0012 
