        TC01  1 0.0049 0.0020 0.0035 0.0018 0.0012 0.0051 0.0064 0.0010 0.9635 0.0106 
        TC02  1 0.0017 0.0026 0.0049 0.0014 0.0013 0.0023 0.0090 0.0015 0.9709 0.0044 
        TC03  1 0.0028 0.0031 0.0013 0.0014 0.0016 0.0011 0.0051 0.0010 0.9783 0.0043 
        TC04  1 0.0162 0.0547 0.0142 0.0009 0.0013 0.0015 0.0749 0.0036 0.8292 0.0034 
        TC05  1 0.0011 0.0034 0.0016 0.0006 0.0014 0.0008 0.0128 0.0008 0.9753 0.0023 
        TC06  1 0.0022 0.1064 0.0024 0.0023 0.0011 0.0009 0.0110 0.0026 0.8681 0.0031 
        TC07  1 0.0013 0.0044 0.0014 0.0007 0.0028 0.0041 0.0093 0.0006 0.9735 0.0019 
        TC08  1 0.0008 0.0029 0.0013 0.0006 0.0022 0.0011 0.0059 0.0036 0.9787 0.0028 
        TC09  1 0.0016 0.0181 0.0025 0.0205 0.0010 0.0008 0.0048 0.0884 0.8605 0.0018 
        TC10  1 0.0026 0.0062 0.0010 0.0553 0.0010 0.0026 0.0048 0.0007 0.9163 0.0095 
        TC11  1 0.0013 0.0015 0.0008 0.0010 0.0011 0.0028 0.0030 0.0010 0.9842 0.0033 
        TC12  1 0.0063 0.0110 0.0044 0.0009 0.0018 0.0025 0.0280 0.0011 0.9312 0.0126 
        TC13  1 0.0009 0.0033 0.0010 0.0030 0.0010 0.0009 0.0038 0.0021 0.9814 0.0026 
        TC14  1 0.0045 0.0624 0.0058 0.0152 0.0051 0.0017 0.0085 0.0017 0.8894 0.0056 
        TC15  1 0.0026 0.0506 0.0027 0.0076 0.0018 0.0007 0.0116 0.0068 0.9107 0.0048 
        TC16  1 0.0022 0.0174 0.0064 0.0228 0.0034 0.0010 0.0147 0.0905 0.8380 0.0034 
        TC17  1 0.0040 0.0182 0.0251 0.0500 0.0089 0.0024 0.0421 0.0015 0.8333 0.0145 
        TC18  1 0.0307 0.0044 0.0009 0.0019 0.0034 0.0020 0.0156 0.0014 0.9202 0.0196 
        TC19  1 0.0009 0.0022 0.0017 0.0091 0.0010 0.0010 0.0035 0.0063 0.9706 0.0036 
        TC20  1 0.0029 0.0030 0.0017 0.0028 0.0014 0.0010 0.0041 0.0026 0.9777 0.0027 
        TC21  1 0.0109 0.0037 0.0011 0.0009 0.0045 0.0036 0.1835 0.0029 0.7844 0.0044 
        TC22  1 0.0013 0.0045 0.0009 0.0006 0.0014 0.0017 0.0151 0.0031 0.9469 0.0245 
        TC23  1 0.0018 0.0034 0.0017 0.0012 0.0015 0.0023 0.0041 0.0009 0.9796 0.0034 
        TC24  1 0.0008 0.0019 0.0009 0.0020 0.0016 0.0006 0.0026 0.0011 0.9867 0.0019 
        TC25  1 0.0270 0.1165 0.0007 0.0067 0.0028 0.0098 0.0077 0.0022 0.8228 0.0036 
        TC26  1 0.0010 0.0085 0.0011 0.0255 0.0013 0.0007 0.0067 0.0011 0.9518 0.0022 
        TC27  1 0.0014 0.0104 0.0009 0.0011 0.0023 0.0009 0.0071 0.0009 0.9478 0.0273 
        TC28  1 0.0036 0.0279 0.0022 0.0020 0.0017 0.0013 0.0148 0.0008 0.9427 0.0031 
        TC29  1 0.0052 0.0264 0.0047 0.0023 0.0023 0.0022 0.0111 0.0009 0.9429 0.0021 
        TC30  1 0.0011 0.0040 0.0032 0.0023 0.0012 0.0009 0.0043 0.0035 0.9762 0.0032 
        TC31  1 0.0101 0.0019 0.0012 0.0010 0.0024 0.0118 0.0078 0.0026 0.9537 0.0077 
        TC32  1 0.0014 0.1248 0.0011 0.0029 0.0016 0.0013 0.0572 0.0017 0.8057 0.0023 
        TC33  1 0.0014 0.0036 0.0008 0.0013 0.0035 0.0038 0.0051 0.0009 0.9762 0.0033 
        TC34  1 0.0012 0.0500 0.0010 0.0060 0.0047 0.0010 0.0065 0.0016 0.9175 0.0104 
        TC35  1 0.0038 0.0059 0.0201 0.0022 0.0013 0.0055 0.0088 0.0025 0.9344 0.0154 
        TC36  1 0.0014 0.0030 0.0020 0.0017 0.0012 0.0011 0.0071 0.0015 0.9774 0.0035 
        TC37  1 0.0014 0.0013 0.0035 0.0008 0.0022 0.0012 0.0060 0.0009 0.9797 0.0030 
        TC38  1 0.0219 0.0222 0.0154 0.0091 0.0012 0.0023 0.0084 0.0277 0.8898 0.0021 
        TC39  1 0.0024 0.0641 0.0096 0.0525 0.0013 0.0011 0.0062 0.0015 0.8588 0.0023 
        TC40  1 0.0020 0.0354 0.0016 0.0048 0.0094 0.0010 0.0078 0.0014 0.9316 0.0049 
        TC41  1 0.0011 0.0020 0.0010 0.0012 0.0018 0.0010 0.0057 0.0009 0.9791 0.0063 
        TC42  1 0.0009 0.0063 0.0019 0.0013 0.0010 0.0006 0.0039 0.0012 0.9797 0.0032 
        TC43  1 0.0018 0.0069 0.0030 0.0008 0.0015 0.0009 0.0046 0.0010 0.9765 0.0030 
        TC44  1 0.0015 0.0085 0.0073 0.0053 0.0012 0.0027 0.0058 0.0158 0.9430 0.0090 
        TC45  1 0.0055 0.0014 0.0016 0.0057 0.0008 0.0010 0.0060 0.0007 0.9751 0.0020 
        TC46  1 0.0040 0.0024 0.0009 0.0025 0.0019 0.0009 0.0116 0.0009 0.9657 0.0092 
        TC47  1 0.0016 0.0058 0.0021 0.0054 0.0015 0.0012 0.0052 0.0067 0.9615 0.0089 
        TC48  1 0.0055 0.0046 0.0020 0.0035 0.0144 0.0011 0.0206 0.0009 0.9376 0.0099 
        TC49  1 0.0012 0.0027 0.0010 0.0015 0.0016 0.0017 0.0097 0.0007 0.9765 0.0033 
        TC50  1 0.0028 0.0022 0.0013 0.0011 0.0032 0.0015 0.0081 0.0020 0.9667 0.0112 
        TC51  1 0.0021 0.0270 0.0010 0.0012 0.0014 0.0035 0.0072 0.0079 0.9447 0.0040 
        TC52  1 0.0121 0.0043 0.0007 0.0017 0.0013 0.0007 0.0078 0.0013 0.9680 0.0020 
        TC53  1 0.0008 0.0055 0.0051 0.0014 0.0013 0.0006 0.0072 0.0015 0.9590 0.0177 
        TC54  1 0.0021 0.0156 0.0014 0.0025 0.0110 0.0016 0.0153 0.0015 0.9433 0.0058 
        TC55  1 0.0031 0.0145 0.0013 0.0189 0.0027 0.0011 0.0181 0.0008 0.9355 0.0039 
        TC56  1 0.0078 0.0071 0.0036 0.0008 0.0070 0.0027 0.0088 0.0008 0.9548 0.0067 
        TC57  1 0.0015 0.0020 0.0052 0.0043 0.0034 0.0013 0.0116 0.0014 0.9504 0.0188 
        TC58  1 0.0014 0.0027 0.0012 0.0057 0.0010 0.0073 0.0081 0.0016 0.9669 0.0041 
        TC59  1 0.0008 0.0028 0.0012 0.0010 0.0013 0.0011 0.0039 0.0009 0.9840 0.0029 
        TA01  2 0.0009 0.0048 0.0059 0.0059 0.0013 0.0012 0.0052 0.0056 0.9654 0.0036 
        TA02  2 0.0015 0.0025 0.0078 0.0011 0.0034 0.0007 0.0056 0.0011 0.9740 0.0022 
        TA03  2 0.0014 0.0031 0.0374 0.0024 0.0025 0.0013 0.0067 0.0040 0.9280 0.0132 
        TA04  2 0.0012 0.0427 0.2566 0.0013 0.0014 0.0010 0.0067 0.1222 0.5614 0.0054 
        TA05  2 0.0015 0.0020 0.0022 0.0011 0.0018 0.0011 0.0057 0.0026 0.9785 0.0035 
        TA06  2 0.0010 0.0059 0.0024 0.0046 0.0012 0.0014 0.0032 0.0029 0.9748 0.0027 
        TA07  2 0.0017 0.0020 0.3222 0.0013 0.0028 0.0029 0.0180 0.0014 0.6425 0.0052 
        TA08  2 0.0018 0.0144 0.0091 0.0025 0.0017 0.0008 0.0032 0.0029 0.9422 0.0212 
        TA09  2 0.0009 0.0042 0.0097 0.0019 0.0013 0.0008 0.0037 0.0024 0.9722 0.0029 
        TA10  2 0.0011 0.0039 0.0056 0.0026 0.0013 0.0500 0.0105 0.0017 0.9184 0.0048 
        TA11  2 0.0027 0.0042 0.0033 0.0593 0.0022 0.0360 0.0090 0.0092 0.8527 0.0215 
        TA12  2 0.0010 0.0021 0.0076 0.0016 0.0016 0.0069 0.0338 0.0012 0.9300 0.0141 
        TA13  2 0.0017 0.0345 0.0036 0.0009 0.0023 0.0143 0.0995 0.0184 0.8172 0.0076 
        TA14  2 0.0009 0.0060 0.0130 0.0022 0.0019 0.0006 0.0040 0.0016 0.9680 0.0019 
        TA15  2 0.0008 0.0079 0.0037 0.0008 0.0013 0.0011 0.0048 0.0010 0.9765 0.0021 
        TA16  2 0.0010 0.0165 0.0116 0.0035 0.0012 0.0190 0.0104 0.0103 0.9233 0.0031 
        TA17  2 0.0009 0.0051 0.0011 0.0012 0.0030 0.0010 0.0078 0.0010 0.9685 0.0103 
        TA18  2 0.0009 0.0023 0.0014 0.0006 0.0037 0.0047 0.0236 0.0018 0.9572 0.0038 
        TA19  2 0.0011 0.0084 0.0023 0.0015 0.0016 0.0028 0.0095 0.0311 0.8824 0.0594 
        TA20  2 0.0014 0.0031 0.0021 0.0042 0.0143 0.0010 0.0071 0.0008 0.9613 0.0046 
        TA21  2 0.0016 0.0086 0.0047 0.0315 0.0032 0.0015 0.0083 0.0020 0.9351 0.0035 
        TA22  2 0.0010 0.0149 0.0020 0.0009 0.0034 0.0007 0.0045 0.0008 0.9692 0.0025 
        TA23  2 0.0009 0.0247 0.0065 0.0014 0.0015 0.0009 0.0036 0.0013 0.9569 0.0024 
        TA24  2 0.0012 0.0031 0.0012 0.0009 0.0014 0.0009 0.0096 0.0018 0.9719 0.0080 
        TA25  2 0.0010 0.0056 0.0010 0.0013 0.0009 0.1432 0.0083 0.0017 0.8324 0.0045 
        TA26  2 0.0032 0.0125 0.0151 0.0472 0.0021 0.0021 0.0061 0.0059 0.8999 0.0058 
        TA27  2 0.0009 0.0033 0.0018 0.0012 0.0018 0.0012 0.0098 0.0020 0.9720 0.0061 
        TA28  2 0.0095 0.0032 0.0106 0.0027 0.0102 0.0008 0.0179 0.0025 0.9396 0.0029 
        TA29  2 0.0010 0.0164 0.0013 0.0012 0.0012 0.0013 0.0056 0.0013 0.9616 0.0090 
        TA30  2 0.0017 0.0092 0.0088 0.1383 0.0037 0.0012 0.0081 0.1080 0.7109 0.0102 
      BERM01  3 0.0007 0.9159 0.0010 0.0014 0.0011 0.0008 0.0030 0.0722 0.0020 0.0019 
      BERM02  3 0.0008 0.9834 0.0015 0.0015 0.0010 0.0007 0.0033 0.0029 0.0032 0.0016 
      BERM03  3 0.0008 0.9870 0.0008 0.0016 0.0009 0.0009 0.0032 0.0009 0.0018 0.0022 
      BERM04  3 0.0010 0.9852 0.0008 0.0022 0.0009 0.0010 0.0026 0.0023 0.0016 0.0025 
      BERM05  3 0.0011 0.9842 0.0010 0.0011 0.0011 0.0010 0.0032 0.0030 0.0015 0.0027 
      BERM06  3 0.0010 0.9682 0.0043 0.0109 0.0008 0.0006 0.0035 0.0060 0.0023 0.0023 
      BERM07  3 0.0009 0.9788 0.0014 0.0019 0.0010 0.0013 0.0032 0.0052 0.0030 0.0035 
      BERM08  3 0.0009 0.9853 0.0013 0.0008 0.0007 0.0007 0.0024 0.0041 0.0021 0.0018 
      BERM09  3 0.0007 0.6766 0.2301 0.0014 0.0010 0.0008 0.0033 0.0782 0.0057 0.0023 
      BERM10  3 0.0013 0.9675 0.0013 0.0076 0.0009 0.0009 0.0048 0.0072 0.0038 0.0046 
      BERM11  3 0.0010 0.9562 0.0299 0.0014 0.0010 0.0009 0.0028 0.0024 0.0026 0.0018 
      BERM12  3 0.0159 0.9539 0.0021 0.0021 0.0022 0.0014 0.0024 0.0010 0.0049 0.0142 
      BERM13  3 0.0008 0.9832 0.0016 0.0006 0.0009 0.0011 0.0038 0.0033 0.0021 0.0026 
      BERM14  3 0.0009 0.9744 0.0024 0.0094 0.0009 0.0010 0.0026 0.0029 0.0032 0.0023 
      CROC01  3 0.0015 0.9699 0.0015 0.0010 0.0048 0.0015 0.0065 0.0031 0.0026 0.0077 
      CROC02  3 0.0022 0.9648 0.0051 0.0074 0.0019 0.0012 0.0110 0.0012 0.0030 0.0022 
      CROC03  3 0.0025 0.9520 0.0268 0.0047 0.0013 0.0010 0.0038 0.0021 0.0027 0.0033 
      CROC04  3 0.0016 0.8933 0.0009 0.0007 0.0010 0.0009 0.0074 0.0018 0.0902 0.0023 
      CROC05  3 0.0009 0.9797 0.0020 0.0030 0.0012 0.0015 0.0045 0.0031 0.0020 0.0021 
      CROC06  3 0.0019 0.9250 0.0017 0.0024 0.0086 0.0273 0.0153 0.0035 0.0113 0.0029 
      CROC07  3 0.0010 0.9702 0.0070 0.0015 0.0016 0.0011 0.0059 0.0029 0.0049 0.0039 
      CROC08  3 0.0024 0.9573 0.0012 0.0012 0.0220 0.0022 0.0045 0.0021 0.0026 0.0044 
      CROC09  3 0.0016 0.8974 0.0027 0.0070 0.0026 0.0007 0.0040 0.0803 0.0018 0.0018 
      CROC10  3 0.0010 0.9136 0.0013 0.0011 0.0008 0.0014 0.0034 0.0733 0.0021 0.0019 
      CROC11  3 0.0015 0.8975 0.0028 0.0072 0.0026 0.0007 0.0042 0.0799 0.0018 0.0017 
     CROC110  3 0.0010 0.9425 0.0086 0.0027 0.0026 0.0010 0.0228 0.0084 0.0064 0.0038 
     CROC116  3 0.0033 0.9644 0.0018 0.0054 0.0026 0.0011 0.0089 0.0016 0.0066 0.0043 
      CROC12  3 0.0008 0.9841 0.0006 0.0014 0.0009 0.0007 0.0038 0.0035 0.0023 0.0017 
     CROC123  3 0.0009 0.9823 0.0014 0.0036 0.0008 0.0006 0.0026 0.0038 0.0024 0.0015 
      CROC13  3 0.0018 0.9812 0.0011 0.0045 0.0009 0.0013 0.0031 0.0013 0.0019 0.0028 
      CROC14  3 0.0013 0.8951 0.0022 0.0057 0.0016 0.0797 0.0071 0.0023 0.0035 0.0014 
      CROC15  3 0.0254 0.9050 0.0007 0.0012 0.0102 0.0041 0.0437 0.0014 0.0056 0.0027 
      CROC16  3 0.0060 0.9341 0.0015 0.0097 0.0028 0.0012 0.0072 0.0329 0.0017 0.0028 
      CROC17  3 0.0008 0.9360 0.0007 0.0011 0.0008 0.0007 0.0064 0.0012 0.0507 0.0016 
      CROC18  3 0.0069 0.9635 0.0010 0.0014 0.0011 0.0007 0.0144 0.0013 0.0048 0.0049 
      CROC19  3 0.0011 0.9783 0.0020 0.0007 0.0012 0.0011 0.0054 0.0022 0.0039 0.0040 
     CROC198  3 0.0009 0.9711 0.0013 0.0077 0.0011 0.0012 0.0035 0.0068 0.0020 0.0044 
      CROC20  3 0.0016 0.9786 0.0020 0.0023 0.0017 0.0011 0.0057 0.0027 0.0018 0.0026 
     CROC202  3 0.0029 0.9755 0.0010 0.0059 0.0010 0.0014 0.0034 0.0022 0.0023 0.0044 
      CROC21  3 0.0010 0.9820 0.0012 0.0009 0.0009 0.0010 0.0040 0.0039 0.0027 0.0024 
     CROC216  3 0.0038 0.9305 0.0130 0.0011 0.0034 0.0009 0.0189 0.0039 0.0221 0.0024 
      CROC22  3 0.0012 0.9260 0.0074 0.0135 0.0009 0.0010 0.0116 0.0028 0.0064 0.0292 
      CROC23  3 0.0011 0.9000 0.0028 0.0007 0.0016 0.0009 0.0050 0.0750 0.0103 0.0026 
      CROC24  3 0.0019 0.9593 0.0035 0.0111 0.0012 0.0008 0.0034 0.0141 0.0027 0.0020 
      CROC25  3 0.0008 0.9854 0.0013 0.0022 0.0010 0.0009 0.0028 0.0016 0.0021 0.0019 
     CROC259  3 0.0011 0.9668 0.0024 0.0012 0.0010 0.0056 0.0033 0.0033 0.0129 0.0024 
      CROC26  3 0.0011 0.9238 0.0011 0.0015 0.0013 0.0012 0.0028 0.0028 0.0610 0.0034 
      CROC27  3 0.0011 0.9436 0.0240 0.0036 0.0025 0.0009 0.0044 0.0040 0.0129 0.0031 
      CROC28  3 0.0009 0.8145 0.0107 0.1039 0.0011 0.0010 0.0031 0.0346 0.0283 0.0019 
      CROC29  3 0.0012 0.9842 0.0018 0.0016 0.0015 0.0008 0.0034 0.0011 0.0024 0.0022 
      CROC30  3 0.0019 0.9624 0.0014 0.0062 0.0029 0.0010 0.0122 0.0056 0.0042 0.0022 
      CROC31  3 0.0011 0.9083 0.0303 0.0023 0.0042 0.0013 0.0126 0.0190 0.0185 0.0024 
      CROC32  3 0.0008 0.9778 0.0011 0.0088 0.0008 0.0010 0.0034 0.0019 0.0021 0.0023 
      CROC33  3 0.0023 0.9456 0.0073 0.0009 0.0162 0.0005 0.0105 0.0011 0.0130 0.0025 
      CROC34  3 0.0009 0.9848 0.0011 0.0008 0.0013 0.0011 0.0032 0.0016 0.0025 0.0028 
      CROC35  3 0.0010 0.9617 0.0099 0.0013 0.0008 0.0008 0.0082 0.0026 0.0122 0.0014 
      CROC36  3 0.0010 0.9573 0.0009 0.0021 0.0009 0.0011 0.0032 0.0296 0.0019 0.0019 
      CROC57  3 0.0010 0.9857 0.0012 0.0010 0.0012 0.0017 0.0031 0.0012 0.0016 0.0023 
      CROC81  3 0.0042 0.9725 0.0014 0.0058 0.0031 0.0010 0.0052 0.0022 0.0022 0.0024 
      CROC84  3 0.0034 0.9717 0.0026 0.0025 0.0014 0.0008 0.0021 0.0069 0.0036 0.0050 
        FW01  3 0.0009 0.0012 0.0007 0.9891 0.0009 0.0007 0.0025 0.0007 0.0013 0.0019 
        FW02  3 0.0006 0.0010 0.0006 0.0006 0.0007 0.0006 0.0019 0.9915 0.0011 0.0014 
        FW03  3 0.0007 0.0010 0.0006 0.9908 0.0007 0.0006 0.0020 0.0008 0.0012 0.0015 
        FW04  3 0.0006 0.0010 0.0007 0.0006 0.0007 0.0006 0.0019 0.9915 0.0011 0.0014 
        FW05  3 0.0006 0.0010 0.0006 0.0006 0.0007 0.0006 0.0019 0.9916 0.0011 0.0014 
        FW06  3 0.0006 0.0010 0.0006 0.0006 0.0007 0.0006 0.0019 0.9915 0.0011 0.0014 
        FW07  3 0.0007 0.0010 0.0006 0.9908 0.0007 0.0006 0.0020 0.0008 0.0012 0.0015 
        FW08  3 0.0006 0.0010 0.0006 0.0006 0.0007 0.0006 0.0019 0.9915 0.0011 0.0014 
        FW09  3 0.0006 0.0010 0.0006 0.0006 0.0007 0.0006 0.0019 0.9914 0.0011 0.0014 
        FW10  3 0.0007 0.0010 0.0006 0.9907 0.0007 0.0006 0.0021 0.0008 0.0012 0.0015 
       FW100  3 0.0007 0.0010 0.0006 0.9904 0.0007 0.0006 0.0020 0.0010 0.0013 0.0015 
       FW101  3 0.0007 0.0010 0.0006 0.9907 0.0007 0.0006 0.0021 0.0007 0.0012 0.0015 
       FW102  3 0.0006 0.0010 0.0006 0.0006 0.0007 0.0006 0.0019 0.9915 0.0011 0.0015 
       FW103  3 0.0006 0.0010 0.0006 0.0006 0.0007 0.0006 0.0019 0.9915 0.0011 0.0014 
       FW104  3 0.0009 0.0012 0.0007 0.9890 0.0009 0.0007 0.0025 0.0007 0.0013 0.0020 
       FW105  3 0.0007 0.0010 0.0006 0.9908 0.0007 0.0006 0.0021 0.0008 0.0012 0.0015 
       FW106  3 0.0027 0.9391 0.0117 0.0020 0.0025 0.0009 0.0122 0.0194 0.0056 0.0039 
       FW107  3 0.0009 0.0012 0.0007 0.9891 0.0009 0.0007 0.0025 0.0007 0.0013 0.0019 
       FW108  3 0.0006 0.0010 0.0006 0.0006 0.0007 0.0006 0.0019 0.9914 0.0011 0.0014 
       FW109  3 0.0007 0.0010 0.0006 0.9907 0.0007 0.0006 0.0021 0.0008 0.0012 0.0015 
        FW11  3 0.0007 0.0011 0.0006 0.9905 0.0007 0.0006 0.0020 0.0010 0.0012 0.0015 
       FW110  3 0.0007 0.0010 0.0006 0.9908 0.0007 0.0006 0.0020 0.0007 0.0012 0.0016 
       FW111  3 0.0006 0.0010 0.0007 0.0006 0.0007 0.0006 0.0019 0.9915 0.0011 0.0014 
       FW112  3 0.0007 0.0010 0.0006 0.9905 0.0008 0.0006 0.0020 0.0010 0.0012 0.0015 
       FW113  3 0.0006 0.0010 0.0006 0.0006 0.0007 0.0006 0.0019 0.9915 0.0011 0.0014 
       FW114  3 0.0008 0.0011 0.0007 0.9880 0.0008 0.0006 0.0025 0.0008 0.0030 0.0016 
       FW115  3 0.0007 0.0010 0.0006 0.9906 0.0007 0.0006 0.0020 0.0008 0.0013 0.0016 
       FW116  3 0.0006 0.0010 0.0006 0.0006 0.0007 0.0006 0.0019 0.9915 0.0011 0.0014 
        FW12  3 0.0006 0.0010 0.0006 0.0006 0.0007 0.0006 0.0019 0.9915 0.0011 0.0014 
        FW13  3 0.0006 0.0010 0.0006 0.0006 0.0007 0.0006 0.0019 0.9915 0.0011 0.0014 
        FW14  3 0.0009 0.0013 0.0007 0.9889 0.0009 0.0008 0.0025 0.0007 0.0013 0.0020 
        FW15  3 0.0009 0.0013 0.0007 0.9890 0.0009 0.0007 0.0025 0.0007 0.0013 0.0020 
        FW16  3 0.0007 0.0010 0.0006 0.9907 0.0007 0.0006 0.0021 0.0007 0.0012 0.0015 
        FW17  3 0.0007 0.0010 0.0006 0.9907 0.0007 0.0006 0.0020 0.0007 0.0013 0.0015 
        FW18  3 0.0007 0.0011 0.0006 0.9903 0.0008 0.0006 0.0021 0.0010 0.0013 0.0015 
        FW19  3 0.0006 0.0010 0.0006 0.0006 0.0007 0.0006 0.0019 0.9915 0.0011 0.0014 
        FW20  3 0.0006 0.0010 0.0006 0.0006 0.0007 0.0006 0.0019 0.9915 0.0011 0.0014 
        FW21  3 0.0006 0.0010 0.0006 0.0006 0.0007 0.0006 0.0019 0.9915 0.0011 0.0014 
        FW22  3 0.0007 0.0010 0.0006 0.9905 0.0007 0.0006 0.0020 0.0010 0.0013 0.0015 
        FW23  3 0.0006 0.0010 0.0006 0.0006 0.0007 0.0006 0.0019 0.9915 0.0011 0.0014 
        FW24  3 0.0006 0.0010 0.0007 0.0006 0.0006 0.0006 0.0019 0.9915 0.0011 0.0014 
        FW25  3 0.0006 0.0010 0.0006 0.0006 0.0007 0.0006 0.0019 0.9914 0.0011 0.0014 
        FW26  3 0.0006 0.0010 0.0006 0.0006 0.0007 0.0006 0.0019 0.9915 0.0011 0.0014 
        FW27  3 0.0007 0.0010 0.0006 0.9907 0.0007 0.0006 0.0021 0.0008 0.0012 0.0015 
        FW28  3 0.0006 0.0010 0.0006 0.0006 0.0007 0.0006 0.0019 0.9915 0.0011 0.0014 
        FW29  3 0.0006 0.0010 0.0007 0.0006 0.0007 0.0006 0.0019 0.9914 0.0011 0.0014 
        FW30  3 0.0027 0.9403 0.0107 0.0021 0.0024 0.0009 0.0121 0.0195 0.0055 0.0037 
        FW32  3 0.0008 0.0012 0.0007 0.9892 0.0009 0.0007 0.0025 0.0007 0.0013 0.0020 
        FW33  3 0.0006 0.0083 0.0007 0.0006 0.0007 0.0006 0.0114 0.9716 0.0042 0.0014 
        FW34  3 0.0006 0.0010 0.0006 0.0006 0.0007 0.0006 0.0019 0.9914 0.0011 0.0014 
        FW35  3 0.0006 0.0010 0.0006 0.0006 0.0007 0.0006 0.0019 0.9915 0.0011 0.0014 
        FW36  3 0.0006 0.0010 0.0006 0.0006 0.0007 0.0006 0.0019 0.9915 0.0011 0.0014 
        FW37  3 0.0007 0.0010 0.0006 0.9908 0.0007 0.0006 0.0020 0.0008 0.0012 0.0015 
        FW51  3 0.0006 0.0010 0.0006 0.0006 0.0007 0.0006 0.0019 0.9915 0.0011 0.0014 
        FW52  3 0.0007 0.0010 0.0006 0.9907 0.0007 0.0006 0.0021 0.0008 0.0012 0.0015 
        FW53  3 0.0006 0.0010 0.0006 0.0006 0.0007 0.0006 0.0019 0.9915 0.0011 0.0014 
        FW54  3 0.0007 0.0010 0.0006 0.9907 0.0007 0.0006 0.0020 0.0008 0.0012 0.0016 
        FW55  3 0.0006 0.0010 0.0006 0.0006 0.0007 0.0006 0.0019 0.9915 0.0011 0.0014 
        FW56  3 0.0006 0.0010 0.0006 0.0006 0.0007 0.0006 0.0019 0.9915 0.0011 0.0014 
        FW57  3 0.0006 0.0010 0.0006 0.0006 0.0007 0.0006 0.0019 0.9914 0.0011 0.0014 
        FW78  3 0.0006 0.0010 0.0006 0.0006 0.0007 0.0006 0.0019 0.9915 0.0011 0.0014 
        FW79  3 0.0006 0.0011 0.0006 0.0006 0.0007 0.0006 0.0019 0.9914 0.0012 0.0014 
        FW80  3 0.0006 0.0010 0.0006 0.0006 0.0007 0.0006 0.0019 0.9915 0.0011 0.0014 
        FW81  3 0.0007 0.0010 0.0006 0.9907 0.0007 0.0006 0.0020 0.0008 0.0012 0.0015 
        FW82  3 0.0007 0.0010 0.0006 0.9907 0.0007 0.0006 0.0020 0.0008 0.0012 0.0015 
        FW83  3 0.0009 0.0013 0.0007 0.9890 0.0009 0.0007 0.0025 0.0007 0.0013 0.0020 
        FW84  3 0.0006 0.0010 0.0006 0.0006 0.0007 0.0006 0.0019 0.9915 0.0011 0.0014 
        FW85  3 0.0184 0.0011 0.0039 0.9614 0.0008 0.0006 0.0059 0.0008 0.0056 0.0015 
        FW86  3 0.0007 0.0011 0.0006 0.9904 0.0007 0.0006 0.0021 0.0010 0.0012 0.0016 
        FW87  3 0.0007 0.0011 0.0006 0.9904 0.0007 0.0006 0.0021 0.0010 0.0013 0.0016 
        FW88  3 0.0006 0.0010 0.0006 0.0006 0.0007 0.0006 0.0019 0.9915 0.0011 0.0014 
        FW89  3 0.0006 0.0010 0.0006 0.0006 0.0007 0.0006 0.0019 0.9915 0.0011 0.0014 
        FW90  3 0.0006 0.0010 0.0006 0.0006 0.0007 0.0006 0.0019 0.9915 0.0011 0.0014 
        FW91  3 0.0007 0.0010 0.0006 0.9908 0.0007 0.0006 0.0020 0.0008 0.0012 0.0015 
        FW92  3 0.0006 0.0010 0.0006 0.0006 0.0007 0.0006 0.0019 0.9915 0.0011 0.0014 
        FW93  3 0.0006 0.0010 0.0006 0.0006 0.0007 0.0006 0.0019 0.9915 0.0011 0.0014 
        FW94  3 0.0007 0.0010 0.0006 0.9908 0.0007 0.0006 0.0020 0.0008 0.0012 0.0015 
        FW95  3 0.0006 0.0010 0.0007 0.0006 0.0007 0.0006 0.0019 0.9915 0.0011 0.0014 
        FW96  3 0.0006 0.0010 0.0007 0.0006 0.0007 0.0006 0.0019 0.9914 0.0011 0.0014 
        FW97  3 0.0015 0.9607 0.0049 0.0064 0.0019 0.0024 0.0059 0.0066 0.0027 0.0070 
        FW98  3 0.0007 0.0010 0.0006 0.9907 0.0007 0.0006 0.0020 0.0008 0.0013 0.0015 
        FW99  3 0.0006 0.0010 0.0006 0.0006 0.0007 0.0006 0.0019 0.9915 0.0011 0.0014 
       Cal01  3 0.0011 0.7702 0.0022 0.0008 0.0025 0.0010 0.0034 0.2133 0.0029 0.0026 
       Cal02  3 0.0011 0.9795 0.0009 0.0020 0.0009 0.0009 0.0043 0.0056 0.0024 0.0024 
       Cal03  3 0.0015 0.8816 0.0017 0.0546 0.0016 0.0005 0.0042 0.0502 0.0020 0.0019 
       Cal04  3 0.0015 0.9792 0.0006 0.0016 0.0012 0.0009 0.0051 0.0008 0.0028 0.0063 
       Cal05  3 0.0008 0.9791 0.0036 0.0034 0.0007 0.0006 0.0022 0.0036 0.0041 0.0018 
       Cal06  3 0.0010 0.9798 0.0015 0.0008 0.0012 0.0013 0.0052 0.0028 0.0046 0.0019 
       Cal07  3 0.0007 0.9648 0.0021 0.0011 0.0008 0.0007 0.0026 0.0164 0.0093 0.0015 
       Cal08  3 0.0015 0.9185 0.0012 0.0086 0.0016 0.0022 0.0056 0.0523 0.0030 0.0055 
       Cal09  3 0.0016 0.9108 0.0013 0.0020 0.0009 0.0008 0.0070 0.0456 0.0273 0.0027 
       Cal10  3 0.0013 0.9821 0.0012 0.0022 0.0015 0.0007 0.0045 0.0009 0.0028 0.0028 
       Cal11  3 0.0010 0.9438 0.0049 0.0069 0.0014 0.0151 0.0055 0.0110 0.0050 0.0053 
      Cal197  3 0.0007 0.6483 0.0012 0.0010 0.0014 0.0006 0.0052 0.3366 0.0037 0.0013 
      Cal198  3 0.0009 0.8651 0.0019 0.0231 0.0545 0.0007 0.0049 0.0058 0.0392 0.0040 
      Cal199  3 0.0011 0.9435 0.0041 0.0014 0.0023 0.0007 0.0026 0.0013 0.0015 0.0414 
      Cal200  3 0.0039 0.9215 0.0509 0.0044 0.0015 0.0012 0.0064 0.0030 0.0056 0.0016 
      Cal201  3 0.0007 0.9620 0.0066 0.0036 0.0008 0.0008 0.0038 0.0155 0.0045 0.0016 
      Cal202  3 0.0109 0.9391 0.0019 0.0015 0.0112 0.0008 0.0144 0.0052 0.0026 0.0123 
      Cal203  3 0.0010 0.9790 0.0020 0.0063 0.0011 0.0018 0.0032 0.0010 0.0018 0.0026 
      Cal204  3 0.0011 0.9854 0.0020 0.0006 0.0013 0.0009 0.0032 0.0012 0.0020 0.0022 
      Cal205  3 0.0009 0.9836 0.0012 0.0016 0.0013 0.0006 0.0035 0.0027 0.0024 0.0022 
      Cal206  3 0.0014 0.9781 0.0044 0.0026 0.0012 0.0008 0.0045 0.0030 0.0019 0.0020 
      Cal207  3 0.0007 0.9771 0.0020 0.0007 0.0095 0.0006 0.0029 0.0023 0.0026 0.0017 
      Cal208  3 0.0009 0.9664 0.0007 0.0080 0.0014 0.0010 0.0037 0.0133 0.0018 0.0028 
      Cal209  3 0.0009 0.9782 0.0013 0.0014 0.0008 0.0008 0.0026 0.0100 0.0018 0.0023 
      Cal210  3 0.0012 0.9434 0.0041 0.0013 0.0023 0.0008 0.0025 0.0013 0.0016 0.0415 
      Cal211  3 0.0008 0.9693 0.0058 0.0008 0.0009 0.0007 0.0030 0.0142 0.0026 0.0019 
      Cal212  3 0.0013 0.9726 0.0113 0.0032 0.0012 0.0007 0.0033 0.0018 0.0022 0.0025 
      Cal213  3 0.0013 0.8045 0.0059 0.0722 0.0600 0.0005 0.0068 0.0141 0.0323 0.0024 
      Cal214  3 0.0011 0.9580 0.0006 0.0015 0.0036 0.0008 0.0067 0.0007 0.0019 0.0252 
      Cal215  3 0.0019 0.9663 0.0011 0.0018 0.0013 0.0011 0.0041 0.0127 0.0024 0.0074 
      Cal216  3 0.0014 0.9022 0.0063 0.0081 0.0023 0.0009 0.0047 0.0689 0.0037 0.0016 
      Cal217  3 0.0006 0.9747 0.0014 0.0014 0.0009 0.0008 0.0031 0.0125 0.0029 0.0016 
      Cal218  3 0.0010 0.9096 0.0716 0.0044 0.0010 0.0007 0.0032 0.0038 0.0023 0.0023 
      Cal219  3 0.0009 0.9621 0.0020 0.0037 0.0009 0.0009 0.0050 0.0193 0.0024 0.0029 
      Cal220  3 0.0008 0.9630 0.0015 0.0012 0.0025 0.0023 0.0107 0.0079 0.0030 0.0072 
      Cal221  3 0.0010 0.9758 0.0036 0.0041 0.0018 0.0006 0.0029 0.0031 0.0023 0.0049 
      Cal222  3 0.0010 0.9740 0.0026 0.0023 0.0018 0.0008 0.0028 0.0016 0.0025 0.0107 
      Cal223  3 0.0010 0.8876 0.0084 0.0034 0.0116 0.0017 0.0108 0.0012 0.0692 0.0051 
      Cal224  3 0.0051 0.9220 0.0012 0.0009 0.0580 0.0016 0.0037 0.0011 0.0036 0.0029 
       Cal33  3 0.0008 0.9842 0.0010 0.0019 0.0008 0.0007 0.0041 0.0021 0.0023 0.0020 
       Cal34  3 0.0011 0.9805 0.0011 0.0029 0.0018 0.0007 0.0042 0.0015 0.0039 0.0023 
       Cal35  3 0.0010 0.9862 0.0012 0.0010 0.0008 0.0006 0.0030 0.0018 0.0026 0.0017 
       Cal37  3 0.0013 0.9738 0.0016 0.0014 0.0008 0.0006 0.0100 0.0020 0.0065 0.0019 
       Cal38  3 0.0006 0.7019 0.0023 0.0007 0.0008 0.0007 0.0028 0.2849 0.0031 0.0022 
       Cal39  3 0.0015 0.9360 0.0055 0.0270 0.0008 0.0010 0.0031 0.0182 0.0027 0.0043 
       Cal40  3 0.0009 0.9781 0.0012 0.0014 0.0008 0.0008 0.0027 0.0102 0.0018 0.0022 
       Cal41  3 0.0009 0.9835 0.0009 0.0015 0.0008 0.0008 0.0026 0.0047 0.0022 0.0022 
       Cal42  3 0.0010 0.9843 0.0015 0.0011 0.0010 0.0012 0.0031 0.0029 0.0016 0.0024 
       Cal43  3 0.0007 0.9839 0.0017 0.0017 0.0011 0.0007 0.0039 0.0014 0.0025 0.0024 
       Cal44  3 0.0013 0.9586 0.0142 0.0055 0.0025 0.0010 0.0056 0.0055 0.0024 0.0033 
        BW41  3 0.0217 0.9510 0.0079 0.0011 0.0023 0.0010 0.0067 0.0015 0.0028 0.0040 
        BW42  3 0.0009 0.9557 0.0021 0.0240 0.0013 0.0009 0.0072 0.0018 0.0041 0.0021 
        BW44  3 0.0007 0.9756 0.0096 0.0016 0.0012 0.0010 0.0034 0.0009 0.0040 0.0019 
        BW45  3 0.0007 0.9730 0.0152 0.0011 0.0007 0.0007 0.0024 0.0022 0.0026 0.0014 
        BW46  3 0.0018 0.9401 0.0078 0.0357 0.0024 0.0007 0.0052 0.0023 0.0020 0.0021 
        BW47  3 0.0174 0.9061 0.0011 0.0012 0.0008 0.0006 0.0184 0.0402 0.0110 0.0031 
        BW48  3 0.0019 0.9634 0.0081 0.0065 0.0013 0.0016 0.0062 0.0018 0.0034 0.0058 
        BW49  3 0.0007 0.9696 0.0029 0.0008 0.0009 0.0011 0.0033 0.0119 0.0069 0.0019 
        BW50  3 0.0011 0.9768 0.0011 0.0039 0.0010 0.0008 0.0032 0.0079 0.0021 0.0020 
        BW51  3 0.0008 0.8640 0.0564 0.0331 0.0012 0.0008 0.0035 0.0204 0.0175 0.0023 
        BW52  3 0.0008 0.9808 0.0009 0.0025 0.0009 0.0034 0.0031 0.0033 0.0021 0.0022 
        BW53  3 0.0011 0.9666 0.0013 0.0014 0.0034 0.0007 0.0152 0.0023 0.0062 0.0017 
        BW54  3 0.0067 0.8669 0.0046 0.0046 0.0013 0.0011 0.0726 0.0033 0.0234 0.0154 
        BW55  3 0.0018 0.9558 0.0092 0.0181 0.0023 0.0012 0.0046 0.0017 0.0024 0.0028 
        BW56  3 0.0014 0.9856 0.0012 0.0007 0.0010 0.0008 0.0030 0.0021 0.0025 0.0017 
        BW57  3 0.0008 0.9791 0.0009 0.0013 0.0018 0.0007 0.0043 0.0058 0.0033 0.0018 
        BW58  3 0.0009 0.9740 0.0018 0.0071 0.0012 0.0007 0.0044 0.0038 0.0038 0.0022 
        BW59  3 0.0009 0.9043 0.0014 0.0029 0.0007 0.0007 0.0042 0.0802 0.0027 0.0020 
        BW60  3 0.0010 0.9821 0.0010 0.0058 0.0010 0.0009 0.0029 0.0012 0.0023 0.0018 
        BW61  3 0.0534 0.8681 0.0260 0.0107 0.0012 0.0012 0.0201 0.0127 0.0045 0.0022 
        BW62  3 0.0032 0.9533 0.0190 0.0111 0.0014 0.0008 0.0049 0.0016 0.0027 0.0020 
        BW63  3 0.0060 0.9009 0.0088 0.0152 0.0017 0.0008 0.0263 0.0012 0.0354 0.0039 
        BW64  3 0.0008 0.9226 0.0040 0.0142 0.0009 0.0008 0.0033 0.0492 0.0025 0.0017 
        BW65  3 0.0053 0.9312 0.0370 0.0013 0.0048 0.0014 0.0101 0.0009 0.0038 0.0043 
        BW66  3 0.0017 0.9721 0.0045 0.0050 0.0012 0.0026 0.0030 0.0022 0.0053 0.0024 
        BW67  3 0.0008 0.8252 0.1620 0.0014 0.0008 0.0008 0.0025 0.0028 0.0020 0.0016 
        BW68  3 0.0018 0.9742 0.0052 0.0022 0.0011 0.0007 0.0067 0.0021 0.0041 0.0020 
        BW69  3 0.0310 0.9510 0.0023 0.0041 0.0010 0.0009 0.0035 0.0013 0.0021 0.0028 
        BW70  3 0.0008 0.9319 0.0444 0.0026 0.0015 0.0011 0.0038 0.0072 0.0034 0.0033 
        BW71  3 0.0007 0.9597 0.0021 0.0007 0.0007 0.0009 0.0026 0.0286 0.0022 0.0019 
        BW72  3 0.0052 0.9611 0.0020 0.0012 0.0031 0.0020 0.0119 0.0050 0.0041 0.0045 
        BW73  3 0.0117 0.9213 0.0018 0.0008 0.0009 0.0243 0.0250 0.0051 0.0062 0.0030 
        BW74  3 0.0018 0.9369 0.0202 0.0179 0.0019 0.0010 0.0084 0.0021 0.0053 0.0045 
        BW75  3 0.0008 0.9476 0.0017 0.0009 0.0022 0.0108 0.0129 0.0119 0.0089 0.0023 
        BW76  3 0.0025 0.9770 0.0069 0.0008 0.0013 0.0010 0.0035 0.0013 0.0020 0.0037 
        BW77  3 0.0018 0.8687 0.0722 0.0022 0.0030 0.0010 0.0269 0.0082 0.0145 0.0015 
        BW78  3 0.0010 0.9815 0.0014 0.0029 0.0009 0.0009 0.0026 0.0009 0.0039 0.0039 
        BW79  3 0.0009 0.9628 0.0010 0.0019 0.0009 0.0009 0.0055 0.0193 0.0041 0.0028 
        BW80  3 0.0008 0.9788 0.0025 0.0049 0.0011 0.0008 0.0050 0.0021 0.0022 0.0017 
        BW81  3 0.0009 0.9730 0.0010 0.0097 0.0025 0.0007 0.0042 0.0018 0.0046 0.0016 
       BWS05  3 0.0071 0.8678 0.0738 0.0174 0.0020 0.0017 0.0145 0.0050 0.0054 0.0053 
       BWS06  3 0.0010 0.7801 0.0333 0.1698 0.0015 0.0010 0.0038 0.0022 0.0025 0.0048 
       BWS07  3 0.0009 0.9332 0.0023 0.0012 0.0008 0.0006 0.0250 0.0279 0.0061 0.0021 
       BWS08  3 0.0073 0.9520 0.0140 0.0007 0.0030 0.0030 0.0049 0.0010 0.0110 0.0031 
       BWS09  3 0.0008 0.9657 0.0024 0.0010 0.0012 0.0007 0.0025 0.0220 0.0019 0.0019 
       BWS10  3 0.0042 0.9609 0.0137 0.0024 0.0013 0.0010 0.0056 0.0024 0.0045 0.0040 
       BWS11  3 0.0008 0.9841 0.0011 0.0006 0.0009 0.0008 0.0033 0.0045 0.0019 0.0021 
       BWS12  3 0.0012 0.9711 0.0038 0.0054 0.0019 0.0019 0.0071 0.0016 0.0036 0.0025 
       BWS13  3 0.0010 0.8799 0.0011 0.1057 0.0028 0.0010 0.0031 0.0011 0.0019 0.0024 
       BWS14  3 0.0012 0.7823 0.0018 0.2014 0.0010 0.0006 0.0049 0.0018 0.0028 0.0022 
       BWS15  3 0.0014 0.9682 0.0013 0.0005 0.0022 0.0028 0.0065 0.0056 0.0035 0.0080 
       BWS16  3 0.0011 0.9672 0.0010 0.0028 0.0009 0.0007 0.0039 0.0012 0.0188 0.0024 
       BWS17  3 0.0017 0.9842 0.0015 0.0010 0.0014 0.0010 0.0033 0.0012 0.0023 0.0024 
       BWS18  3 0.0011 0.9466 0.0016 0.0016 0.0235 0.0007 0.0060 0.0053 0.0041 0.0096 
       BWS19  3 0.0090 0.9365 0.0031 0.0023 0.0081 0.0008 0.0179 0.0099 0.0038 0.0086 
       BWS20  3 0.0008 0.9760 0.0028 0.0026 0.0011 0.0009 0.0027 0.0038 0.0078 0.0016 
       BWS21  3 0.0018 0.8863 0.0143 0.0149 0.0367 0.0014 0.0281 0.0008 0.0069 0.0088 
       BWS22  3 0.0011 0.9663 0.0155 0.0019 0.0018 0.0008 0.0037 0.0049 0.0020 0.0020 
       BWS23  3 0.0011 0.9547 0.0025 0.0015 0.0254 0.0006 0.0049 0.0017 0.0033 0.0044 
       BWS24  3 0.0015 0.9690 0.0028 0.0007 0.0021 0.0011 0.0080 0.0012 0.0051 0.0084 
       BWS25  3 0.0016 0.9762 0.0009 0.0015 0.0008 0.0007 0.0129 0.0013 0.0018 0.0023 
       BWS26  3 0.0012 0.9816 0.0014 0.0029 0.0009 0.0012 0.0045 0.0015 0.0031 0.0017 
       BWS27  3 0.0007 0.9790 0.0019 0.0019 0.0008 0.0007 0.0046 0.0015 0.0069 0.0019 
       BWS28  3 0.0028 0.9221 0.0013 0.0388 0.0020 0.0010 0.0220 0.0023 0.0047 0.0028 
       BWS29  3 0.0019 0.9634 0.0092 0.0095 0.0013 0.0014 0.0048 0.0008 0.0040 0.0037 
       BWS30  3 0.0009 0.9031 0.0022 0.0010 0.0018 0.0007 0.0031 0.0829 0.0023 0.0020 
       BWS31  3 0.0033 0.9718 0.0037 0.0012 0.0011 0.0006 0.0040 0.0018 0.0101 0.0022 
       BWS32  3 0.0011 0.9650 0.0056 0.0080 0.0009 0.0012 0.0058 0.0021 0.0057 0.0046 
       BWS33  3 0.0020 0.9750 0.0010 0.0024 0.0018 0.0010 0.0073 0.0036 0.0022 0.0037 
       BWS34  3 0.0026 0.9143 0.0141 0.0510 0.0041 0.0014 0.0062 0.0008 0.0031 0.0023 
       BWS35  3 0.0013 0.9672 0.0011 0.0060 0.0015 0.0013 0.0065 0.0016 0.0046 0.0088 
       BWS36  3 0.0010 0.9821 0.0011 0.0028 0.0008 0.0018 0.0026 0.0040 0.0018 0.0020 
       BWS37  3 0.0043 0.9605 0.0167 0.0042 0.0013 0.0007 0.0049 0.0013 0.0036 0.0025 
       BWS38  3 0.0013 0.9648 0.0042 0.0033 0.0017 0.0017 0.0050 0.0094 0.0049 0.0036 
       BWS39  3 0.0008 0.8859 0.0732 0.0011 0.0011 0.0010 0.0032 0.0279 0.0038 0.0020 
       BWS40  3 0.0013 0.9783 0.0011 0.0030 0.0010 0.0017 0.0029 0.0042 0.0020 0.0046 
       BWN01  3 0.0012 0.9743 0.0038 0.0059 0.0010 0.0009 0.0031 0.0025 0.0044 0.0028 
       BWN02  3 0.0009 0.8977 0.0027 0.0013 0.0009 0.0006 0.0032 0.0339 0.0569 0.0019 
       BWN03  3 0.0032 0.9687 0.0016 0.0008 0.0029 0.0023 0.0121 0.0022 0.0026 0.0036 
       BWN04  3 0.0017 0.9494 0.0252 0.0037 0.0016 0.0045 0.0044 0.0031 0.0049 0.0016 
        NC01  4 0.0013 0.0608 0.0149 0.0101 0.0011 0.0012 0.0636 0.0186 0.8265 0.0018 
        NC02  4 0.0024 0.0092 0.0617 0.0035 0.0016 0.0016 0.0068 0.0040 0.9067 0.0026 
        NC03  4 0.0008 0.0028 0.0079 0.0010 0.0051 0.0007 0.0060 0.0017 0.9722 0.0017 
        NC04  4 0.0012 0.0064 0.0145 0.0016 0.0014 0.0009 0.0045 0.0011 0.9650 0.0034 
        NC05  4 0.0034 0.0343 0.0073 0.0013 0.0056 0.0017 0.0406 0.0015 0.8935 0.0108 
        NC06  4 0.0116 0.0224 0.0116 0.0033 0.0012 0.0007 0.0066 0.0056 0.9342 0.0028 
        NC07  4 0.0009 0.0068 0.0022 0.0055 0.0010 0.0007 0.0037 0.0044 0.9707 0.0040 
        NC08  4 0.0013 0.0036 0.2873 0.0013 0.0021 0.0019 0.0057 0.0014 0.6924 0.0031 
        NC09  4 0.0012 0.0075 0.1240 0.0011 0.0023 0.0019 0.0055 0.0011 0.8515 0.0039 
        NC10  4 0.0008 0.0360 0.3304 0.0017 0.0011 0.0016 0.0035 0.0022 0.6214 0.0014 
        NC11  4 0.0021 0.0282 0.0025 0.0055 0.0020 0.0019 0.0119 0.0030 0.9379 0.0050 
        NC12  4 0.0038 0.0056 0.0069 0.0054 0.0012 0.0007 0.0059 0.0007 0.9678 0.0019 
        NC13  4 0.0009 0.0071 0.0075 0.0012 0.0143 0.0006 0.0084 0.0014 0.9559 0.0028 
        NC14  4 0.0013 0.0085 0.0482 0.0039 0.0015 0.0012 0.0250 0.0027 0.9055 0.0023 
        NC15  4 0.0016 0.0104 0.0125 0.0021 0.0026 0.0014 0.0079 0.0014 0.9571 0.0031 
        NC16  4 0.0009 0.0329 0.0102 0.0014 0.0011 0.0012 0.0536 0.0077 0.8892 0.0017 
        NC18  4 0.0011 0.0068 0.0532 0.0028 0.0018 0.0056 0.0069 0.0030 0.9168 0.0019 
        NC19  4 0.0011 0.0022 0.0102 0.0021 0.0010 0.0006 0.0036 0.0009 0.9767 0.0015 
        NC20  4 0.0025 0.0151 0.2653 0.0036 0.0036 0.0064 0.0048 0.0035 0.6911 0.0042 
        NC21  4 0.0025 0.0046 0.0913 0.0075 0.0061 0.0007 0.0098 0.0216 0.8538 0.0022 
        NC22  4 0.0020 0.0034 0.0371 0.1026 0.0012 0.0012 0.0025 0.0014 0.8454 0.0030 
        NC23  4 0.0009 0.0121 0.0394 0.0017 0.0016 0.0018 0.0089 0.0069 0.9246 0.0022 
        NC24  4 0.0012 0.0028 0.0013 0.0045 0.0010 0.0013 0.0035 0.0012 0.9795 0.0036 
      SAND01  4 0.0007 0.0013 0.9899 0.0006 0.0008 0.0006 0.0021 0.0010 0.0014 0.0017 
      SAND02  4 0.0018 0.0015 0.9854 0.0026 0.0007 0.0006 0.0025 0.0013 0.0014 0.0021 
      SAND03  4 0.0007 0.0013 0.9893 0.0011 0.0007 0.0006 0.0021 0.0013 0.0013 0.0016 
      SAND04  4 0.0007 0.0011 0.9893 0.0012 0.0008 0.0006 0.0023 0.0010 0.0014 0.0015 
      SAND05  4 0.0007 0.0012 0.9899 0.0009 0.0008 0.0006 0.0022 0.0009 0.0013 0.0015 
      SAND06  4 0.0008 0.0014 0.9877 0.0014 0.0008 0.0006 0.0025 0.0018 0.0017 0.0015 
      SAND07  4 0.0007 0.0015 0.9884 0.0009 0.0008 0.0008 0.0021 0.0014 0.0015 0.0019 
      SAND08  4 0.0009 0.0015 0.9871 0.0020 0.0007 0.0007 0.0023 0.0012 0.0022 0.0015 
      SAND09  4 0.0010 0.0070 0.9732 0.0017 0.0011 0.0008 0.0040 0.0032 0.0051 0.0029 
      SAND10  4 0.0015 0.0014 0.9832 0.0021 0.0007 0.0008 0.0030 0.0015 0.0028 0.0029 
      SAND11  4 0.0008 0.0013 0.9898 0.0007 0.0008 0.0007 0.0022 0.0008 0.0013 0.0016 
      SAND12  4 0.0007 0.0013 0.9890 0.0010 0.0008 0.0007 0.0022 0.0013 0.0014 0.0015 
      SAND13  4 0.0014 0.0015 0.9829 0.0021 0.0007 0.0008 0.0030 0.0016 0.0029 0.0030 
      SAND14  4 0.0020 0.0018 0.9822 0.0018 0.0008 0.0008 0.0029 0.0024 0.0023 0.0028 
      SAND15  4 0.0007 0.0013 0.9890 0.0010 0.0009 0.0006 0.0022 0.0013 0.0014 0.0016 
      SAND16  4 0.0007 0.0016 0.9857 0.0008 0.0009 0.0005 0.0040 0.0015 0.0026 0.0017 
      SAND17  4 0.0007 0.0014 0.9893 0.0008 0.0007 0.0007 0.0022 0.0010 0.0015 0.0017 
      SAND18  4 0.0007 0.0014 0.9886 0.0011 0.0007 0.0006 0.0023 0.0016 0.0014 0.0014 
      SAND19  4 0.0006 0.0013 0.9888 0.0011 0.0007 0.0006 0.0021 0.0019 0.0013 0.0015 
      SAND20  4 0.0006 0.0015 0.9889 0.0009 0.0007 0.0008 0.0020 0.0011 0.0018 0.0017 
      SAND21  4 0.0007 0.0021 0.9859 0.0013 0.0007 0.0008 0.0023 0.0028 0.0017 0.0017 
      SAND22  4 0.0006 0.0015 0.9892 0.0013 0.0007 0.0006 0.0020 0.0009 0.0018 0.0015 
      SAND23  4 0.0008 0.0018 0.9857 0.0018 0.0008 0.0006 0.0024 0.0031 0.0014 0.0015 
      SAND24  4 0.0034 0.9731 0.0018 0.0069 0.0018 0.0008 0.0058 0.0013 0.0026 0.0026 
      SAND25  4 0.0008 0.0012 0.9881 0.0007 0.0009 0.0007 0.0030 0.0010 0.0019 0.0018 
      SAND26  4 0.0007 0.0012 0.9897 0.0007 0.0007 0.0006 0.0020 0.0011 0.0017 0.0016 
      SAND27  4 0.0011 0.0021 0.9837 0.0015 0.0013 0.0012 0.0031 0.0009 0.0032 0.0020 
      SAND28  4 0.0008 0.0014 0.9886 0.0013 0.0008 0.0007 0.0022 0.0011 0.0015 0.0015 
      SAND29  4 0.0007 0.0015 0.9875 0.0012 0.0008 0.0007 0.0023 0.0026 0.0014 0.0014 
      SAND30  4 0.0007 0.0019 0.9880 0.0009 0.0009 0.0007 0.0023 0.0013 0.0018 0.0015 
      SAND31  4 0.0006 0.0012 0.9898 0.0006 0.0008 0.0008 0.0022 0.0010 0.0016 0.0015 
      SAND32  4 0.0013 0.0012 0.9827 0.0027 0.0008 0.0006 0.0031 0.0009 0.0042 0.0025 
      SAND33  4 0.0008 0.0015 0.9864 0.0020 0.0008 0.0008 0.0021 0.0021 0.0015 0.0020 
      SAND34  4 0.0007 0.0013 0.9889 0.0011 0.0008 0.0006 0.0023 0.0012 0.0015 0.0015 
      SAND35  4 0.0006 0.0015 0.9819 0.0007 0.0008 0.0006 0.0020 0.0084 0.0016 0.0018 
      SAND36  4 0.0007 0.0017 0.9879 0.0019 0.0007 0.0006 0.0023 0.0010 0.0016 0.0015 
      SAND37  4 0.0007 0.0018 0.9881 0.0011 0.0008 0.0007 0.0023 0.0016 0.0015 0.0015 
      SAND38  4 0.0007 0.0013 0.9887 0.0010 0.0008 0.0008 0.0023 0.0011 0.0017 0.0017 
      SAND39  4 0.0008 0.0015 0.9880 0.0010 0.0008 0.0007 0.0023 0.0012 0.0023 0.0014 
      SAND40  4 0.0015 0.0016 0.9840 0.0021 0.0010 0.0008 0.0031 0.0026 0.0017 0.0017 
      SAND41  4 0.0010 0.0014 0.9881 0.0015 0.0007 0.0007 0.0023 0.0011 0.0015 0.0017 
      SAND42  4 0.0008 0.0015 0.9879 0.0016 0.0008 0.0008 0.0024 0.0010 0.0014 0.0018 
      SAND43  4 0.0010 0.0140 0.9651 0.0025 0.0012 0.0008 0.0035 0.0045 0.0043 0.0030 
      SAND44  4 0.0006 0.0012 0.9893 0.0009 0.0007 0.0008 0.0021 0.0012 0.0015 0.0016 
       Hon01  5 0.0013 0.0011 0.0012 0.0006 0.0012 0.0015 0.0051 0.0007 0.9829 0.0044 
       Hon02  5 0.0012 0.0068 0.0008 0.0007 0.0033 0.0009 0.0041 0.0340 0.9466 0.0018 
       Hon03  5 0.0119 0.0017 0.0009 0.0005 0.1080 0.0043 0.0075 0.0974 0.7441 0.0237 
       Hon04  5 0.0009 0.0017 0.0008 0.0006 0.0023 0.0011 0.0049 0.0023 0.9821 0.0035 
       Hon05  5 0.0014 0.0020 0.0010 0.0008 0.0012 0.0014 0.0041 0.0013 0.9847 0.0021 
       Hon06  5 0.0007 0.0011 0.0008 0.0007 0.0008 0.0010 0.0037 0.0015 0.9859 0.0039 
       Hon07  5 0.0012 0.0015 0.0008 0.0007 0.0015 0.0014 0.0033 0.0013 0.9854 0.0029 
       Hon08  5 0.0008 0.0016 0.0014 0.0021 0.0024 0.0008 0.0043 0.0008 0.9834 0.0025 
       Hon09  5 0.0014 0.0023 0.0012 0.0005 0.0041 0.0020 0.0030 0.1801 0.8027 0.0028 
       Hon10  5 0.0029 0.0017 0.0008 0.0008 0.0023 0.0175 0.0044 0.0013 0.9541 0.0141 
       Hon11  5 0.0015 0.0070 0.0028 0.0016 0.0015 0.0021 0.0747 0.0009 0.8951 0.0127 
       Hon12  5 0.0015 0.0041 0.0013 0.0006 0.0067 0.0035 0.0029 0.0485 0.9263 0.0044 
       Hon13  5 0.0015 0.0019 0.0007 0.0007 0.0013 0.0013 0.0041 0.0010 0.9852 0.0023 
       Hon14  5 0.0100 0.0015 0.0008 0.0007 0.0174 0.0018 0.0059 0.0009 0.9587 0.0023 
       Hon15  5 0.0010 0.0010 0.0008 0.0005 0.0029 0.0010 0.0046 0.0020 0.9811 0.0051 
       Hon16  5 0.0008 0.0016 0.0015 0.0020 0.0025 0.0007 0.0044 0.0008 0.9833 0.0025 
       Hon17  5 0.0007 0.0013 0.0011 0.0009 0.0011 0.0011 0.0044 0.0009 0.9866 0.0019 
       Hon18  5 0.0008 0.0293 0.0287 0.0007 0.0023 0.0010 0.0048 0.0061 0.9240 0.0023 
       Hon19  5 0.0025 0.0019 0.0008 0.0008 0.0016 0.0052 0.0043 0.0012 0.9787 0.0031 
       Hon20  5 0.0009 0.0015 0.0007 0.0010 0.0015 0.0019 0.0125 0.0008 0.9703 0.0090 
      ERIN01  6 0.0009 0.0008 0.0005 0.0005 0.0010 0.9897 0.0026 0.0006 0.0011 0.0024 
      ERIN02  6 0.0009 0.0008 0.0005 0.0005 0.0009 0.9899 0.0025 0.0006 0.0011 0.0024 
      ERIN03  6 0.0008 0.0008 0.0005 0.0005 0.0009 0.9899 0.0025 0.0006 0.0011 0.0024 
      ERIN04  6 0.0009 0.0008 0.0005 0.0005 0.0009 0.9897 0.0026 0.0006 0.0011 0.0024 
      ERIN05  6 0.0009 0.0008 0.0005 0.0005 0.0010 0.9898 0.0025 0.0006 0.0011 0.0024 
      ERIN06  6 0.0008 0.0008 0.0004 0.0005 0.0009 0.9899 0.0025 0.0006 0.0011 0.0024 
      ERIN07  6 0.0008 0.0008 0.0005 0.0005 0.0009 0.9899 0.0025 0.0006 0.0011 0.0024 
      ERIN08  6 0.0008 0.0009 0.0005 0.0005 0.0009 0.9898 0.0025 0.0006 0.0011 0.0024 
      ERIN09  6 0.0008 0.0008 0.0005 0.0005 0.0009 0.9898 0.0025 0.0006 0.0011 0.0023 
      ERIN10  6 0.0008 0.0008 0.0005 0.0005 0.0009 0.9899 0.0025 0.0006 0.0011 0.0024 
      ERIN11  6 0.0009 0.0009 0.0005 0.0005 0.0009 0.9699 0.0170 0.0006 0.0065 0.0024 
      ERIN12  6 0.0008 0.0008 0.0005 0.0005 0.0009 0.9898 0.0026 0.0006 0.0011 0.0024 
      ERIN13  6 0.0008 0.0009 0.0005 0.0005 0.0009 0.9898 0.0025 0.0006 0.0011 0.0024 
      ERIN14  6 0.0008 0.0008 0.0005 0.0005 0.0009 0.9898 0.0025 0.0006 0.0011 0.0024 
      ERIN15  6 0.0009 0.0008 0.0005 0.0005 0.0009 0.9898 0.0025 0.0006 0.0011 0.0024 
      ERIN16  6 0.0008 0.0008 0.0005 0.0005 0.0009 0.9896 0.0027 0.0006 0.0012 0.0023 
      ERIN17  6 0.0009 0.0008 0.0005 0.0005 0.0009 0.9898 0.0026 0.0006 0.0011 0.0024 
      ERIN18  6 0.0008 0.0008 0.0005 0.0005 0.0009 0.9898 0.0025 0.0006 0.0011 0.0024 
      ERIN19  6 0.0008 0.0008 0.0005 0.0005 0.0009 0.9897 0.0026 0.0006 0.0011 0.0025 
      ERIN20  6 0.0008 0.0008 0.0005 0.0005 0.0009 0.9899 0.0026 0.0006 0.0011 0.0023 
      ERIN21  6 0.0064 0.0009 0.0005 0.0005 0.0017 0.9600 0.0026 0.0006 0.0018 0.0253 
      ERIN22  6 0.0008 0.0008 0.0005 0.0005 0.0009 0.9899 0.0025 0.0006 0.0011 0.0023 
      ERIN23  6 0.0009 0.0008 0.0005 0.0005 0.0009 0.9898 0.0025 0.0006 0.0011 0.0024 
      ERIN24  6 0.0009 0.0008 0.0005 0.0005 0.0009 0.9899 0.0025 0.0006 0.0011 0.0024 
      ERIN25  6 0.0063 0.0009 0.0005 0.0005 0.0018 0.9598 0.0026 0.0006 0.0019 0.0251 
      ERIN26  6 0.0009 0.0008 0.0005 0.0005 0.0009 0.9897 0.0025 0.0006 0.0011 0.0024 
      ERIN27  6 0.0008 0.0008 0.0005 0.0005 0.0009 0.9898 0.0026 0.0006 0.0011 0.0024 
      ERIN28  6 0.0009 0.0008 0.0005 0.0005 0.0010 0.9897 0.0025 0.0006 0.0011 0.0024 
      ERIN29  6 0.0009 0.0009 0.0005 0.0005 0.0010 0.9898 0.0025 0.0006 0.0011 0.0023 
      ERIN30  6 0.0008 0.0008 0.0005 0.0005 0.0009 0.9898 0.0025 0.0006 0.0012 0.0024 
      ERIN31  6 0.0008 0.0008 0.0005 0.0005 0.0009 0.9899 0.0026 0.0006 0.0011 0.0023 
      ERIN32  6 0.0009 0.0008 0.0005 0.0005 0.0009 0.9898 0.0025 0.0006 0.0011 0.0024 
      ERIN33  6 0.0009 0.0008 0.0005 0.0005 0.0009 0.9898 0.0026 0.0006 0.0011 0.0024 
      ERIN34  6 0.0009 0.0008 0.0005 0.0005 0.0009 0.9897 0.0026 0.0006 0.0011 0.0024 
      ERIN35  6 0.0008 0.0008 0.0005 0.0005 0.0009 0.9897 0.0026 0.0006 0.0011 0.0024 
      ERIN38  6 0.0009 0.0009 0.0005 0.0005 0.0010 0.9896 0.0026 0.0006 0.0011 0.0024 
      ERIN39  6 0.0008 0.0009 0.0005 0.0005 0.0009 0.9898 0.0026 0.0006 0.0011 0.0024 
      ERIN40  6 0.0009 0.0008 0.0005 0.0005 0.0009 0.9898 0.0025 0.0006 0.0011 0.0023 
      ERIN41  6 0.0008 0.0008 0.0005 0.0005 0.0009 0.9898 0.0026 0.0006 0.0011 0.0024 
      ERIN42  6 0.0009 0.0008 0.0005 0.0005 0.0009 0.9897 0.0025 0.0006 0.0011 0.0024 
      ERIN43  6 0.0009 0.0008 0.0005 0.0005 0.0010 0.9898 0.0026 0.0006 0.0011 0.0023 
      ERIN44  6 0.0008 0.0008 0.0005 0.0005 0.0009 0.9898 0.0025 0.0006 0.0011 0.0024 
      ERIN45  6 0.0008 0.0008 0.0005 0.0005 0.0009 0.9899 0.0025 0.0006 0.0011 0.0024 
      ERIN46  6 0.0009 0.0008 0.0005 0.0005 0.0009 0.9898 0.0025 0.0006 0.0011 0.0024 
      ERIN47  6 0.0008 0.0008 0.0005 0.0005 0.0009 0.9897 0.0025 0.0006 0.0011 0.0024 
       FDS01  6 0.0008 0.0008 0.0005 0.0005 0.0009 0.9898 0.0025 0.0006 0.0011 0.0024 
       FDS02  6 0.0008 0.0008 0.0005 0.0005 0.0009 0.9897 0.0026 0.0006 0.0011 0.0024 
       FDS03  6 0.0008 0.0008 0.0005 0.0005 0.0009 0.9896 0.0028 0.0006 0.0012 0.0024 
       FDS04  6 0.0009 0.0008 0.0005 0.0005 0.0009 0.9899 0.0025 0.0006 0.0011 0.0023 
       FDS05  6 0.0008 0.0008 0.0005 0.0005 0.0009 0.9898 0.0025 0.0006 0.0011 0.0024 
       FDS06  6 0.0008 0.0008 0.0005 0.0005 0.0009 0.9899 0.0025 0.0006 0.0011 0.0024 
       FDS07  6 0.0009 0.0008 0.0005 0.0005 0.0009 0.9898 0.0025 0.0006 0.0011 0.0024 
       FDS08  6 0.0009 0.0008 0.0005 0.0005 0.0009 0.9898 0.0025 0.0006 0.0011 0.0023 
       FDS09  6 0.0009 0.0008 0.0005 0.0005 0.0009 0.9898 0.0026 0.0006 0.0011 0.0024 
       FDS10  6 0.0009 0.0008 0.0005 0.0005 0.0009 0.9898 0.0026 0.0006 0.0011 0.0024 
       FDS11  6 0.0009 0.0008 0.0005 0.0005 0.0009 0.9898 0.0026 0.0006 0.0011 0.0024 
       FDS12  6 0.0009 0.0008 0.0005 0.0005 0.0009 0.9895 0.0028 0.0006 0.0012 0.0023 
       FDS13  6 0.0009 0.0009 0.0005 0.0005 0.0009 0.9898 0.0025 0.0006 0.0011 0.0024 
       FDS14  6 0.0009 0.0008 0.0005 0.0005 0.0009 0.9898 0.0025 0.0006 0.0011 0.0024 
       FDS15  6 0.0008 0.0008 0.0005 0.0005 0.0009 0.9898 0.0025 0.0006 0.0011 0.0024 
       FDS16  6 0.0009 0.0008 0.0005 0.0005 0.0009 0.9898 0.0026 0.0006 0.0011 0.0024 
       FDS17  6 0.0009 0.0008 0.0005 0.0005 0.0009 0.9898 0.0026 0.0006 0.0011 0.0023 
       FDS18  6 0.0008 0.0009 0.0005 0.0005 0.0009 0.9896 0.0027 0.0006 0.0012 0.0024 
       EPP01  6 0.0009 0.0009 0.0005 0.0005 0.0012 0.0010 0.0028 0.0006 0.0011 0.9905 
       EPP02  6 0.0009 0.0008 0.0005 0.0005 0.0012 0.0010 0.0028 0.0006 0.0011 0.9905 
       EPP03  6 0.0011 0.0008 0.0005 0.0005 0.0013 0.0010 0.0031 0.0006 0.0011 0.9900 
       EPP04  6 0.0009 0.0008 0.0005 0.0005 0.0011 0.0010 0.0028 0.0006 0.0011 0.9906 
       EPP05  6 0.0010 0.0008 0.0005 0.0005 0.0012 0.0011 0.0030 0.0006 0.0011 0.9903 
       EPP06  6 0.0009 0.0008 0.0005 0.0005 0.0012 0.0010 0.0028 0.0006 0.0011 0.9905 
       EPP07  6 0.0009 0.0008 0.0005 0.0005 0.0012 0.0010 0.0028 0.0006 0.0011 0.9906 
       EPP08  6 0.0010 0.0009 0.0005 0.0005 0.0012 0.0010 0.0028 0.0006 0.0011 0.9906 
       EPP09  6 0.0009 0.0008 0.0005 0.0005 0.0012 0.0010 0.0028 0.0006 0.0011 0.9906 
       EPP10  6 0.0009 0.0008 0.0005 0.0005 0.0012 0.0011 0.0028 0.0006 0.0011 0.9905 
       EPP11  6 0.0010 0.0008 0.0005 0.0005 0.0075 0.0010 0.0407 0.0006 0.0022 0.9452 
       EPP12  6 0.0009 0.0008 0.0005 0.0005 0.0012 0.0010 0.0029 0.0006 0.0011 0.9905 
       EPP13  6 0.0009 0.0008 0.0005 0.0005 0.0012 0.0010 0.0028 0.0006 0.0011 0.9906 
       EPP14  6 0.0009 0.0009 0.0005 0.0005 0.0012 0.0010 0.0028 0.0006 0.0011 0.9905 
       EPP15  6 0.0009 0.0009 0.0021 0.0005 0.0012 0.0009 0.0028 0.0006 0.0014 0.9886 
       EPP16  6 0.0010 0.0008 0.0005 0.0005 0.0012 0.0011 0.0028 0.0006 0.0011 0.9905 
       EPP17  6 0.0009 0.0008 0.0005 0.0005 0.0012 0.0011 0.0028 0.0006 0.0011 0.9905 
       EPP18  6 0.0009 0.0008 0.0005 0.0005 0.0012 0.0010 0.0028 0.0006 0.0011 0.9906 
       EPP19  6 0.0010 0.0008 0.0005 0.0005 0.0012 0.0010 0.0030 0.0006 0.0011 0.9903 
       EPP20  6 0.0010 0.0008 0.0005 0.0005 0.0012 0.0010 0.0032 0.0006 0.0011 0.9901 
       EPP21  6 0.0009 0.0008 0.0005 0.0005 0.0050 0.0533 0.0082 0.0006 0.0013 0.9289 
       EPP22  6 0.0010 0.0008 0.0005 0.0005 0.0012 0.0010 0.0028 0.0006 0.0011 0.9905 
       EPP23  6 0.0009 0.0009 0.0005 0.0005 0.0681 0.0010 0.0234 0.0006 0.0021 0.9020 
       EPP24  6 0.0009 0.0008 0.0005 0.0005 0.0012 0.0010 0.0028 0.0006 0.0011 0.9906 
       EPP25  6 0.0009 0.0008 0.0005 0.0005 0.0012 0.0010 0.0030 0.0006 0.0012 0.9902 
       EPP26  6 0.0009 0.0008 0.0005 0.0005 0.0012 0.0010 0.0030 0.0006 0.0011 0.9904 
       EPP27  6 0.0011 0.0008 0.0005 0.0005 0.0013 0.0010 0.0031 0.0006 0.0011 0.9901 
       EPP28  6 0.0010 0.0008 0.0005 0.0005 0.0012 0.0010 0.0028 0.0006 0.0011 0.9905 
       EPP29  6 0.0009 0.0008 0.0005 0.0005 0.0011 0.0010 0.0028 0.0006 0.0011 0.9905 
       EPP30  6 0.0009 0.0008 0.0005 0.0005 0.0012 0.0010 0.0028 0.0006 0.0011 0.9906 
       EPP31  6 0.0011 0.0008 0.0005 0.0005 0.0013 0.0010 0.0031 0.0006 0.0011 0.9901 
       EPP32  6 0.0009 0.0008 0.0005 0.0005 0.0012 0.0010 0.0029 0.0006 0.0011 0.9905 
       EPP33  6 0.0009 0.0008 0.0005 0.0005 0.0012 0.0010 0.0029 0.0006 0.0011 0.9904 
       EPP34  6 0.0010 0.0008 0.0005 0.0005 0.0012 0.0010 0.0030 0.0006 0.0011 0.9903 
       EPP35  6 0.0011 0.0010 0.0017 0.0005 0.0012 0.0009 0.0146 0.0006 0.0047 0.9736 
       EPP36  6 0.0009 0.0008 0.0005 0.0005 0.0012 0.0010 0.0028 0.0006 0.0011 0.9906 
       EPP37  6 0.0073 0.0033 0.0005 0.0085 0.0012 0.0011 0.0105 0.0006 0.0012 0.9659 
       EPP38  6 0.0011 0.0008 0.0005 0.0005 0.0013 0.0010 0.0030 0.0006 0.0011 0.9901 
       EPP39  6 0.0009 0.0008 0.0005 0.0005 0.0012 0.0010 0.0029 0.0006 0.0011 0.9905 
       EPP40  6 0.0009 0.0008 0.0005 0.0005 0.0012 0.0010 0.0028 0.0006 0.0011 0.9905 
       EPP41  6 0.0009 0.0008 0.0005 0.0005 0.0012 0.0011 0.0029 0.0006 0.0011 0.9904 
       EPP42  6 0.0009 0.0009 0.0005 0.0005 0.0012 0.0010 0.0029 0.0006 0.0011 0.9905 
       EPP43  6 0.0009 0.0008 0.0005 0.0005 0.0012 0.0010 0.0028 0.0006 0.0011 0.9906 
        ES68  6 0.0113 0.0021 0.0008 0.0105 0.0012 0.2743 0.0612 0.0006 0.0263 0.6118 
       ENW44  6 0.0009 0.0008 0.0005 0.0005 0.0012 0.0010 0.0027 0.0006 0.0011 0.9906 
       ENW45  6 0.0009 0.0008 0.0005 0.0005 0.0012 0.0010 0.0028 0.0006 0.0011 0.9905 
       ENW46  6 0.0009 0.0008 0.0005 0.0005 0.0012 0.0010 0.0028 0.0006 0.0011 0.9905 
       ENW48  6 0.0009 0.0008 0.0005 0.0005 0.0012 0.0010 0.0028 0.0006 0.0011 0.9905 
       ENW49  6 0.0009 0.0008 0.0005 0.0005 0.0012 0.0011 0.0028 0.0006 0.0011 0.9904 
       ENW50  6 0.0009 0.0008 0.0005 0.0005 0.0012 0.0010 0.0028 0.0006 0.0011 0.9906 
       ENW51  6 0.0010 0.0010 0.0006 0.0008 0.0011 0.0028 0.0033 0.0007 0.0014 0.9872 
       ENW52  6 0.0009 0.0008 0.0005 0.0005 0.0012 0.0010 0.0028 0.0006 0.0011 0.9905 
       ENW53  6 0.0010 0.0010 0.0006 0.0009 0.0011 0.0027 0.0033 0.0007 0.0014 0.9874 
       ENW54  6 0.0010 0.0010 0.0006 0.0008 0.0011 0.0027 0.0034 0.0007 0.0014 0.9874 
       ENW55  6 0.0010 0.0010 0.0006 0.0008 0.0011 0.0027 0.0033 0.0007 0.0014 0.9874 
       ENW56  6 0.0010 0.0010 0.0006 0.0008 0.0011 0.0027 0.0033 0.0007 0.0014 0.9873 
       ENW57  6 0.0010 0.0010 0.0006 0.0008 0.0011 0.0027 0.0034 0.0007 0.0014 0.9874 
       ENE58  6 0.0015 0.0010 0.0022 0.0188 0.0029 0.0038 0.0043 0.0007 0.0015 0.9633 
       ENE59  6 0.0010 0.0010 0.0006 0.0008 0.0011 0.0027 0.0033 0.0007 0.0014 0.9873 
       ENE60  6 0.0010 0.0010 0.0006 0.0008 0.0011 0.0028 0.0033 0.0007 0.0014 0.9874 
       ENE61  6 0.0014 0.0010 0.0022 0.0191 0.0028 0.0035 0.0043 0.0007 0.0015 0.9635 
       ENE62  6 0.0010 0.0010 0.0006 0.0009 0.0011 0.0029 0.0034 0.0007 0.0015 0.9870 
       ENE63  6 0.0009 0.0010 0.0006 0.0008 0.0011 0.0028 0.0034 0.0007 0.0014 0.9873 
       ENE64  6 0.0015 0.0010 0.0021 0.0193 0.0028 0.0036 0.0041 0.0007 0.0015 0.9634 
       ENE65  6 0.0010 0.0009 0.0006 0.0008 0.0011 0.0028 0.0033 0.0007 0.0014 0.9874 
       ENE66  6 0.0010 0.0010 0.0006 0.0008 0.0011 0.0027 0.0034 0.0007 0.0014 0.9874 
       ENE67  6 0.0010 0.0010 0.0006 0.0008 0.0011 0.0029 0.0034 0.0007 0.0014 0.9872 
         CC1  7 0.0125 0.0048 0.0009 0.0009 0.0033 0.1414 0.0129 0.0013 0.0032 0.8188 
        CC10  7 0.0032 0.0029 0.0008 0.0009 0.0030 0.1703 0.0113 0.0013 0.0026 0.8037 
        CC11  7 0.0511 0.0009 0.0122 0.0006 0.0051 0.1622 0.0138 0.0006 0.0028 0.7506 
        CC12  7 0.0155 0.0013 0.0006 0.0007 0.0016 0.2109 0.1434 0.0006 0.0039 0.6215 
        CC13  7 0.0120 0.0054 0.0008 0.0009 0.0033 0.1403 0.0124 0.0013 0.0032 0.8202 
        CC14  7 0.0125 0.0054 0.0009 0.0009 0.0032 0.1411 0.0121 0.0014 0.0032 0.8191 
        CC15  7 0.0111 0.0279 0.0009 0.0009 0.0030 0.1131 0.0321 0.0013 0.0142 0.7957 
        CC16  7 0.1871 0.0009 0.0005 0.0006 0.0012 0.0481 0.0145 0.0006 0.0020 0.7446 
        CC17  7 0.0037 0.0040 0.0009 0.0009 0.0036 0.1682 0.0126 0.0013 0.0029 0.8021 
         CC2  7 0.0121 0.0052 0.0009 0.0009 0.0034 0.1407 0.0129 0.0013 0.0033 0.8193 
         CC3  7 0.0090 0.0047 0.0009 0.0009 0.0022 0.1419 0.0131 0.0014 0.0030 0.8229 
         CC4  7 0.0071 0.0108 0.0017 0.0035 0.0030 0.0024 0.4643 0.0006 0.1084 0.3981 
         CC5  7 0.0060 0.0009 0.0004 0.0006 0.0011 0.1690 0.0050 0.0006 0.0015 0.8149 
         CC6  7 0.0072 0.0009 0.0004 0.0006 0.0012 0.1681 0.0056 0.0006 0.0016 0.8137 
         CC7  7 0.0062 0.0009 0.0004 0.0006 0.0011 0.1690 0.0049 0.0006 0.0015 0.8149 
         CC8  7 0.0062 0.0009 0.0004 0.0006 0.0011 0.1685 0.0050 0.0006 0.0015 0.8152 
         CC9  7 0.0077 0.0009 0.0004 0.0007 0.0011 0.1688 0.0052 0.0006 0.0015 0.8131 
       BUN01  8 0.0543 0.0015 0.0006 0.0028 0.0116 0.0011 0.9018 0.0006 0.0023 0.0235 
       BUN02  8 0.1044 0.0015 0.0016 0.0106 0.0040 0.0083 0.8492 0.0007 0.0032 0.0164 
       BUN03  8 0.0010 0.0014 0.0006 0.0006 0.0532 0.0035 0.9319 0.0010 0.0033 0.0035 
       BUN04  8 0.0014 0.0019 0.0026 0.0015 0.0038 0.0014 0.8415 0.0011 0.0021 0.1427 
       BUN05  8 0.0087 0.0501 0.0013 0.0016 0.4131 0.0072 0.5108 0.0008 0.0019 0.0046 
       BUN06  8 0.0038 0.0013 0.0007 0.0008 0.0974 0.0019 0.8526 0.0008 0.0064 0.0343 
       BUN07  8 0.0013 0.0011 0.0005 0.0007 0.0535 0.0009 0.9339 0.0008 0.0033 0.0041 
       SOB01  8 0.0018 0.0023 0.0007 0.0011 0.0017 0.0013 0.9821 0.0007 0.0015 0.0067 
       SOB02  8 0.0021 0.0020 0.0007 0.0080 0.0085 0.0169 0.8706 0.0013 0.0866 0.0033 
       SOB03  8 0.0023 0.0021 0.0017 0.0031 0.0094 0.0141 0.9530 0.0018 0.0016 0.0108 
       SOB04  8 0.0040 0.0069 0.0030 0.0022 0.0017 0.0017 0.8916 0.0021 0.0838 0.0031 
       SOB05  8 0.0025 0.0016 0.0006 0.0009 0.0032 0.0015 0.8207 0.0008 0.0018 0.1664 
       SOB06  8 0.0964 0.0122 0.0006 0.0005 0.0092 0.0195 0.8519 0.0008 0.0058 0.0031 
       SOB07  8 0.1795 0.0016 0.0013 0.0005 0.0060 0.0069 0.7504 0.0006 0.0091 0.0440 
       SOB08  8 0.0121 0.0023 0.0008 0.0044 0.0023 0.0015 0.9538 0.0017 0.0018 0.0192 
       SOB09  8 0.0019 0.0394 0.0011 0.0038 0.0019 0.0235 0.8749 0.0168 0.0309 0.0058 
       SOB10  8 0.0067 0.0014 0.0007 0.0008 0.0022 0.0109 0.9684 0.0007 0.0016 0.0067 
       SOB11  8 0.0024 0.0013 0.0006 0.0017 0.0662 0.0050 0.7586 0.0013 0.1593 0.0036 
       OSR01  8 0.0018 0.0021 0.0043 0.0059 0.0022 0.0024 0.7525 0.0023 0.1030 0.1235 
       OSR02  8 0.3527 0.0013 0.0005 0.0011 0.0045 0.0010 0.6278 0.0006 0.0029 0.0074 
       OSR03  8 0.3517 0.0013 0.0005 0.0011 0.0046 0.0010 0.6289 0.0006 0.0030 0.0073 
       OSR04  8 0.2587 0.0014 0.0047 0.0006 0.0663 0.0028 0.6147 0.0006 0.0029 0.0471 
       OSR05  8 0.3519 0.0013 0.0005 0.0011 0.0042 0.0010 0.6292 0.0006 0.0029 0.0073 
       OSR06  8 0.0011 0.0013 0.0028 0.0009 0.0023 0.0019 0.9700 0.0006 0.0163 0.0028 
       OSR07  8 0.0045 0.0026 0.0005 0.0009 0.0076 0.0016 0.8039 0.0128 0.0036 0.1620 
       OSR08  8 0.0045 0.0026 0.0005 0.0009 0.0072 0.0018 0.8039 0.0127 0.0036 0.1623 
       OSR09  8 0.0015 0.0018 0.0031 0.0006 0.0035 0.0526 0.8618 0.0006 0.0205 0.0540 
      Lion01  8 0.0022 0.0011 0.0093 0.0006 0.1142 0.0061 0.7922 0.0207 0.0060 0.0475 
      Lion02  8 0.0274 0.0011 0.0009 0.0018 0.0063 0.0019 0.9527 0.0016 0.0028 0.0036 
      Lion03  8 0.0662 0.0014 0.0008 0.0005 0.1291 0.0012 0.7943 0.0009 0.0025 0.0031 
      Lion04  8 0.0017 0.0020 0.0008 0.0015 0.0084 0.0023 0.9672 0.0012 0.0027 0.0121 
      Lion05  8 0.0025 0.0053 0.0085 0.0036 0.0015 0.0093 0.9572 0.0019 0.0061 0.0040 
      Lion06  8 0.0025 0.0057 0.0084 0.0033 0.0015 0.0096 0.9568 0.0020 0.0064 0.0039 
        TW01  8 0.0017 0.0013 0.0010 0.0005 0.0116 0.0026 0.9748 0.0006 0.0021 0.0037 
        TW02  8 0.0124 0.0213 0.0008 0.0070 0.0173 0.0131 0.9206 0.0006 0.0020 0.0049 
        TW03  8 0.0017 0.0014 0.0010 0.0005 0.0119 0.0027 0.9746 0.0005 0.0021 0.0036 
        TW04  8 0.0017 0.0014 0.0010 0.0005 0.0120 0.0027 0.9742 0.0006 0.0021 0.0038 
        CF01  8 0.0028 0.0012 0.0007 0.0011 0.0030 0.0019 0.9630 0.0008 0.0021 0.0234 
        CF02  8 0.4058 0.0020 0.0026 0.0015 0.0065 0.0009 0.5687 0.0006 0.0020 0.0094 
        CF03  8 0.0029 0.0011 0.0007 0.0011 0.0029 0.0018 0.9637 0.0008 0.0021 0.0229 
        CF04  8 0.0026 0.0090 0.0016 0.0018 0.0723 0.0017 0.8531 0.0011 0.0070 0.0498 
        CF05  8 0.0026 0.0018 0.0007 0.0010 0.0019 0.0016 0.9784 0.0010 0.0028 0.0081 
        CF06  8 0.0024 0.0019 0.0007 0.0012 0.0020 0.0015 0.9780 0.0010 0.0030 0.0083 
        CF07  8 0.0011 0.0158 0.0126 0.0166 0.0030 0.0012 0.9339 0.0083 0.0052 0.0023 
        CF08  8 0.0026 0.0018 0.0007 0.0011 0.0019 0.0016 0.9783 0.0010 0.0031 0.0079 
        CF09  8 0.0028 0.0011 0.0006 0.0012 0.0031 0.0019 0.9643 0.0008 0.0020 0.0221 
        CF10  8 0.0025 0.0019 0.0006 0.0007 0.0017 0.0011 0.9812 0.0010 0.0023 0.0069 
        CF11  8 0.0229 0.0020 0.0421 0.0005 0.0032 0.0029 0.7653 0.0006 0.0046 0.1558 
        CF12  8 0.0028 0.0012 0.0007 0.0011 0.0029 0.0019 0.9635 0.0008 0.0020 0.0231 
        CF13  8 0.0026 0.0018 0.0007 0.0011 0.0020 0.0016 0.9788 0.0010 0.0028 0.0077 
        CF14  8 0.0027 0.0089 0.0015 0.0019 0.0708 0.0017 0.8542 0.0012 0.0072 0.0500 
        CF15  8 0.0014 0.0052 0.0015 0.0019 0.0035 0.0017 0.9670 0.0011 0.0041 0.0126 
        CF16  8 0.0028 0.0011 0.0007 0.0011 0.0028 0.0019 0.9650 0.0008 0.0020 0.0219 
        CF17  8 0.0034 0.0012 0.0007 0.0012 0.0035 0.0016 0.9698 0.0007 0.0022 0.0157 
        CF18  8 0.0026 0.0091 0.0015 0.0018 0.0717 0.0017 0.8527 0.0011 0.0071 0.0506 
        CF19  8 0.0037 0.0152 0.0064 0.0037 0.0022 0.0040 0.9363 0.0040 0.0186 0.0059 
        CF20  8 0.0026 0.0018 0.0007 0.0011 0.0020 0.0015 0.9784 0.0010 0.0030 0.0081 
        CF21  8 0.0026 0.0018 0.0007 0.0010 0.0021 0.0016 0.9782 0.0010 0.0029 0.0080 
        CF22  8 0.0025 0.0018 0.0007 0.0011 0.0020 0.0015 0.9783 0.0010 0.0029 0.0081 
        CF23  8 0.0025 0.0018 0.0007 0.0011 0.0020 0.0016 0.9781 0.0010 0.0030 0.0082 
        CF24  8 0.0029 0.0011 0.0007 0.0012 0.0028 0.0020 0.9638 0.0008 0.0020 0.0227 
        CF25  8 0.0029 0.0012 0.0007 0.0011 0.0030 0.0019 0.9652 0.0008 0.0020 0.0214 
        CF26  8 0.4058 0.0021 0.0025 0.0015 0.0069 0.0009 0.5683 0.0006 0.0021 0.0092 
        CF27  8 0.0026 0.0018 0.0007 0.0011 0.0021 0.0015 0.9781 0.0010 0.0029 0.0082 
        CF28  8 0.0014 0.0050 0.0038 0.0019 0.0050 0.0018 0.9644 0.0011 0.0044 0.0113 
        CF29  8 0.0026 0.0012 0.0006 0.0012 0.0031 0.0019 0.9643 0.0008 0.0020 0.0222 
        CF30  8 0.0018 0.0020 0.0008 0.0015 0.0081 0.0022 0.9682 0.0012 0.0027 0.0115 
        CF31  8 0.0029 0.0011 0.0007 0.0011 0.0029 0.0019 0.9640 0.0008 0.0020 0.0225 
        CF32  8 0.0096 0.0011 0.0015 0.0010 0.0031 0.0013 0.9741 0.0006 0.0021 0.0056 
        CF33  8 0.0021 0.0018 0.0007 0.0010 0.0020 0.0014 0.9026 0.0010 0.0792 0.0082 
        CF34  8 0.0025 0.0018 0.0007 0.0011 0.0020 0.0016 0.9788 0.0010 0.0030 0.0076 
        CF35  8 0.0014 0.0050 0.0016 0.0018 0.0037 0.0017 0.9672 0.0011 0.0042 0.0123 
        CF36  8 0.0017 0.0014 0.0006 0.0006 0.0017 0.0022 0.9859 0.0006 0.0019 0.0033 
        BP01  8 0.0071 0.0024 0.0008 0.0010 0.0023 0.0152 0.9566 0.0009 0.0021 0.0116 
        BP02  8 0.0012 0.0019 0.0011 0.0007 0.1521 0.0015 0.8342 0.0009 0.0021 0.0044 
        BP03  8 0.0024 0.0016 0.0005 0.0043 0.0020 0.0013 0.9818 0.0006 0.0017 0.0037 
        BP04  8 0.0032 0.0016 0.0008 0.0016 0.0078 0.0034 0.9580 0.0007 0.0016 0.0215 
        BP06  8 0.0030 0.0014 0.0007 0.0018 0.0018 0.0020 0.9730 0.0009 0.0019 0.0135 
        BP07  8 0.0036 0.0104 0.0414 0.0010 0.0020 0.0051 0.9247 0.0008 0.0058 0.0053 
        BP08  8 0.0031 0.0013 0.0009 0.0014 0.0023 0.0025 0.9473 0.0009 0.0018 0.0386 
        BP09  8 0.0087 0.0017 0.0015 0.1138 0.0028 0.0021 0.8613 0.0011 0.0038 0.0033 
        BP10  8 0.0011 0.0017 0.0007 0.0010 0.0017 0.0053 0.9824 0.0008 0.0018 0.0034 
        BP11  8 0.0015 0.0015 0.0005 0.0009 0.0016 0.0011 0.9880 0.0007 0.0014 0.0028 
        BP12  8 0.1040 0.0015 0.0007 0.0008 0.0016 0.0016 0.8809 0.0007 0.0023 0.0059 
        BP14  8 0.0024 0.0033 0.0058 0.0017 0.0106 0.0034 0.9180 0.0014 0.0038 0.0496 
        BP16  8 0.0013 0.0012 0.0005 0.0011 0.0018 0.0026 0.9857 0.0011 0.0015 0.0031 
        BP17  8 0.0022 0.0027 0.0007 0.0015 0.0013 0.0081 0.9780 0.0007 0.0015 0.0033 
        BP18  8 0.0011 0.0018 0.0007 0.0010 0.0017 0.0049 0.9826 0.0008 0.0018 0.0035 
        BP19  8 0.0016 0.0022 0.0008 0.0008 0.0011 0.0019 0.9848 0.0012 0.0023 0.0034 
        BP20  8 0.0011 0.0017 0.0007 0.0010 0.0017 0.0050 0.9827 0.0008 0.0019 0.0034 
   BP2007-01  8 0.0016 0.0016 0.0005 0.0008 0.0016 0.0011 0.9878 0.0007 0.0014 0.0029 
   BP2007-02  8 0.0021 0.0012 0.0006 0.0005 0.0013 0.0012 0.9872 0.0010 0.0014 0.0034 
   BP2007-03  8 0.0105 0.0011 0.0084 0.0007 0.2715 0.0018 0.6997 0.0009 0.0018 0.0036 
   BP2007-04  8 0.0012 0.0020 0.0008 0.0007 0.0013 0.0015 0.9856 0.0012 0.0023 0.0035 
   BP2007-05  8 0.0201 0.0012 0.0020 0.0005 0.0019 0.0082 0.7991 0.0005 0.1639 0.0025 
   BP2007-06  8 0.0106 0.0012 0.0006 0.0015 0.0042 0.0190 0.9434 0.0010 0.0022 0.0162 
   BP2007-07  8 0.0025 0.0018 0.0005 0.0045 0.0020 0.0014 0.9813 0.0007 0.0017 0.0038 
   BP2007-08  8 0.0098 0.0027 0.0416 0.0013 0.0059 0.0077 0.9117 0.0117 0.0032 0.0044 
   BP2007-09  8 0.0092 0.0028 0.0420 0.0013 0.0056 0.0078 0.9128 0.0111 0.0031 0.0044 
   BP2007-10  8 0.0025 0.0016 0.0005 0.0044 0.0019 0.0013 0.9815 0.0007 0.0017 0.0039 
   BP2007-11  8 0.0016 0.0015 0.0006 0.0018 0.0020 0.0011 0.9866 0.0007 0.0014 0.0026 
   BP2007-12  8 0.0098 0.0015 0.0007 0.0007 0.0102 0.0037 0.9672 0.0011 0.0014 0.0037 
   BP2007-13  8 0.0091 0.0028 0.0424 0.0014 0.0061 0.0074 0.9120 0.0113 0.0030 0.0045 
   BP2007-14  8 0.0030 0.0504 0.0752 0.0015 0.1005 0.0014 0.7163 0.0010 0.0138 0.0369 
   BP2007-15  8 0.0016 0.0012 0.0006 0.0008 0.0012 0.0012 0.9663 0.0009 0.0018 0.0245 
   BP2007-16  8 0.0025 0.0027 0.0005 0.0017 0.0226 0.0008 0.9360 0.0121 0.0029 0.0182 
   BP2007-17  8 0.0028 0.0013 0.0009 0.0014 0.0022 0.0024 0.9473 0.0009 0.0018 0.0389 
   BP2007-18  8 0.0021 0.0779 0.0214 0.0007 0.0091 0.0009 0.8669 0.0020 0.0153 0.0038 
   BP2007-19  8 0.0030 0.0016 0.0008 0.0015 0.0079 0.0033 0.9584 0.0007 0.0016 0.0212 
   BP2007-20  8 0.0031 0.0015 0.0008 0.0015 0.0081 0.0034 0.9597 0.0007 0.0015 0.0197 
   BP2007-21  8 0.0013 0.0016 0.0006 0.0007 0.0017 0.0011 0.9878 0.0007 0.0015 0.0030 
   BP2007-22  8 0.0017 0.0016 0.0006 0.0018 0.0020 0.0011 0.9863 0.0007 0.0014 0.0027 
   BP2007-23  8 0.0015 0.0015 0.0005 0.0008 0.0016 0.0011 0.9880 0.0007 0.0014 0.0029 
   BP2007-24  8 0.0091 0.0017 0.0011 0.0012 0.0023 0.0032 0.9698 0.0012 0.0029 0.0075 
   BP2007-25  8 0.0019 0.0012 0.0006 0.0005 0.0011 0.0012 0.9879 0.0010 0.0014 0.0032 
   BP2007-26  8 0.1045 0.0015 0.0006 0.0008 0.0017 0.0017 0.8804 0.0007 0.0023 0.0057 
   BP2007-27  8 0.0011 0.0018 0.0007 0.0010 0.0017 0.0051 0.9826 0.0008 0.0018 0.0034 
   BP2007-28  8 0.0017 0.0015 0.0006 0.0019 0.0020 0.0011 0.9864 0.0007 0.0015 0.0026 
   BP2007-29  8 0.0011 0.0016 0.0006 0.0010 0.0016 0.0012 0.9878 0.0007 0.0014 0.0030 
   BP2007-30  8 0.0038 0.0014 0.0008 0.0007 0.0030 0.0018 0.8306 0.0011 0.0015 0.1553 
   BP2007-31  8 0.0020 0.0012 0.0006 0.0010 0.0024 0.0012 0.9742 0.0010 0.0025 0.0141 
   BP2007-32  8 0.0014 0.0041 0.0113 0.0008 0.0461 0.0033 0.7010 0.0006 0.0545 0.1770 
   BP2007-33  8 0.0017 0.0016 0.0006 0.0018 0.0021 0.0011 0.9864 0.0007 0.0014 0.0027 
   BP2007-34  8 0.0150 0.0020 0.0011 0.0007 0.0057 0.1157 0.8453 0.0007 0.0016 0.0121 
   BP2007-35  8 0.0031 0.0015 0.0008 0.0015 0.0076 0.0034 0.9588 0.0007 0.0016 0.0210 
   BP2007-36  8 0.0019 0.0013 0.0006 0.0005 0.0011 0.0013 0.9876 0.0010 0.0014 0.0034 
   BP2007-37  8 0.0021 0.0140 0.0374 0.0006 0.0011 0.0019 0.8616 0.0086 0.0708 0.0019 
   BP2007-38  8 0.0026 0.0016 0.0005 0.0041 0.0018 0.0013 0.9821 0.0006 0.0016 0.0036 
   BP2007-39  8 0.0016 0.0012 0.0006 0.0008 0.0012 0.0012 0.9673 0.0009 0.0018 0.0235 
   BP2007-40  8 0.0039 0.0013 0.0014 0.0043 0.0029 0.0026 0.9542 0.0010 0.0018 0.0265 
        BP21  8 0.0019 0.0012 0.0006 0.0005 0.0011 0.0012 0.9878 0.0010 0.0014 0.0034 
        BP22  8 0.0088 0.0012 0.0008 0.0013 0.0045 0.0036 0.9724 0.0007 0.0020 0.0047 
        BP23  8 0.0158 0.0012 0.0005 0.0009 0.0022 0.0033 0.9624 0.0006 0.0016 0.0114 
        BP24  8 0.0106 0.0012 0.0007 0.0012 0.0093 0.0037 0.9648 0.0007 0.0017 0.0063 
        BP25  8 0.0018 0.0012 0.0006 0.0005 0.0011 0.0012 0.9878 0.0010 0.0014 0.0033 
        BP26  8 0.0018 0.0012 0.0005 0.0005 0.0011 0.0012 0.9880 0.0010 0.0014 0.0033 
        BP27  8 0.0320 0.0026 0.0441 0.0013 0.0063 0.0075 0.8880 0.0109 0.0029 0.0044 
        BP28  8 0.0086 0.0012 0.0008 0.0013 0.0045 0.0035 0.9729 0.0007 0.0019 0.0046 
        BP29  8 0.0014 0.0017 0.0005 0.0007 0.0025 0.0026 0.9854 0.0008 0.0013 0.0032 
        BP30  8 0.0020 0.0013 0.0006 0.0005 0.0011 0.0011 0.9884 0.0008 0.0014 0.0028 
      NNKB01  8 0.0015 0.0041 0.0014 0.0006 0.0015 0.0141 0.9676 0.0008 0.0040 0.0045 
      NNKB02  8 0.0021 0.0026 0.0006 0.0024 0.0022 0.0014 0.9653 0.0117 0.0022 0.0094 
      NNKN01  8 0.0472 0.0017 0.0042 0.0019 0.0024 0.0011 0.7395 0.0013 0.1970 0.0035 
         SR1  9 0.2054 0.0014 0.0008 0.0007 0.0023 0.0020 0.7786 0.0007 0.0018 0.0064 
        SR10  9 0.0016 0.0036 0.0006 0.0010 0.0046 0.0027 0.6823 0.0011 0.0335 0.2689 
        SR11  9 0.0184 0.0015 0.0005 0.0014 0.2113 0.0016 0.7538 0.0007 0.0018 0.0091 
        SR12  9 0.1992 0.0014 0.0008 0.0007 0.0023 0.0020 0.7843 0.0007 0.0019 0.0067 
        SR13  9 0.1143 0.0037 0.0007 0.0852 0.1520 0.0142 0.4824 0.0037 0.0115 0.1323 
        SR15  9 0.0016 0.0017 0.0024 0.0025 0.0065 0.0340 0.9359 0.0025 0.0048 0.0079 
        SR16  9 0.0159 0.0023 0.0005 0.0005 0.0108 0.0024 0.9572 0.0007 0.0051 0.0046 
        SR17  9 0.0080 0.0016 0.0008 0.0041 0.0144 0.0085 0.6715 0.0007 0.0036 0.2869 
        SR18  9 0.0077 0.0033 0.0005 0.0022 0.0039 0.0055 0.9624 0.0070 0.0028 0.0047 
        SR19  9 0.1638 0.0013 0.0007 0.0010 0.0342 0.0010 0.7157 0.0006 0.0751 0.0066 
         SR2  9 0.0187 0.0015 0.0004 0.0013 0.2121 0.0017 0.7526 0.0007 0.0017 0.0092 
        SR20  9 0.0019 0.0013 0.0010 0.0009 0.0451 0.0394 0.6565 0.0006 0.0027 0.2506 
        SR21  9 0.1433 0.0013 0.0008 0.0009 0.0029 0.0047 0.8344 0.0009 0.0019 0.0089 
        SR22  9 0.4788 0.0010 0.0005 0.0005 0.0023 0.0024 0.5089 0.0008 0.0020 0.0029 
        SR23  9 0.1546 0.0022 0.0015 0.0009 0.0029 0.0044 0.8185 0.0033 0.0026 0.0090 
        SR24  9 0.0058 0.0026 0.0007 0.0005 0.0261 0.0028 0.8597 0.0041 0.0067 0.0911 
        SR25  9 0.0245 0.0017 0.0005 0.0008 0.0123 0.0019 0.9338 0.0014 0.0086 0.0145 
        SR26  9 0.0280 0.0021 0.0010 0.0006 0.0162 0.0163 0.6698 0.0006 0.0629 0.2025 
        SR27  9 0.1118 0.0021 0.0005 0.0008 0.0022 0.0016 0.8702 0.0008 0.0048 0.0050 
        SR28  9 0.0024 0.0019 0.0005 0.0005 0.1340 0.0010 0.8517 0.0009 0.0038 0.0033 
        SR29  9 0.0083 0.0024 0.0007 0.0006 0.0067 0.0016 0.7382 0.0017 0.0065 0.2332 
         SR3  9 0.0182 0.0019 0.0005 0.0019 0.3694 0.0012 0.5983 0.0006 0.0019 0.0062 
        SR30  9 0.0056 0.0010 0.0005 0.0007 0.0025 0.0128 0.9594 0.0009 0.0020 0.0145 
         SR5  9 0.0380 0.0012 0.0009 0.0011 0.0364 0.0247 0.8736 0.0008 0.0023 0.0211 
         SR6  9 0.0083 0.0013 0.0006 0.0009 0.0413 0.0056 0.9245 0.0010 0.0022 0.0142 
         SR7  9 0.0052 0.0016 0.0006 0.0006 0.0019 0.0100 0.5817 0.0007 0.0030 0.3948 
         SR8  9 0.0267 0.0016 0.0005 0.0015 0.2469 0.0013 0.7128 0.0006 0.0018 0.0064 
         SR9  9 0.0069 0.0017 0.0006 0.0006 0.0021 0.0088 0.5990 0.0007 0.0030 0.3766 
       HAM01 10 0.0163 0.0012 0.0005 0.0005 0.0135 0.0026 0.9585 0.0006 0.0015 0.0047 
       HAM02 10 0.0252 0.0091 0.0007 0.0008 0.3136 0.0012 0.6260 0.0010 0.0047 0.0177 
       HAM03 10 0.0170 0.0013 0.0005 0.0005 0.0135 0.0025 0.9578 0.0006 0.0016 0.0048 
       HAM07 10 0.1315 0.0029 0.0054 0.0066 0.0056 0.0018 0.8137 0.0057 0.0048 0.0218 
       HAM08 10 0.0035 0.0012 0.0007 0.0010 0.3060 0.0013 0.6716 0.0007 0.0028 0.0112 
       HAM09 10 0.0015 0.0156 0.0032 0.0010 0.0017 0.0023 0.9362 0.0007 0.0291 0.0088 
       HAM10 10 0.0128 0.0022 0.0013 0.0006 0.0625 0.0060 0.8901 0.0110 0.0038 0.0096 
      CRWL01 10 0.0033 0.0016 0.0008 0.0006 0.0037 0.0024 0.9738 0.0015 0.0022 0.0101 
      CRWL02 10 0.0034 0.0014 0.0009 0.0006 0.0024 0.0024 0.9735 0.0010 0.0021 0.0124 
      CRWL03 10 0.0088 0.0017 0.0009 0.0009 0.0020 0.0059 0.9065 0.0006 0.0055 0.0672 
      CRWL04 10 0.0020 0.0016 0.0010 0.0031 0.0017 0.0028 0.9254 0.0012 0.0018 0.0595 
      CRWL05 10 0.0013 0.0015 0.0020 0.0007 0.0018 0.0047 0.9825 0.0011 0.0021 0.0024 
      CRWL06 10 0.0042 0.0015 0.0005 0.0010 0.0108 0.0013 0.9436 0.0013 0.0018 0.0340 
      CRWL07 10 0.0020 0.0020 0.0008 0.0006 0.0119 0.0014 0.9756 0.0013 0.0025 0.0020 
      CRWL08 10 0.0016 0.0016 0.0010 0.0018 0.0098 0.0012 0.9513 0.0010 0.0023 0.0285 
      CRWL09 10 0.0047 0.0013 0.0006 0.0006 0.0065 0.0012 0.9647 0.0006 0.0151 0.0048 
      CRWL10 10 0.0136 0.0021 0.0008 0.0012 0.1496 0.0011 0.8235 0.0009 0.0032 0.0040 
      CRWL11 10 0.0140 0.0021 0.0015 0.0012 0.0903 0.0023 0.8745 0.0027 0.0041 0.0072 
      CRWL12 10 0.0021 0.0029 0.0009 0.0015 0.0046 0.0016 0.7597 0.0007 0.0020 0.2241 
      CRWL13 10 0.0025 0.0013 0.0005 0.0021 0.0060 0.0018 0.9635 0.0006 0.0015 0.0202 
      CRWL14 10 0.0020 0.0028 0.0007 0.0012 0.0133 0.0022 0.9594 0.0012 0.0035 0.0136 
      CRWL15 10 0.0016 0.0009 0.0010 0.0005 0.0839 0.0040 0.8521 0.0006 0.0019 0.0537 
      CRWL16 10 0.0021 0.0030 0.0007 0.0011 0.1022 0.0022 0.8732 0.0014 0.0031 0.0110 
      CRWL17 10 0.0106 0.0021 0.0014 0.0013 0.0930 0.0023 0.8761 0.0026 0.0038 0.0067 
      CRWL18 10 0.0043 0.0013 0.0006 0.0005 0.0063 0.0011 0.9786 0.0006 0.0021 0.0046 
      CRWL19 10 0.0045 0.0012 0.0006 0.0005 0.0061 0.0012 0.9784 0.0006 0.0021 0.0047 
      CRWL20 10 0.0022 0.0012 0.0012 0.0007 0.0037 0.0022 0.9833 0.0008 0.0020 0.0029 
      CRWL21 10 0.0051 0.0021 0.0006 0.0008 0.2072 0.0013 0.7546 0.0007 0.0227 0.0050 
       MES01 11 0.9865 0.0009 0.0006 0.0007 0.0015 0.0010 0.0046 0.0006 0.0013 0.0024 
       MES02 11 0.9859 0.0010 0.0006 0.0006 0.0013 0.0010 0.0050 0.0006 0.0015 0.0024 
       MES03 11 0.9299 0.0009 0.0010 0.0006 0.0011 0.0189 0.0038 0.0006 0.0016 0.0416 
       MES04 11 0.9858 0.0010 0.0005 0.0006 0.0013 0.0010 0.0051 0.0006 0.0016 0.0025 
       MES05 11 0.9844 0.0011 0.0005 0.0006 0.0011 0.0011 0.0069 0.0006 0.0013 0.0024 
       MES06 11 0.9866 0.0009 0.0006 0.0007 0.0015 0.0010 0.0046 0.0006 0.0013 0.0024 
       MES07 11 0.9868 0.0009 0.0006 0.0007 0.0014 0.0009 0.0045 0.0006 0.0012 0.0024 
       MES08 11 0.9865 0.0009 0.0006 0.0007 0.0015 0.0010 0.0045 0.0006 0.0013 0.0025 
       MES09 11 0.9867 0.0009 0.0006 0.0007 0.0015 0.0010 0.0045 0.0006 0.0013 0.0024 
       MES10 11 0.9859 0.0010 0.0006 0.0006 0.0013 0.0009 0.0051 0.0006 0.0016 0.0024 
       MES11 11 0.9659 0.0010 0.0006 0.0007 0.0013 0.0009 0.0181 0.0006 0.0085 0.0024 
       MES12 11 0.9863 0.0009 0.0006 0.0007 0.0015 0.0010 0.0047 0.0006 0.0013 0.0025 
       MES13 11 0.9866 0.0009 0.0005 0.0007 0.0015 0.0010 0.0045 0.0006 0.0013 0.0024 
       MES14 11 0.9888 0.0009 0.0005 0.0006 0.0011 0.0011 0.0029 0.0006 0.0011 0.0025 
       MES15 11 0.9507 0.0038 0.0005 0.0035 0.0011 0.0011 0.0033 0.0320 0.0015 0.0025 
       MES16 11 0.9859 0.0010 0.0006 0.0007 0.0013 0.0010 0.0050 0.0006 0.0015 0.0025 
       MES17 11 0.9864 0.0009 0.0005 0.0007 0.0015 0.0010 0.0047 0.0006 0.0013 0.0025 
       MES18 11 0.9866 0.0009 0.0006 0.0007 0.0015 0.0010 0.0045 0.0006 0.0012 0.0024 
       MES19 11 0.9865 0.0009 0.0006 0.0007 0.0015 0.0010 0.0045 0.0006 0.0013 0.0024 
       MES20 11 0.9871 0.0009 0.0005 0.0005 0.0013 0.0010 0.0044 0.0006 0.0013 0.0024 
       MES21 11 0.9887 0.0009 0.0005 0.0006 0.0011 0.0011 0.0028 0.0006 0.0012 0.0026 
       MES22 11 0.9866 0.0009 0.0006 0.0007 0.0014 0.0010 0.0046 0.0006 0.0012 0.0024 
       SAX01 11 0.9881 0.0009 0.0005 0.0006 0.0012 0.0010 0.0033 0.0006 0.0012 0.0025 
       SAX02 11 0.9890 0.0009 0.0005 0.0006 0.0011 0.0010 0.0029 0.0006 0.0011 0.0024 
       SAX03 11 0.9886 0.0009 0.0006 0.0006 0.0012 0.0011 0.0030 0.0006 0.0012 0.0024 
       SAX04 11 0.8806 0.0015 0.0005 0.0005 0.0179 0.0010 0.0877 0.0006 0.0055 0.0043 
       SAX05 11 0.9860 0.0009 0.0005 0.0005 0.0012 0.0010 0.0056 0.0006 0.0013 0.0024 
       SAX06 11 0.9860 0.0009 0.0005 0.0005 0.0012 0.0010 0.0056 0.0006 0.0013 0.0024 
       SAX07 11 0.9885 0.0009 0.0005 0.0006 0.0010 0.0010 0.0035 0.0006 0.0011 0.0022 
       SAX08 11 0.9416 0.0009 0.0005 0.0006 0.0060 0.0011 0.0438 0.0006 0.0024 0.0026 
       SAX09 11 0.9890 0.0009 0.0005 0.0006 0.0011 0.0011 0.0029 0.0006 0.0012 0.0023 
       SAX10 11 0.9256 0.0009 0.0005 0.0005 0.0030 0.0010 0.0053 0.0006 0.0014 0.0611 
       SAX11 11 0.9861 0.0009 0.0005 0.0005 0.0012 0.0010 0.0055 0.0006 0.0013 0.0024 
       SAX12 11 0.9890 0.0009 0.0005 0.0006 0.0011 0.0010 0.0029 0.0006 0.0011 0.0023 
       SAX13 11 0.9896 0.0008 0.0005 0.0005 0.0010 0.0008 0.0031 0.0005 0.0011 0.0020 
       SAX14 11 0.9862 0.0009 0.0005 0.0005 0.0012 0.0010 0.0056 0.0006 0.0013 0.0024 
       SAX15 11 0.9424 0.0009 0.0005 0.0006 0.0201 0.0011 0.0246 0.0006 0.0069 0.0024 
       SAX16 11 0.9881 0.0009 0.0005 0.0006 0.0013 0.0011 0.0034 0.0006 0.0012 0.0025 
       SAX17 11 0.9886 0.0009 0.0005 0.0006 0.0010 0.0009 0.0035 0.0006 0.0011 0.0023 
       SAX18 11 0.9886 0.0009 0.0005 0.0006 0.0010 0.0010 0.0035 0.0006 0.0012 0.0023 
       SAX19 11 0.9650 0.0010 0.0004 0.0005 0.0011 0.0008 0.0192 0.0005 0.0026 0.0090 
       IRP01 11 0.9888 0.0009 0.0005 0.0006 0.0011 0.0009 0.0032 0.0006 0.0011 0.0023 
       IRP02 11 0.9887 0.0009 0.0005 0.0006 0.0012 0.0010 0.0030 0.0006 0.0011 0.0025 
       IRP03 11 0.9886 0.0009 0.0005 0.0006 0.0013 0.0010 0.0030 0.0006 0.0011 0.0025 
       IRP04 11 0.9886 0.0009 0.0005 0.0006 0.0013 0.0010 0.0029 0.0006 0.0011 0.0025 
       IRP05 11 0.9885 0.0009 0.0005 0.0006 0.0012 0.0010 0.0030 0.0006 0.0011 0.0025 
       IRP06 11 0.9888 0.0009 0.0005 0.0006 0.0011 0.0009 0.0033 0.0006 0.0011 0.0023 
       IRP07 11 0.9886 0.0009 0.0005 0.0006 0.0013 0.0009 0.0030 0.0006 0.0011 0.0025 
       IRP08 11 0.9889 0.0009 0.0005 0.0006 0.0011 0.0010 0.0031 0.0006 0.0011 0.0022 
       IRP09 11 0.9884 0.0009 0.0005 0.0006 0.0013 0.0010 0.0030 0.0006 0.0011 0.0026 
       IRP10 11 0.9888 0.0009 0.0005 0.0006 0.0011 0.0009 0.0033 0.0006 0.0011 0.0022 
       IRP11 11 0.9888 0.0009 0.0005 0.0006 0.0011 0.0009 0.0032 0.0006 0.0011 0.0022 
       IRP12 11 0.9888 0.0009 0.0005 0.0006 0.0011 0.0010 0.0033 0.0006 0.0011 0.0022 
       IRP13 11 0.9888 0.0009 0.0005 0.0006 0.0011 0.0010 0.0033 0.0006 0.0011 0.0022 
       IRP14 11 0.9885 0.0009 0.0005 0.0006 0.0012 0.0010 0.0030 0.0006 0.0011 0.0026 
       IRP15 11 0.9885 0.0009 0.0005 0.0006 0.0013 0.0010 0.0030 0.0006 0.0011 0.0026 
       IRP16 11 0.0021 0.0012 0.0011 0.0005 0.0020 0.0013 0.9770 0.0006 0.0017 0.0125 
     IRP16-2 11 0.0021 0.0012 0.0011 0.0005 0.0021 0.0012 0.9771 0.0006 0.0017 0.0124 
       IRP17 11 0.9886 0.0009 0.0005 0.0006 0.0013 0.0010 0.0030 0.0006 0.0011 0.0025 
       MRT01 11 0.9888 0.0009 0.0005 0.0007 0.0011 0.0009 0.0033 0.0006 0.0011 0.0023 
       MRT02 11 0.9885 0.0009 0.0005 0.0006 0.0011 0.0011 0.0031 0.0006 0.0011 0.0025 
       MRT03 11 0.9892 0.0008 0.0005 0.0005 0.0011 0.0009 0.0032 0.0006 0.0011 0.0021 
       MRT04 11 0.9888 0.0009 0.0005 0.0007 0.0011 0.0009 0.0033 0.0006 0.0011 0.0022 
       MRT05 11 0.9889 0.0008 0.0004 0.0007 0.0011 0.0009 0.0033 0.0005 0.0011 0.0022 
       MRT06 11 0.9892 0.0008 0.0005 0.0005 0.0011 0.0009 0.0032 0.0005 0.0011 0.0021 
       MRT07 11 0.9886 0.0009 0.0005 0.0006 0.0011 0.0011 0.0031 0.0006 0.0011 0.0024 
       MRT08 11 0.9832 0.0010 0.0005 0.0007 0.0011 0.0009 0.0085 0.0006 0.0013 0.0022 
       MRT09 11 0.9886 0.0009 0.0005 0.0006 0.0011 0.0011 0.0031 0.0006 0.0011 0.0024 
       MRT10 11 0.9887 0.0009 0.0005 0.0006 0.0011 0.0010 0.0031 0.0006 0.0011 0.0024 
       MRT11 11 0.9887 0.0009 0.0005 0.0006 0.0011 0.0011 0.0031 0.0006 0.0011 0.0024 
       MRT12 11 0.9886 0.0008 0.0005 0.0007 0.0011 0.0009 0.0034 0.0006 0.0011 0.0023 
       MRT13 11 0.9511 0.0009 0.0005 0.0006 0.0061 0.0010 0.0057 0.0006 0.0011 0.0323 
       MRT14 11 0.9887 0.0009 0.0005 0.0007 0.0011 0.0009 0.0034 0.0006 0.0011 0.0023 
       MRT15 11 0.9886 0.0008 0.0004 0.0007 0.0011 0.0009 0.0034 0.0006 0.0011 0.0023 
       MRT16 11 0.9892 0.0008 0.0004 0.0006 0.0011 0.0009 0.0032 0.0005 0.0011 0.0021 
       MRT17 11 0.9891 0.0008 0.0005 0.0005 0.0011 0.0009 0.0033 0.0005 0.0011 0.0022 
       MRT18 11 0.9883 0.0009 0.0005 0.0008 0.0011 0.0010 0.0033 0.0006 0.0011 0.0024 
       MRT19 11 0.9888 0.0008 0.0005 0.0007 0.0011 0.0009 0.0033 0.0006 0.0011 0.0023 
       MRT20 11 0.9887 0.0009 0.0005 0.0006 0.0011 0.0010 0.0031 0.0006 0.0011 0.0024 
       MRT21 11 0.9887 0.0008 0.0005 0.0007 0.0011 0.0009 0.0033 0.0006 0.0011 0.0023 
       MRT22 11 0.9888 0.0009 0.0005 0.0007 0.0011 0.0009 0.0033 0.0005 0.0011 0.0022 
       MRT23 11 0.9887 0.0009 0.0004 0.0007 0.0011 0.0009 0.0034 0.0006 0.0011 0.0023 
       MRT24 11 0.9887 0.0009 0.0005 0.0006 0.0011 0.0011 0.0031 0.0006 0.0011 0.0024 
       MRT25 11 0.9888 0.0009 0.0004 0.0007 0.0012 0.0009 0.0032 0.0006 0.0011 0.0022 
       MRT26 11 0.9887 0.0009 0.0005 0.0007 0.0011 0.0009 0.0033 0.0005 0.0011 0.0023 
       MRT27 11 0.9888 0.0008 0.0005 0.0007 0.0011 0.0009 0.0034 0.0005 0.0011 0.0022 
       MRT28 11 0.9885 0.0009 0.0005 0.0006 0.0011 0.0011 0.0031 0.0006 0.0011 0.0025 
       MRT29 11 0.9888 0.0008 0.0005 0.0007 0.0011 0.0009 0.0033 0.0005 0.0011 0.0023 
       MRT30 11 0.9891 0.0008 0.0005 0.0006 0.0011 0.0009 0.0033 0.0006 0.0011 0.0022 
       MRT31 11 0.9887 0.0008 0.0005 0.0007 0.0011 0.0009 0.0033 0.0005 0.0011 0.0022 
       MRT32 11 0.9887 0.0009 0.0005 0.0007 0.0011 0.0009 0.0033 0.0005 0.0011 0.0022 
       MRT33 11 0.9886 0.0009 0.0005 0.0006 0.0011 0.0010 0.0031 0.0006 0.0011 0.0024 
        LK01 10 0.0021 0.0025 0.0007 0.0007 0.0041 0.0007 0.9544 0.0215 0.0018 0.0115 
        LK02 10 0.0046 0.0010 0.0006 0.0007 0.0044 0.0014 0.9074 0.0006 0.0033 0.0761 
        LK05 10 0.0020 0.0012 0.0009 0.0031 0.0023 0.0012 0.9821 0.0009 0.0016 0.0047 
        LK06 10 0.0171 0.0025 0.0012 0.0007 0.0434 0.0022 0.8787 0.0006 0.0037 0.0498 
        LK07 10 0.0089 0.0032 0.0014 0.0024 0.0034 0.0012 0.9414 0.0181 0.0169 0.0030 
     LK07-01 10 0.0020 0.0012 0.0009 0.0030 0.0023 0.0012 0.9822 0.0010 0.0016 0.0046 
     LK07-02 10 0.0017 0.0027 0.0013 0.0008 0.0069 0.0029 0.9081 0.0608 0.0020 0.0129 
     LK07-03 10 0.0011 0.0014 0.0007 0.0007 0.2452 0.0068 0.7348 0.0012 0.0038 0.0042 
     LK07-04 10 0.0012 0.0012 0.0017 0.0006 0.0049 0.0008 0.9836 0.0007 0.0020 0.0033 
     LK07-05 10 0.0033 0.0021 0.0010 0.0006 0.0049 0.0013 0.9760 0.0006 0.0020 0.0082 
     LK07-06 10 0.0099 0.0018 0.0019 0.0030 0.0029 0.0018 0.9623 0.0016 0.0107 0.0040 
        LK08 10 0.0037 0.0019 0.0009 0.0005 0.0014 0.0025 0.9822 0.0006 0.0017 0.0046 
        LK09 10 0.0015 0.0012 0.0007 0.0008 0.0056 0.0009 0.9789 0.0008 0.0025 0.0072 
        LK11 10 0.0015 0.0058 0.0048 0.0006 0.0106 0.0021 0.9522 0.0007 0.0184 0.0033 
        LK12 10 0.0022 0.0011 0.0009 0.0006 0.0035 0.0032 0.9715 0.0007 0.0029 0.0136 
        LK13 10 0.0030 0.0046 0.0048 0.0012 0.0028 0.0017 0.9661 0.0042 0.0048 0.0067 
        LK14 10 0.0028 0.0027 0.0021 0.0011 0.0051 0.0027 0.9665 0.0037 0.0030 0.0103 
        LK15 10 0.0020 0.0012 0.0007 0.0006 0.0035 0.0014 0.9822 0.0007 0.0026 0.0051 
        LK16 10 0.0022 0.0021 0.0007 0.0011 0.0056 0.0028 0.9792 0.0010 0.0026 0.0026 
        LK17 10 0.0031 0.0013 0.0008 0.0006 0.0020 0.0015 0.9838 0.0006 0.0018 0.0045 
        LK18 10 0.0171 0.0014 0.0008 0.0012 0.0051 0.0012 0.9673 0.0007 0.0018 0.0035 
        LK19 10 0.0094 0.0018 0.0019 0.0031 0.0030 0.0019 0.9630 0.0017 0.0104 0.0039 
        LK20 10 0.0014 0.0014 0.0006 0.0006 0.0030 0.0014 0.9724 0.0009 0.0020 0.0165 
        LK21 10 0.0015 0.0030 0.0025 0.0021 0.0037 0.0019 0.9233 0.0049 0.0072 0.0499 
        LK22 10 0.0053 0.0012 0.0009 0.0014 0.0016 0.0010 0.9776 0.0007 0.0016 0.0087 
        LK23 10 0.0019 0.0030 0.0014 0.0014 0.0024 0.0080 0.9709 0.0051 0.0039 0.0020 
        LK24 10 0.0066 0.0018 0.0021 0.0038 0.0474 0.0009 0.8816 0.0009 0.0090 0.0459 
        LK25 10 0.0094 0.0011 0.0016 0.0010 0.0029 0.0013 0.9748 0.0006 0.0021 0.0053 
       LMC01 10 0.0030 0.0011 0.0007 0.0007 0.3555 0.0103 0.6228 0.0006 0.0021 0.0032 
       LMC02 10 0.0014 0.0010 0.0005 0.0006 0.1771 0.0110 0.8026 0.0007 0.0013 0.0037 
       LMC03 10 0.0097 0.0009 0.0005 0.0006 0.2189 0.0019 0.7607 0.0006 0.0015 0.0046 
       LMC04 10 0.0030 0.0037 0.0079 0.0020 0.0096 0.0027 0.9479 0.0012 0.0161 0.0059 
        UM01 10 0.0009 0.0193 0.0008 0.0010 0.0055 0.0133 0.6986 0.0009 0.2338 0.0258 
        UM02 10 0.0010 0.0014 0.0006 0.0008 0.0731 0.1500 0.7445 0.0009 0.0036 0.0241 
        UM03 10 0.0010 0.0016 0.0008 0.0010 0.2196 0.1275 0.6182 0.0013 0.0023 0.0267 
        UM04 10 0.0011 0.0021 0.0025 0.0016 0.1257 0.0080 0.8415 0.0012 0.0027 0.0137 
        UM05 10 0.0017 0.0020 0.0010 0.0027 0.0189 0.0029 0.8161 0.0020 0.1473 0.0054 
        UM06 10 0.0013 0.1067 0.0445 0.0026 0.0024 0.0086 0.8009 0.0020 0.0080 0.0231 
        UM07 10 0.0024 0.0064 0.0011 0.0023 0.0027 0.0300 0.8974 0.0011 0.0287 0.0280 
        UM08 10 0.0030 0.0877 0.0028 0.0009 0.0043 0.0022 0.8877 0.0041 0.0042 0.0031 
        UM09 10 0.0023 0.0247 0.0079 0.0007 0.0024 0.0042 0.7556 0.0011 0.1840 0.0172 
        UM10 10 0.0017 0.0023 0.0010 0.0025 0.0247 0.0030 0.8106 0.0020 0.1466 0.0056 
       PLT01 10 0.0103 0.0014 0.0006 0.0009 0.0030 0.0048 0.9595 0.0007 0.0018 0.0171 
       PLT02 10 0.0016 0.0301 0.0016 0.0005 0.0013 0.0014 0.9400 0.0147 0.0043 0.0045 
       PLT03 10 0.0048 0.0012 0.0007 0.0012 0.0017 0.0014 0.9834 0.0006 0.0021 0.0031 
        DC01 10 0.0025 0.0029 0.0074 0.0084 0.0027 0.0013 0.9478 0.0029 0.0208 0.0034 
        DC02 10 0.0019 0.0033 0.0053 0.0014 0.0012 0.0016 0.9495 0.0014 0.0142 0.0203 
        DC03 10 0.0018 0.0021 0.0010 0.0009 0.0068 0.0019 0.8618 0.0011 0.1181 0.0045 
        DC04 10 0.0078 0.0336 0.0150 0.0165 0.0120 0.0010 0.7933 0.0018 0.0586 0.0605 
        DC05 10 0.0086 0.0039 0.0008 0.0007 0.0786 0.0024 0.8898 0.0006 0.0122 0.0024 
        DC06 10 0.0046 0.0070 0.0122 0.0129 0.0031 0.0025 0.9361 0.0095 0.0078 0.0043 
        DC07 10 0.0028 0.0022 0.0491 0.0098 0.0080 0.0500 0.7839 0.0027 0.0358 0.0557 
        DC08 10 0.0022 0.0014 0.0013 0.0009 0.0049 0.0008 0.9813 0.0011 0.0030 0.0031 
        DC09 10 0.0036 0.0477 0.0184 0.0687 0.0016 0.0013 0.8362 0.0080 0.0119 0.0028 
        DC10 10 0.0026 0.0053 0.0069 0.0184 0.0078 0.0025 0.6915 0.0015 0.1608 0.1027 
        DC11 10 0.0019 0.0077 0.0053 0.0014 0.0013 0.0015 0.9460 0.0014 0.0137 0.0197 
        DC12 10 0.0014 0.0023 0.0112 0.0151 0.0076 0.0021 0.9390 0.0155 0.0037 0.0020 
        DC13 10 0.2109 0.0020 0.0018 0.0007 0.0016 0.0014 0.7717 0.0012 0.0067 0.0020 
        DC14 10 0.0073 0.0342 0.0145 0.0175 0.0113 0.0010 0.7941 0.0018 0.0561 0.0621 
        DC15 10 0.0019 0.0016 0.0245 0.0024 0.0057 0.0018 0.9070 0.0037 0.0041 0.0473 
        DC16 10 0.0105 0.0034 0.0154 0.0307 0.0016 0.0021 0.9136 0.0102 0.0033 0.0093 
        DC17 10 0.0019 0.0019 0.0012 0.0020 0.0062 0.0019 0.9740 0.0011 0.0030 0.0068 
        DC18 10 0.0029 0.0030 0.0006 0.0008 0.0025 0.0011 0.7627 0.0008 0.2215 0.0041 
        DC19 10 0.0281 0.0012 0.0018 0.0078 0.0179 0.0034 0.8610 0.0027 0.0036 0.0727 
        DC20 10 0.1476 0.0013 0.0013 0.0007 0.0441 0.0033 0.7902 0.0008 0.0018 0.0090 
        DC21 10 0.0009 0.0034 0.0010 0.0015 0.0024 0.0016 0.9780 0.0011 0.0067 0.0033 
        DC22 10 0.0018 0.0375 0.0024 0.0023 0.0174 0.0618 0.6239 0.0013 0.1499 0.1016 
        DC23 10 0.0019 0.0022 0.0061 0.0017 0.0030 0.0032 0.9684 0.0008 0.0028 0.0099 
        DC24 10 0.0029 0.0032 0.0006 0.0008 0.0025 0.0012 0.7645 0.0008 0.2195 0.0041 
        DC25 10 0.0017 0.0016 0.0010 0.0014 0.0650 0.0010 0.8801 0.0008 0.0174 0.0301 
        DC26 10 0.0014 0.0024 0.0122 0.0144 0.0077 0.0019 0.9389 0.0154 0.0037 0.0020 
        PC02 12 0.0020 0.0012 0.0010 0.0005 0.0019 0.0012 0.9774 0.0006 0.0017 0.0124 
        PC03 12 0.0020 0.0012 0.0010 0.0005 0.0020 0.0013 0.9779 0.0006 0.0017 0.0119 
        PC04 12 0.0021 0.0012 0.0011 0.0005 0.0020 0.0013 0.9770 0.0006 0.0017 0.0126 
        PC05 12 0.0019 0.0012 0.0010 0.0005 0.0021 0.0013 0.9774 0.0006 0.0017 0.0124 
        PC06 12 0.0020 0.0011 0.0011 0.0005 0.0020 0.0012 0.9771 0.0006 0.0017 0.0126 
        PC07 12 0.0543 0.0011 0.0005 0.0015 0.0017 0.0019 0.9341 0.0006 0.0016 0.0027 
        PC08 12 0.0021 0.0012 0.0011 0.0005 0.0020 0.0013 0.9768 0.0006 0.0017 0.0128 
        PC09 12 0.0020 0.0012 0.0011 0.0005 0.0020 0.0012 0.9771 0.0006 0.0017 0.0126 
        PC10 12 0.0019 0.0011 0.0011 0.0005 0.0026 0.0012 0.9638 0.0006 0.0017 0.0255 
        PC11 12 0.0020 0.0012 0.0011 0.0005 0.0020 0.0013 0.9770 0.0006 0.0017 0.0126 
        PC12 12 0.0020 0.0012 0.0010 0.0005 0.0021 0.0013 0.9771 0.0006 0.0017 0.0123 
        PC13 12 0.0021 0.0011 0.0011 0.0005 0.0020 0.0012 0.9771 0.0006 0.0018 0.0124 
        PC14 12 0.0021 0.0012 0.0010 0.0005 0.0020 0.0012 0.9772 0.0006 0.0017 0.0125 
        PC01 12 0.0020 0.0012 0.0011 0.0005 0.0020 0.0012 0.9772 0.0006 0.0017 0.0125 
      Nuke10 13 0.7434 0.0011 0.0005 0.0012 0.0420 0.0007 0.1561 0.0007 0.0038 0.0505 
      Nuke11 13 0.8501 0.0017 0.0006 0.0011 0.0032 0.0008 0.0213 0.0022 0.0020 0.1170 
      Nuke12 13 0.4501 0.0013 0.0018 0.0181 0.0430 0.0008 0.1738 0.0010 0.0044 0.3058 
      Nuke13 13 0.7742 0.0015 0.0008 0.0008 0.1464 0.0009 0.0659 0.0022 0.0023 0.0051 
      Nuke01 13 0.5820 0.0012 0.0010 0.0006 0.3803 0.0011 0.0214 0.0006 0.0023 0.0095 
      Nuke02 13 0.4526 0.0014 0.0017 0.0182 0.0425 0.0008 0.1710 0.0010 0.0048 0.3060 
      Nuke03 13 0.7078 0.0027 0.0010 0.0012 0.0223 0.0007 0.1435 0.0013 0.0099 0.1095 
      Nuke04 13 0.7614 0.0011 0.0007 0.0008 0.2228 0.0007 0.0062 0.0007 0.0018 0.0038 
      Nuke05 13 0.7730 0.0011 0.0005 0.0013 0.1509 0.0009 0.0406 0.0007 0.0030 0.0279 
      Nuke06 13 0.8348 0.0022 0.0005 0.0013 0.0755 0.0012 0.0640 0.0007 0.0123 0.0075 
      Nuke07 13 0.7253 0.0013 0.0008 0.0013 0.0989 0.0007 0.0855 0.0008 0.0036 0.0819 
      Nuke08 13 0.8294 0.0010 0.0006 0.0010 0.0107 0.0009 0.0131 0.0007 0.0022 0.1403 
      Nuke09 13 0.8238 0.0016 0.0006 0.0011 0.0040 0.0009 0.0233 0.0026 0.0021 0.1401 
       Rad01 13 0.7226 0.0010 0.0007 0.0011 0.0029 0.0012 0.0967 0.0008 0.0025 0.1704 
       Rad02 13 0.9172 0.0011 0.0007 0.0010 0.0409 0.0020 0.0171 0.0008 0.0031 0.0163 
       Rad03 13 0.6662 0.0010 0.0007 0.0007 0.2561 0.0009 0.0243 0.0007 0.0027 0.0466 
       Rad04 13 0.7707 0.0009 0.0007 0.0009 0.1789 0.0010 0.0114 0.0008 0.0020 0.0328 
       Rad05 13 0.7022 0.0698 0.0005 0.0012 0.1577 0.0010 0.0516 0.0007 0.0094 0.0060 
       Rad06 13 0.7029 0.0027 0.0008 0.0008 0.0281 0.0007 0.0389 0.0025 0.0039 0.2187 
       Rad07 13 0.8302 0.0011 0.0008 0.0011 0.0124 0.0009 0.0105 0.0007 0.0021 0.1402 
       Rad08 13 0.4706 0.0012 0.0108 0.0023 0.3034 0.0069 0.1538 0.0014 0.0171 0.0325 
       Rad09 13 0.7861 0.0011 0.0015 0.0006 0.1198 0.0085 0.0290 0.0005 0.0053 0.0476 
       Rad10 13 0.7749 0.0021 0.0010 0.0013 0.0921 0.0008 0.1014 0.0014 0.0065 0.0186 
       Rad11 13 0.6044 0.0011 0.0007 0.0017 0.1510 0.0009 0.0243 0.0006 0.0022 0.2132 
       Rad12 13 0.7461 0.0016 0.0017 0.0009 0.0026 0.0008 0.0416 0.0011 0.0079 0.1958 
       Rad13 13 0.7508 0.0010 0.0006 0.0011 0.0032 0.0008 0.0077 0.0007 0.0020 0.2321 
       Rad14 13 0.7705 0.0009 0.0007 0.0009 0.1783 0.0010 0.0114 0.0007 0.0019 0.0336 
       Rad15 13 0.6194 0.0013 0.0025 0.0012 0.2800 0.0090 0.0329 0.0008 0.0038 0.0491 
       Rad16 13 0.8295 0.0011 0.0006 0.0011 0.0106 0.0009 0.0130 0.0008 0.0022 0.1403 
       HTB16 14 0.0039 0.0040 0.0008 0.0030 0.0017 0.0014 0.9751 0.0007 0.0039 0.0057 
       HTB17 14 0.2021 0.0015 0.0318 0.0009 0.0013 0.0008 0.7481 0.0011 0.0049 0.0075 
       HTB18 14 0.2220 0.0022 0.0010 0.0011 0.0117 0.0864 0.6545 0.0015 0.0044 0.0152 
       HTB19 14 0.0025 0.0023 0.0008 0.0007 0.0014 0.0008 0.9846 0.0015 0.0027 0.0028 
       HTB20 14 0.1931 0.0640 0.0033 0.0011 0.0064 0.0007 0.7154 0.0015 0.0056 0.0090 
       HTB21 14 0.0050 0.0049 0.0031 0.0008 0.0017 0.0333 0.9301 0.0049 0.0112 0.0049 
       HTB22 14 0.0401 0.0018 0.0008 0.0021 0.0020 0.0012 0.9428 0.0014 0.0048 0.0032 
       HTB23 14 0.0073 0.0023 0.0007 0.0005 0.0056 0.0023 0.9713 0.0012 0.0027 0.0060 
       HTB11 14 0.0018 0.0056 0.0039 0.0012 0.0021 0.0023 0.9454 0.0067 0.0083 0.0227 
       HTB12 14 0.0033 0.0017 0.0017 0.0008 0.0020 0.0459 0.9222 0.0081 0.0042 0.0101 
       HTB13 14 0.0042 0.0018 0.0014 0.0005 0.0018 0.0457 0.9286 0.0025 0.0043 0.0093 
       HTB14 14 0.0055 0.0022 0.0007 0.0014 0.0032 0.0014 0.8940 0.0011 0.0866 0.0039 
       HTB15 14 0.0054 0.0184 0.0026 0.0008 0.0018 0.0300 0.9056 0.0043 0.0257 0.0052 
       Nel01 15 0.0010 0.0020 0.0006 0.0006 0.4286 0.0012 0.5538 0.0010 0.0045 0.0068 
       Nel02 15 0.0492 0.0044 0.0006 0.0007 0.5802 0.0036 0.1352 0.0011 0.2166 0.0085 
       Nel03 15 0.0010 0.0020 0.0006 0.0006 0.4280 0.0012 0.5547 0.0009 0.0042 0.0068 
       Nel04 15 0.0009 0.0019 0.0006 0.0006 0.4281 0.0012 0.5545 0.0009 0.0045 0.0067 
       Nel05 15 0.0015 0.0016 0.0010 0.0006 0.7719 0.0233 0.1680 0.0006 0.0023 0.0292 
       Nel06 15 0.0015 0.0016 0.0010 0.0006 0.7722 0.0235 0.1660 0.0006 0.0023 0.0307 
       Nel07 15 0.0016 0.0016 0.0010 0.0006 0.7721 0.0235 0.1660 0.0006 0.0024 0.0307 
       Nel08 15 0.0020 0.0049 0.0011 0.0034 0.4631 0.0011 0.5058 0.0075 0.0066 0.0046 
       Nel09 15 0.0015 0.0015 0.0009 0.0006 0.7727 0.0242 0.1660 0.0006 0.0025 0.0295 
       Nel10 15 0.0130 0.0044 0.0005 0.0005 0.4966 0.0042 0.4675 0.0006 0.0063 0.0066 
       Nel11 15 0.0009 0.0019 0.0006 0.0006 0.4279 0.0012 0.5548 0.0009 0.0046 0.0066 
       Nel12 15 0.0016 0.0016 0.0010 0.0006 0.7716 0.0227 0.1677 0.0006 0.0024 0.0303 
       Nel13 15 0.0014 0.0025 0.0007 0.0015 0.4642 0.0015 0.5022 0.0078 0.0069 0.0112 
       Nel14 15 0.0015 0.0015 0.0010 0.0006 0.7724 0.0232 0.1682 0.0006 0.0025 0.0286 
         EI1 16 0.0025 0.0018 0.0006 0.0006 0.0084 0.0012 0.8641 0.1153 0.0017 0.0037 
        EI10 16 0.0023 0.0055 0.0007 0.0007 0.0054 0.0011 0.9039 0.0754 0.0020 0.0030 
        EI11 16 0.0023 0.0026 0.0006 0.0007 0.0032 0.0011 0.8954 0.0892 0.0017 0.0032 
        EI12 16 0.0026 0.0016 0.0006 0.0006 0.0057 0.0013 0.8501 0.1306 0.0016 0.0053 
         EI2 16 0.0084 0.0030 0.0005 0.0045 0.0036 0.0012 0.9546 0.0163 0.0048 0.0031 
         EI3 16 0.0025 0.0015 0.0006 0.0006 0.0054 0.0013 0.8507 0.1305 0.0017 0.0052 
         EI4 16 0.0023 0.0028 0.0007 0.0007 0.0033 0.0011 0.8956 0.0888 0.0017 0.0030 
         EI5 16 0.0023 0.0018 0.0006 0.0006 0.0043 0.0014 0.8518 0.1305 0.0017 0.0051 
         EI6 16 0.0022 0.0048 0.0006 0.0007 0.0055 0.0011 0.9044 0.0755 0.0020 0.0031 
         EI7 16 0.0020 0.0098 0.0006 0.0007 0.0022 0.0012 0.8929 0.0843 0.0021 0.0043 
         EI8 16 0.0018 0.0037 0.0009 0.0008 0.0030 0.0012 0.8624 0.1201 0.0023 0.0039 
         EI9 16 0.0026 0.0017 0.0005 0.0008 0.0032 0.0012 0.9026 0.0821 0.0020 0.0035 
        OL01 17 0.0015 0.0010 0.0006 0.0008 0.9868 0.0012 0.0037 0.0006 0.0012 0.0026 
        OL02 17 0.0028 0.0012 0.0006 0.0006 0.9061 0.0008 0.0390 0.0008 0.0021 0.0459 
        OL03 17 0.0016 0.0010 0.0006 0.0009 0.9867 0.0011 0.0038 0.0006 0.0012 0.0025 
        OL04 17 0.0015 0.0009 0.0006 0.0008 0.9868 0.0012 0.0038 0.0006 0.0012 0.0025 
        OL06 17 0.0016 0.0009 0.0006 0.0008 0.9870 0.0011 0.0038 0.0006 0.0012 0.0025 
       OSP01 17 0.0015 0.0009 0.0006 0.0008 0.9869 0.0012 0.0038 0.0006 0.0012 0.0025 
       OSP02 17 0.0015 0.0010 0.0006 0.0009 0.9869 0.0011 0.0038 0.0006 0.0012 0.0024 
       OSP03 17 0.0015 0.0009 0.0006 0.0009 0.9866 0.0012 0.0039 0.0006 0.0012 0.0025 
       OSP04 17 0.0016 0.0010 0.0006 0.0009 0.9864 0.0013 0.0038 0.0006 0.0012 0.0025 
       OSP05 17 0.0016 0.0010 0.0006 0.0009 0.9868 0.0012 0.0038 0.0006 0.0012 0.0025 
       OSP06 17 0.0015 0.0009 0.0006 0.0008 0.9868 0.0011 0.0039 0.0006 0.0012 0.0025 
       OSP07 17 0.0016 0.0010 0.0006 0.0008 0.9868 0.0011 0.0038 0.0006 0.0012 0.0025 
       OSP10 17 0.0015 0.0009 0.0006 0.0009 0.9868 0.0012 0.0038 0.0006 0.0012 0.0025 
       OSP11 17 0.0015 0.0010 0.0006 0.0008 0.9868 0.0011 0.0038 0.0006 0.0012 0.0025 
       OSP12 17 0.0016 0.0009 0.0006 0.0009 0.9867 0.0012 0.0038 0.0006 0.0012 0.0025 
       OSP13 17 0.0017 0.0010 0.0006 0.0008 0.9867 0.0011 0.0038 0.0006 0.0012 0.0025 
       OSP14 17 0.0016 0.0009 0.0006 0.0008 0.9870 0.0011 0.0038 0.0006 0.0012 0.0024 
        OY02 17 0.0021 0.0013 0.0006 0.0009 0.9807 0.0010 0.0046 0.0008 0.0020 0.0059 
        OY04 17 0.0027 0.0012 0.0006 0.0007 0.9821 0.0008 0.0058 0.0008 0.0018 0.0035 
        OY05 17 0.0015 0.0043 0.0005 0.0017 0.6429 0.0008 0.3335 0.0008 0.0076 0.0065 
        OY06 17 0.0011 0.0024 0.0006 0.0017 0.6851 0.0011 0.2911 0.0009 0.0132 0.0028 
        OY07 17 0.0041 0.0027 0.0015 0.0060 0.9043 0.0069 0.0067 0.0031 0.0038 0.0609 
        OY08 17 0.0037 0.0027 0.0017 0.0060 0.9082 0.0070 0.0065 0.0030 0.0040 0.0572 
        OY10 17 0.0101 0.0052 0.0071 0.0007 0.7743 0.0015 0.1779 0.0027 0.0059 0.0147 
        OY12 17 0.0020 0.0391 0.0006 0.0005 0.8810 0.0009 0.0672 0.0008 0.0043 0.0035 
        OY15 17 0.0011 0.0022 0.0006 0.0017 0.7066 0.0010 0.2650 0.0008 0.0164 0.0047 
        OY16 17 0.0012 0.0807 0.0011 0.0007 0.3930 0.0034 0.1359 0.0011 0.3794 0.0035 
        OY20 17 0.0019 0.0074 0.0005 0.0007 0.7185 0.0009 0.2602 0.0008 0.0040 0.0050 
        OY26 17 0.0027 0.0040 0.0006 0.0005 0.9274 0.0008 0.0579 0.0008 0.0027 0.0026 
        OY27 17 0.0015 0.0019 0.0006 0.0012 0.5573 0.0034 0.4215 0.0008 0.0094 0.0024 
       RHL02 17 0.0056 0.0012 0.0005 0.0005 0.3761 0.0012 0.5510 0.0006 0.0015 0.0618 
       RHL03 17 0.0074 0.0013 0.0005 0.0006 0.3899 0.0012 0.5414 0.0006 0.0016 0.0556 
       RHL05 17 0.0075 0.0013 0.0005 0.0005 0.3902 0.0012 0.5415 0.0006 0.0017 0.0551 
       RHL06 17 0.0048 0.0012 0.0005 0.0005 0.3967 0.0012 0.5317 0.0006 0.0016 0.0612 
       RHL07 17 0.0058 0.0012 0.0005 0.0006 0.4107 0.0011 0.5339 0.0006 0.0016 0.0441 
       RHL09 17 0.0071 0.0013 0.0005 0.0006 0.3914 0.0012 0.5419 0.0006 0.0017 0.0538 
       RHL11 17 0.0060 0.0012 0.0005 0.0006 0.4104 0.0011 0.5326 0.0006 0.0016 0.0455 
       RHL12 17 0.0037 0.0012 0.0005 0.0006 0.4874 0.0012 0.4891 0.0006 0.0018 0.0140 
       RHL13 17 0.0073 0.0013 0.0005 0.0006 0.3904 0.0012 0.5415 0.0006 0.0016 0.0550 
       RHL14 17 0.0073 0.0013 0.0005 0.0005 0.3892 0.0011 0.5425 0.0006 0.0016 0.0554 
       MOON1 17 0.0054 0.0010 0.0007 0.0011 0.5686 0.0008 0.4129 0.0006 0.0041 0.0049 
       Cre01 17 0.0010 0.0009 0.0005 0.0005 0.9875 0.0008 0.0039 0.0007 0.0012 0.0030 
       Cre02 17 0.0011 0.0009 0.0005 0.0005 0.9876 0.0010 0.0039 0.0007 0.0013 0.0026 
       Cre03 17 0.0011 0.0009 0.0005 0.0005 0.9875 0.0010 0.0039 0.0007 0.0012 0.0026 
       Cre04 17 0.0011 0.0009 0.0004 0.0005 0.9877 0.0010 0.0039 0.0007 0.0012 0.0025 
       Cre05 17 0.0011 0.0009 0.0004 0.0005 0.9876 0.0010 0.0039 0.0007 0.0012 0.0026 
       Cre06 17 0.0011 0.0008 0.0005 0.0005 0.9870 0.0007 0.0038 0.0006 0.0012 0.0037 
       Cre07 17 0.0011 0.0009 0.0004 0.0005 0.9878 0.0010 0.0039 0.0007 0.0012 0.0025 
       Cre08 17 0.0029 0.0008 0.0005 0.0006 0.9849 0.0009 0.0038 0.0006 0.0012 0.0038 
       Cre09 17 0.0010 0.0008 0.0006 0.0005 0.9869 0.0007 0.0039 0.0006 0.0012 0.0037 
       Cre10 17 0.0010 0.0008 0.0004 0.0005 0.9882 0.0009 0.0040 0.0007 0.0012 0.0023 
       Cre11 17 0.0010 0.0009 0.0005 0.0005 0.9878 0.0010 0.0039 0.0007 0.0012 0.0025 
       SSN31 17 0.0030 0.0009 0.0004 0.0005 0.9854 0.0009 0.0042 0.0006 0.0013 0.0029 
       SSN32 17 0.0011 0.0008 0.0006 0.0005 0.9870 0.0007 0.0038 0.0007 0.0012 0.0036 
       SSN33 17 0.0028 0.0009 0.0005 0.0005 0.9859 0.0008 0.0039 0.0006 0.0013 0.0030 
       SSN34 17 0.0011 0.0008 0.0006 0.0005 0.9871 0.0007 0.0038 0.0006 0.0012 0.0035 
       SSN35 17 0.0011 0.0009 0.0004 0.0005 0.9877 0.0010 0.0039 0.0007 0.0012 0.0025 
       SSN36 17 0.0011 0.0009 0.0004 0.0005 0.9877 0.0010 0.0040 0.0007 0.0012 0.0025 
       SSN38 17 0.0013 0.0012 0.0005 0.0005 0.6568 0.0009 0.3126 0.0010 0.0030 0.0223 
       SSN39 17 0.0010 0.0008 0.0004 0.0005 0.9884 0.0009 0.0038 0.0006 0.0012 0.0023 
       SSN40 17 0.0483 0.0008 0.0005 0.0004 0.9282 0.0008 0.0033 0.0005 0.0044 0.0128 
       SSN41 17 0.0010 0.0009 0.0004 0.0005 0.9884 0.0009 0.0038 0.0006 0.0012 0.0023 
       BCV44 17 0.0014 0.0008 0.0005 0.0006 0.9874 0.0011 0.0031 0.0005 0.0013 0.0033 
       BCV45 17 0.0014 0.0008 0.0005 0.0006 0.9874 0.0011 0.0030 0.0005 0.0012 0.0034 
       BCV46 17 0.0014 0.0008 0.0005 0.0006 0.9876 0.0012 0.0030 0.0005 0.0013 0.0032 
       BCV47 17 0.0014 0.0008 0.0005 0.0006 0.9874 0.0012 0.0030 0.0005 0.0013 0.0034 
       BCV48 17 0.0015 0.0009 0.0005 0.0006 0.9873 0.0012 0.0031 0.0005 0.0013 0.0033 
       BCV49 17 0.0015 0.0008 0.0005 0.0005 0.9874 0.0012 0.0031 0.0005 0.0012 0.0033 
       BCV50 17 0.0015 0.0008 0.0005 0.0005 0.9874 0.0012 0.0030 0.0005 0.0013 0.0033 
       BCV51 17 0.0015 0.0008 0.0005 0.0005 0.9873 0.0012 0.0030 0.0005 0.0013 0.0033 
       BCV52 17 0.0014 0.0008 0.0005 0.0006 0.9874 0.0012 0.0030 0.0005 0.0013 0.0034 
       BCV53 17 0.0015 0.0008 0.0005 0.0005 0.9874 0.0011 0.0030 0.0005 0.0013 0.0033 
      SSBC01 17 0.0014 0.0008 0.0005 0.0006 0.9875 0.0012 0.0030 0.0005 0.0012 0.0032 
      SSBC02 17 0.0014 0.0008 0.0005 0.0006 0.9875 0.0012 0.0031 0.0005 0.0012 0.0032 
      SSBC03 17 0.0015 0.0008 0.0005 0.0005 0.9875 0.0012 0.0030 0.0005 0.0012 0.0033 
      SSBC04 17 0.0014 0.0008 0.0005 0.0006 0.9874 0.0012 0.0031 0.0005 0.0012 0.0033 
      SSBC05 17 0.0015 0.0008 0.0005 0.0006 0.9872 0.0012 0.0031 0.0005 0.0012 0.0033 
      SSBC06 17 0.0062 0.0011 0.0005 0.0005 0.9653 0.0012 0.0185 0.0005 0.0029 0.0034 
      SSBC07 17 0.0014 0.0008 0.0005 0.0005 0.9874 0.0012 0.0031 0.0005 0.0012 0.0033 
       LCV01 17 0.0009 0.0009 0.0028 0.0006 0.9829 0.0013 0.0051 0.0006 0.0014 0.0035 
       LCV02 17 0.0009 0.0009 0.0027 0.0006 0.9831 0.0012 0.0051 0.0006 0.0015 0.0034 
