        TC01  1 0.0028 0.0037 0.0037 0.0015 0.0011 0.0090 0.0038 0.0027 0.9717 
        TC02  1 0.0038 0.0014 0.0047 0.0014 0.0019 0.0023 0.0016 0.0022 0.9807 
        TC03  1 0.0036 0.0018 0.0027 0.0015 0.0013 0.0013 0.0034 0.0021 0.9824 
        TC04  1 0.0753 0.0207 0.0351 0.0016 0.0046 0.0016 0.0035 0.0014 0.8562 
        TC05  1 0.0031 0.0008 0.0081 0.0008 0.0017 0.0008 0.0018 0.0009 0.9821 
        TC06  1 0.0922 0.0024 0.0075 0.0011 0.0014 0.0011 0.0020 0.0041 0.8883 
        TC07  1 0.0045 0.0010 0.0046 0.0007 0.0026 0.0035 0.0036 0.0011 0.9783 
        TC08  1 0.0056 0.0007 0.0032 0.0009 0.0023 0.0012 0.0015 0.0009 0.9835 
        TC09  1 0.0718 0.0010 0.0032 0.0006 0.0012 0.0010 0.0026 0.0348 0.8838 
        TC10  1 0.0035 0.0008 0.0018 0.0043 0.0015 0.0025 0.0071 0.0625 0.9160 
        TC11  1 0.0019 0.0010 0.0016 0.0012 0.0013 0.0025 0.0013 0.0016 0.9875 
        TC12  1 0.0127 0.0040 0.0094 0.0041 0.0046 0.0035 0.0106 0.0014 0.9496 
        TC13  1 0.0040 0.0008 0.0019 0.0012 0.0012 0.0009 0.0012 0.0041 0.9848 
        TC14  1 0.0490 0.0039 0.0048 0.0027 0.0037 0.0018 0.0032 0.0240 0.9069 
        TC15  1 0.0397 0.0020 0.0054 0.0032 0.0026 0.0008 0.0027 0.0117 0.9319 
        TC16  1 0.1405 0.0018 0.0079 0.0012 0.0100 0.0012 0.0021 0.0304 0.8049 
        TC17  1 0.0218 0.0036 0.0312 0.0031 0.0055 0.0031 0.0085 0.0740 0.8492 
        TC18  1 0.0047 0.0261 0.0096 0.0087 0.0032 0.0021 0.0082 0.0027 0.9348 
        TC19  1 0.0039 0.0008 0.0018 0.0012 0.0012 0.0012 0.0013 0.0136 0.9750 
        TC20  1 0.0044 0.0029 0.0022 0.0007 0.0017 0.0017 0.0013 0.0045 0.9806 
        TC21  1 0.0074 0.0149 0.1492 0.0041 0.0199 0.0036 0.0016 0.0011 0.7982 
        TC22  1 0.0064 0.0012 0.0056 0.0221 0.0027 0.0018 0.0022 0.0009 0.9571 
        TC23  1 0.0035 0.0013 0.0020 0.0011 0.0017 0.0021 0.0022 0.0019 0.9844 
        TC24  1 0.0023 0.0006 0.0014 0.0006 0.0014 0.0007 0.0013 0.0030 0.9886 
        TC25  1 0.0354 0.0280 0.0039 0.0016 0.0045 0.0063 0.0050 0.0130 0.9024 
        TC26  1 0.0063 0.0008 0.0037 0.0007 0.0015 0.0008 0.0017 0.0371 0.9474 
        TC27  1 0.0057 0.0011 0.0046 0.0179 0.0021 0.0010 0.0018 0.0017 0.9641 
        TC28  1 0.0170 0.0027 0.0059 0.0012 0.0067 0.0011 0.0029 0.0032 0.9593 
        TC29  1 0.0265 0.0031 0.0075 0.0007 0.0017 0.0021 0.0052 0.0036 0.9496 
        TC30  1 0.0072 0.0009 0.0025 0.0012 0.0011 0.0011 0.0022 0.0035 0.9803 
        TC31  1 0.0028 0.0074 0.0034 0.0038 0.0022 0.0095 0.0046 0.0015 0.9647 
        TC32  1 0.0535 0.0013 0.0060 0.0044 0.0239 0.0014 0.0023 0.0055 0.9018 
        TC33  1 0.0030 0.0012 0.0027 0.0013 0.0023 0.0038 0.0028 0.0022 0.9806 
        TC34  1 0.0360 0.0010 0.0037 0.0032 0.0036 0.0011 0.0069 0.0111 0.9334 
        TC35  1 0.0169 0.0034 0.0038 0.0083 0.0026 0.0051 0.0039 0.0034 0.9527 
        TC36  1 0.0040 0.0010 0.0037 0.0015 0.0016 0.0013 0.0020 0.0026 0.9822 
        TC37  1 0.0019 0.0012 0.0028 0.0011 0.0026 0.0015 0.0019 0.0012 0.9858 
        TC38  1 0.0566 0.0168 0.0049 0.0007 0.0014 0.0022 0.0032 0.0143 0.8998 
        TC39  1 0.0558 0.0018 0.0035 0.0007 0.0014 0.0013 0.0020 0.0677 0.8658 
        TC40  1 0.0176 0.0014 0.0036 0.0016 0.0056 0.0011 0.0059 0.0081 0.9550 
        TC41  1 0.0023 0.0009 0.0023 0.0015 0.0023 0.0011 0.0046 0.0017 0.9834 
        TC42  1 0.0078 0.0007 0.0024 0.0009 0.0010 0.0009 0.0014 0.0019 0.9830 
        TC43  1 0.0059 0.0013 0.0020 0.0014 0.0020 0.0009 0.0017 0.0012 0.9837 
        TC44  1 0.0259 0.0010 0.0034 0.0030 0.0016 0.0029 0.0017 0.0088 0.9517 
        TC45  1 0.0018 0.0048 0.0030 0.0006 0.0013 0.0012 0.0013 0.0081 0.9780 
        TC46  1 0.0026 0.0036 0.0049 0.0025 0.0051 0.0010 0.0026 0.0039 0.9737 
        TC47  1 0.0093 0.0012 0.0022 0.0037 0.0021 0.0013 0.0017 0.0087 0.9698 
        TC48  1 0.0050 0.0058 0.0138 0.0032 0.0121 0.0016 0.0041 0.0060 0.9485 
        TC49  1 0.0026 0.0011 0.0046 0.0010 0.0029 0.0022 0.0012 0.0024 0.9820 
        TC50  1 0.0030 0.0021 0.0035 0.0049 0.0023 0.0015 0.0063 0.0016 0.9748 
        TC51  1 0.0229 0.0015 0.0043 0.0014 0.0020 0.0037 0.0016 0.0019 0.9607 
        TC52  1 0.0041 0.0041 0.0028 0.0007 0.0049 0.0008 0.0070 0.0028 0.9729 
        TC53  1 0.0071 0.0007 0.0037 0.0032 0.0010 0.0007 0.0061 0.0021 0.9755 
        TC54  1 0.0082 0.0018 0.0065 0.0023 0.0102 0.0016 0.0047 0.0039 0.9608 
        TC55  1 0.0084 0.0021 0.0079 0.0025 0.0031 0.0012 0.0034 0.0286 0.9427 
        TC56  1 0.0103 0.0077 0.0051 0.0022 0.0062 0.0032 0.0035 0.0013 0.9605 
        TC57  1 0.0032 0.0013 0.0068 0.0056 0.0034 0.0016 0.0033 0.0067 0.9681 
        TC58  1 0.0035 0.0011 0.0037 0.0013 0.0017 0.0065 0.0012 0.0092 0.9717 
        TC59  1 0.0028 0.0006 0.0021 0.0011 0.0011 0.0012 0.0017 0.0016 0.9879 
        TA01  2 0.0094 0.0008 0.0026 0.0014 0.0010 0.0013 0.0023 0.0089 0.9723 
        TA02  2 0.0033 0.0010 0.0028 0.0008 0.0028 0.0008 0.0025 0.0017 0.9842 
        TA03  2 0.0075 0.0011 0.0032 0.0054 0.0022 0.0013 0.0030 0.0035 0.9728 
        TA04  2 0.4593 0.0008 0.0022 0.0018 0.0014 0.0010 0.0027 0.0021 0.5287 
        TA05  2 0.0030 0.0014 0.0032 0.0013 0.0015 0.0013 0.0019 0.0016 0.9847 
        TA06  2 0.0072 0.0008 0.0014 0.0009 0.0014 0.0017 0.0015 0.0064 0.9787 
        TA07  2 0.0163 0.0010 0.0068 0.0011 0.0018 0.0027 0.0032 0.0044 0.9628 
        TA08  2 0.0167 0.0016 0.0016 0.0152 0.0012 0.0009 0.0016 0.0037 0.9574 
        TA09  2 0.0069 0.0006 0.0018 0.0009 0.0013 0.0009 0.0022 0.0029 0.9826 
        TA10  2 0.0062 0.0010 0.0054 0.0009 0.0019 0.0637 0.0018 0.0043 0.9149 
        TA11  2 0.0087 0.0027 0.0047 0.0041 0.0053 0.0363 0.0021 0.0753 0.8608 
        TA12  2 0.0029 0.0009 0.0190 0.0008 0.0034 0.0272 0.0026 0.0023 0.9410 
        TA13  2 0.0408 0.0011 0.0852 0.0010 0.0083 0.0199 0.0034 0.0013 0.8389 
        TA14  2 0.0087 0.0006 0.0020 0.0007 0.0016 0.0007 0.0020 0.0035 0.9802 
        TA15  2 0.0072 0.0006 0.0028 0.0007 0.0014 0.0012 0.0014 0.0013 0.9835 
        TA16  2 0.0269 0.0008 0.0066 0.0011 0.0013 0.0218 0.0016 0.0056 0.9342 
        TA17  2 0.0042 0.0008 0.0044 0.0023 0.0022 0.0014 0.0032 0.0016 0.9799 
        TA18  2 0.0031 0.0007 0.0022 0.0122 0.0021 0.0042 0.0180 0.0010 0.9566 
        TA19  2 0.0166 0.0008 0.0036 0.0743 0.0026 0.0027 0.0031 0.0021 0.8940 
        TA20  2 0.0032 0.0013 0.0060 0.0012 0.0076 0.0011 0.0023 0.0061 0.9713 
        TA21  2 0.0100 0.0013 0.0047 0.0013 0.0032 0.0014 0.0029 0.0411 0.9342 
        TA22  2 0.0089 0.0008 0.0022 0.0008 0.0032 0.0007 0.0020 0.0014 0.9799 
        TA23  2 0.0157 0.0007 0.0017 0.0009 0.0015 0.0010 0.0015 0.0020 0.9750 
        TA24  2 0.0036 0.0009 0.0064 0.0033 0.0013 0.0010 0.0033 0.0013 0.9790 
        TA25  2 0.0052 0.0008 0.0038 0.0008 0.0014 0.1814 0.0017 0.0019 0.8030 
        TA26  2 0.0188 0.0028 0.0036 0.0015 0.0016 0.0035 0.0015 0.0542 0.9125 
        TA27  2 0.0046 0.0007 0.0062 0.0017 0.0014 0.0014 0.0030 0.0020 0.9790 
        TA28  2 0.0052 0.0052 0.0060 0.0015 0.0063 0.0009 0.0145 0.0041 0.9562 
        TA29  2 0.0102 0.0008 0.0028 0.0034 0.0014 0.0014 0.0016 0.0019 0.9765 
        TA30  2 0.1021 0.0013 0.0057 0.0073 0.0050 0.0016 0.0020 0.1504 0.7247 
      BERM01  3 0.9889 0.0006 0.0017 0.0008 0.0010 0.0009 0.0015 0.0022 0.0023 
      BERM02  3 0.9860 0.0008 0.0018 0.0007 0.0011 0.0008 0.0014 0.0035 0.0039 
      BERM03  3 0.9858 0.0008 0.0028 0.0010 0.0013 0.0012 0.0012 0.0039 0.0021 
      BERM04  3 0.9834 0.0010 0.0019 0.0014 0.0011 0.0015 0.0011 0.0070 0.0016 
      BERM05  3 0.9845 0.0014 0.0026 0.0012 0.0014 0.0017 0.0029 0.0025 0.0017 
      BERM06  3 0.9598 0.0011 0.0020 0.0012 0.0012 0.0007 0.0014 0.0302 0.0024 
      BERM07  3 0.9850 0.0008 0.0019 0.0014 0.0014 0.0014 0.0011 0.0035 0.0035 
      BERM08  3 0.9906 0.0010 0.0013 0.0008 0.0010 0.0008 0.0009 0.0012 0.0025 
      BERM09  3 0.9877 0.0005 0.0015 0.0008 0.0010 0.0009 0.0012 0.0019 0.0045 
      BERM10  3 0.9574 0.0019 0.0053 0.0042 0.0012 0.0009 0.0016 0.0217 0.0058 
      BERM11  3 0.9873 0.0011 0.0015 0.0007 0.0015 0.0012 0.0010 0.0028 0.0028 
      BERM12  3 0.9325 0.0170 0.0014 0.0008 0.0012 0.0300 0.0080 0.0033 0.0057 
      BERM13  3 0.9883 0.0007 0.0020 0.0011 0.0024 0.0011 0.0010 0.0010 0.0025 
      BERM14  3 0.9482 0.0007 0.0017 0.0009 0.0009 0.0012 0.0026 0.0388 0.0050 
      CROC01  3 0.9438 0.0013 0.0061 0.0059 0.0182 0.0016 0.0184 0.0017 0.0031 
      CROC02  3 0.9674 0.0027 0.0052 0.0008 0.0054 0.0023 0.0029 0.0097 0.0036 
      CROC03  3 0.9780 0.0027 0.0024 0.0019 0.0020 0.0014 0.0021 0.0063 0.0032 
      CROC04  3 0.8205 0.0007 0.0058 0.0010 0.0012 0.0013 0.0044 0.0014 0.1639 
      CROC05  3 0.9788 0.0009 0.0037 0.0007 0.0010 0.0015 0.0013 0.0104 0.0018 
      CROC06  3 0.9064 0.0019 0.0091 0.0012 0.0241 0.0312 0.0037 0.0074 0.0149 
      CROC07  3 0.9843 0.0009 0.0020 0.0009 0.0013 0.0009 0.0023 0.0031 0.0042 
      CROC08  3 0.9448 0.0029 0.0029 0.0017 0.0134 0.0020 0.0263 0.0029 0.0030 
      CROC09  3 0.9808 0.0011 0.0028 0.0008 0.0017 0.0008 0.0029 0.0072 0.0018 
      CROC10  3 0.9894 0.0010 0.0017 0.0009 0.0008 0.0011 0.0012 0.0020 0.0018 
      CROC11  3 0.9804 0.0011 0.0027 0.0008 0.0019 0.0008 0.0030 0.0074 0.0018 
     CROC110  3 0.9542 0.0007 0.0254 0.0013 0.0022 0.0009 0.0022 0.0072 0.0060 
     CROC116  3 0.9176 0.0033 0.0062 0.0018 0.0018 0.0012 0.0328 0.0279 0.0074 
      CROC12  3 0.9833 0.0008 0.0038 0.0008 0.0017 0.0009 0.0011 0.0037 0.0039 
     CROC123  3 0.9845 0.0009 0.0015 0.0006 0.0009 0.0006 0.0010 0.0073 0.0027 
      CROC13  3 0.9725 0.0036 0.0022 0.0011 0.0011 0.0018 0.0012 0.0142 0.0022 
      CROC14  3 0.8736 0.0011 0.0070 0.0005 0.0024 0.0896 0.0012 0.0205 0.0041 
      CROC15  3 0.8530 0.0077 0.0317 0.0015 0.0383 0.0083 0.0490 0.0025 0.0080 
      CROC16  3 0.9623 0.0096 0.0045 0.0010 0.0016 0.0013 0.0046 0.0133 0.0017 
      CROC17  3 0.8619 0.0009 0.0032 0.0007 0.0011 0.0008 0.0009 0.0019 0.1287 
      CROC18  3 0.9460 0.0127 0.0062 0.0013 0.0170 0.0009 0.0044 0.0038 0.0077 
      CROC19  3 0.9732 0.0012 0.0066 0.0036 0.0021 0.0016 0.0028 0.0012 0.0077 
     CROC198  3 0.9696 0.0009 0.0023 0.0020 0.0011 0.0018 0.0014 0.0187 0.0021 
      CROC20  3 0.9805 0.0015 0.0036 0.0014 0.0036 0.0013 0.0025 0.0037 0.0019 
     CROC202  3 0.9668 0.0082 0.0021 0.0016 0.0018 0.0020 0.0022 0.0121 0.0032 
      CROC21  3 0.9864 0.0011 0.0029 0.0010 0.0015 0.0012 0.0012 0.0017 0.0030 
     CROC216  3 0.9567 0.0017 0.0053 0.0011 0.0068 0.0011 0.0143 0.0016 0.0115 
      CROC22  3 0.8979 0.0012 0.0154 0.0009 0.0012 0.0459 0.0013 0.0296 0.0065 
      CROC23  3 0.9808 0.0011 0.0022 0.0011 0.0013 0.0009 0.0015 0.0012 0.0101 
      CROC24  3 0.9683 0.0027 0.0027 0.0007 0.0013 0.0010 0.0021 0.0179 0.0031 
      CROC25  3 0.9850 0.0007 0.0016 0.0009 0.0011 0.0013 0.0013 0.0056 0.0025 
     CROC259  3 0.9289 0.0015 0.0032 0.0012 0.0011 0.0085 0.0016 0.0022 0.0518 
      CROC26  3 0.8759 0.0012 0.0018 0.0023 0.0013 0.0019 0.0022 0.0031 0.1102 
      CROC27  3 0.9684 0.0011 0.0036 0.0015 0.0034 0.0013 0.0036 0.0058 0.0112 
      CROC28  3 0.8636 0.0007 0.0019 0.0007 0.0008 0.0010 0.0021 0.1081 0.0211 
      CROC29  3 0.9834 0.0011 0.0030 0.0010 0.0022 0.0009 0.0025 0.0028 0.0032 
      CROC30  3 0.9706 0.0017 0.0086 0.0010 0.0036 0.0015 0.0038 0.0030 0.0063 
      CROC31  3 0.9607 0.0010 0.0073 0.0010 0.0020 0.0013 0.0074 0.0073 0.0121 
      CROC32  3 0.9557 0.0008 0.0026 0.0008 0.0011 0.0017 0.0012 0.0335 0.0027 
      CROC33  3 0.9526 0.0010 0.0053 0.0013 0.0264 0.0006 0.0030 0.0014 0.0084 
      CROC34  3 0.9849 0.0010 0.0021 0.0015 0.0017 0.0017 0.0022 0.0014 0.0037 
      CROC35  3 0.9604 0.0016 0.0136 0.0005 0.0008 0.0007 0.0009 0.0017 0.0197 
      CROC36  3 0.9868 0.0010 0.0016 0.0008 0.0008 0.0011 0.0012 0.0051 0.0017 
      CROC57  3 0.9858 0.0010 0.0022 0.0009 0.0015 0.0025 0.0021 0.0021 0.0018 
      CROC81  3 0.9675 0.0097 0.0030 0.0010 0.0032 0.0014 0.0056 0.0061 0.0025 
      CROC84  3 0.9752 0.0061 0.0013 0.0005 0.0007 0.0050 0.0035 0.0028 0.0048 
        FW01  3 0.0015 0.0007 0.0013 0.0006 0.0009 0.0008 0.0010 0.9919 0.0013 
        FW02  3 0.9924 0.0005 0.0012 0.0007 0.0008 0.0008 0.0009 0.0014 0.0014 
        FW03  3 0.0013 0.0006 0.0010 0.0005 0.0007 0.0006 0.0008 0.9932 0.0011 
        FW04  3 0.9925 0.0005 0.0012 0.0006 0.0008 0.0008 0.0009 0.0014 0.0013 
        FW05  3 0.9924 0.0005 0.0012 0.0007 0.0008 0.0008 0.0009 0.0014 0.0013 
        FW06  3 0.9924 0.0005 0.0012 0.0007 0.0008 0.0008 0.0009 0.0014 0.0014 
        FW07  3 0.0013 0.0006 0.0010 0.0006 0.0007 0.0007 0.0008 0.9932 0.0011 
        FW08  3 0.9925 0.0005 0.0012 0.0007 0.0007 0.0008 0.0008 0.0014 0.0013 
        FW09  3 0.9925 0.0005 0.0012 0.0007 0.0008 0.0008 0.0008 0.0013 0.0014 
        FW10  3 0.0013 0.0006 0.0010 0.0006 0.0007 0.0006 0.0009 0.9932 0.0011 
       FW100  3 0.0015 0.0006 0.0010 0.0005 0.0007 0.0007 0.0009 0.9929 0.0012 
       FW101  3 0.0013 0.0006 0.0011 0.0005 0.0007 0.0006 0.0009 0.9931 0.0011 
       FW102  3 0.9924 0.0005 0.0012 0.0007 0.0008 0.0008 0.0008 0.0014 0.0014 
       FW103  3 0.9924 0.0005 0.0012 0.0006 0.0008 0.0008 0.0009 0.0014 0.0014 
       FW104  3 0.0015 0.0007 0.0012 0.0006 0.0009 0.0008 0.0010 0.9919 0.0012 
       FW105  3 0.0013 0.0006 0.0011 0.0006 0.0007 0.0006 0.0009 0.9931 0.0012 
       FW106  3 0.9525 0.0033 0.0082 0.0027 0.0163 0.0012 0.0064 0.0048 0.0047 
       FW107  3 0.0015 0.0008 0.0013 0.0007 0.0009 0.0008 0.0010 0.9919 0.0013 
       FW108  3 0.9924 0.0005 0.0012 0.0007 0.0007 0.0008 0.0008 0.0014 0.0014 
       FW109  3 0.0014 0.0006 0.0010 0.0005 0.0007 0.0006 0.0009 0.9931 0.0011 
        FW11  3 0.0014 0.0006 0.0010 0.0006 0.0007 0.0006 0.0009 0.9930 0.0011 
       FW110  3 0.0013 0.0006 0.0010 0.0005 0.0007 0.0007 0.0009 0.9932 0.0011 
       FW111  3 0.9924 0.0005 0.0012 0.0007 0.0008 0.0008 0.0009 0.0014 0.0014 
       FW112  3 0.0014 0.0006 0.0010 0.0005 0.0007 0.0006 0.0009 0.9930 0.0012 
       FW113  3 0.9924 0.0005 0.0012 0.0007 0.0007 0.0008 0.0008 0.0015 0.0014 
       FW114  3 0.0015 0.0006 0.0012 0.0006 0.0008 0.0006 0.0010 0.9914 0.0023 
       FW115  3 0.0013 0.0006 0.0010 0.0006 0.0007 0.0007 0.0009 0.9930 0.0011 
       FW116  3 0.9925 0.0005 0.0012 0.0006 0.0008 0.0008 0.0009 0.0014 0.0013 
        FW12  3 0.9924 0.0005 0.0012 0.0007 0.0008 0.0008 0.0009 0.0014 0.0014 
        FW13  3 0.9924 0.0005 0.0012 0.0007 0.0008 0.0008 0.0008 0.0014 0.0014 
        FW14  3 0.0015 0.0008 0.0013 0.0006 0.0009 0.0008 0.0010 0.9919 0.0012 
        FW15  3 0.0015 0.0008 0.0013 0.0006 0.0009 0.0008 0.0010 0.9919 0.0012 
        FW16  3 0.0013 0.0006 0.0010 0.0005 0.0007 0.0006 0.0009 0.9931 0.0012 
        FW17  3 0.0013 0.0006 0.0010 0.0005 0.0007 0.0006 0.0009 0.9931 0.0011 
        FW18  3 0.0014 0.0006 0.0010 0.0006 0.0007 0.0006 0.0009 0.9930 0.0012 
        FW19  3 0.9924 0.0005 0.0012 0.0007 0.0008 0.0008 0.0009 0.0014 0.0014 
        FW20  3 0.9924 0.0005 0.0012 0.0007 0.0008 0.0008 0.0009 0.0014 0.0014 
        FW21  3 0.9925 0.0005 0.0012 0.0007 0.0008 0.0008 0.0009 0.0014 0.0013 
        FW22  3 0.0014 0.0006 0.0010 0.0005 0.0007 0.0006 0.0009 0.9931 0.0011 
        FW23  3 0.9924 0.0005 0.0012 0.0007 0.0008 0.0008 0.0008 0.0014 0.0014 
        FW24  3 0.9925 0.0005 0.0012 0.0007 0.0008 0.0008 0.0008 0.0014 0.0013 
        FW25  3 0.9925 0.0005 0.0012 0.0006 0.0008 0.0008 0.0008 0.0014 0.0014 
        FW26  3 0.9924 0.0005 0.0012 0.0007 0.0008 0.0008 0.0009 0.0014 0.0014 
        FW27  3 0.0013 0.0006 0.0011 0.0005 0.0007 0.0006 0.0009 0.9932 0.0011 
        FW28  3 0.9924 0.0005 0.0012 0.0007 0.0008 0.0008 0.0009 0.0014 0.0014 
        FW29  3 0.9923 0.0005 0.0012 0.0007 0.0008 0.0008 0.0008 0.0015 0.0014 
        FW30  3 0.9518 0.0035 0.0076 0.0028 0.0168 0.0012 0.0065 0.0048 0.0051 
        FW32  3 0.0015 0.0007 0.0013 0.0006 0.0009 0.0008 0.0010 0.9920 0.0012 
        FW33  3 0.9923 0.0005 0.0012 0.0007 0.0008 0.0008 0.0009 0.0014 0.0014 
        FW34  3 0.9925 0.0005 0.0012 0.0007 0.0008 0.0008 0.0008 0.0014 0.0013 
        FW35  3 0.9924 0.0005 0.0012 0.0007 0.0008 0.0008 0.0008 0.0014 0.0014 
        FW36  3 0.9925 0.0005 0.0012 0.0007 0.0008 0.0008 0.0008 0.0013 0.0013 
        FW37  3 0.0013 0.0006 0.0010 0.0006 0.0007 0.0006 0.0009 0.9931 0.0012 
        FW51  3 0.9924 0.0005 0.0012 0.0006 0.0007 0.0008 0.0009 0.0014 0.0014 
        FW52  3 0.0013 0.0006 0.0010 0.0005 0.0007 0.0007 0.0009 0.9931 0.0011 
        FW53  3 0.9924 0.0005 0.0012 0.0007 0.0008 0.0008 0.0008 0.0014 0.0013 
        FW54  3 0.0013 0.0006 0.0011 0.0006 0.0007 0.0006 0.0009 0.9932 0.0011 
        FW55  3 0.9924 0.0005 0.0012 0.0007 0.0008 0.0008 0.0009 0.0014 0.0014 
        FW56  3 0.9924 0.0005 0.0012 0.0007 0.0008 0.0008 0.0008 0.0014 0.0014 
        FW57  3 0.9924 0.0005 0.0012 0.0007 0.0008 0.0008 0.0008 0.0014 0.0013 
        FW78  3 0.9924 0.0005 0.0012 0.0007 0.0008 0.0008 0.0008 0.0014 0.0014 
        FW79  3 0.9924 0.0005 0.0012 0.0007 0.0008 0.0008 0.0008 0.0013 0.0014 
        FW80  3 0.9924 0.0005 0.0012 0.0006 0.0008 0.0008 0.0009 0.0014 0.0014 
        FW81  3 0.0013 0.0006 0.0010 0.0006 0.0007 0.0006 0.0009 0.9932 0.0011 
        FW82  3 0.0013 0.0006 0.0010 0.0006 0.0007 0.0006 0.0009 0.9931 0.0011 
        FW83  3 0.0015 0.0008 0.0013 0.0006 0.0009 0.0008 0.0010 0.9919 0.0012 
        FW84  3 0.9924 0.0005 0.0012 0.0006 0.0008 0.0008 0.0008 0.0014 0.0014 
        FW85  3 0.0018 0.0075 0.0037 0.0006 0.0007 0.0007 0.0120 0.9677 0.0054 
        FW86  3 0.0014 0.0006 0.0011 0.0005 0.0007 0.0006 0.0009 0.9930 0.0012 
        FW87  3 0.0014 0.0006 0.0010 0.0006 0.0007 0.0007 0.0009 0.9930 0.0012 
        FW88  3 0.9925 0.0005 0.0012 0.0006 0.0008 0.0008 0.0008 0.0014 0.0014 
        FW89  3 0.9925 0.0005 0.0012 0.0007 0.0008 0.0008 0.0009 0.0014 0.0014 
        FW90  3 0.9925 0.0005 0.0012 0.0007 0.0008 0.0008 0.0008 0.0014 0.0013 
        FW91  3 0.0013 0.0006 0.0010 0.0005 0.0007 0.0006 0.0009 0.9932 0.0012 
        FW92  3 0.9924 0.0005 0.0012 0.0007 0.0008 0.0008 0.0009 0.0014 0.0014 
        FW93  3 0.9924 0.0005 0.0012 0.0007 0.0008 0.0008 0.0008 0.0014 0.0014 
        FW94  3 0.0013 0.0006 0.0010 0.0006 0.0007 0.0006 0.0009 0.9932 0.0011 
        FW95  3 0.9925 0.0005 0.0012 0.0007 0.0008 0.0008 0.0009 0.0013 0.0014 
        FW96  3 0.9924 0.0005 0.0012 0.0007 0.0008 0.0008 0.0009 0.0014 0.0013 
        FW97  3 0.9625 0.0022 0.0040 0.0050 0.0042 0.0083 0.0031 0.0078 0.0028 
        FW98  3 0.0013 0.0006 0.0010 0.0005 0.0007 0.0007 0.0009 0.9932 0.0011 
        FW99  3 0.9925 0.0005 0.0012 0.0007 0.0008 0.0008 0.0008 0.0014 0.0013 
       Cal01  3 0.9856 0.0010 0.0024 0.0008 0.0013 0.0012 0.0038 0.0014 0.0025 
       Cal02  3 0.9819 0.0012 0.0034 0.0012 0.0016 0.0010 0.0018 0.0049 0.0029 
       Cal03  3 0.8903 0.0009 0.0020 0.0006 0.0011 0.0006 0.0033 0.0989 0.0022 
       Cal04  3 0.9610 0.0021 0.0066 0.0126 0.0025 0.0012 0.0026 0.0053 0.0061 
       Cal05  3 0.9806 0.0008 0.0012 0.0008 0.0008 0.0006 0.0010 0.0064 0.0079 
       Cal06  3 0.9794 0.0009 0.0038 0.0007 0.0017 0.0017 0.0016 0.0014 0.0087 
       Cal07  3 0.9667 0.0006 0.0014 0.0006 0.0008 0.0008 0.0010 0.0017 0.0265 
       Cal08  3 0.9576 0.0016 0.0035 0.0019 0.0012 0.0025 0.0025 0.0260 0.0032 
       Cal09  3 0.9445 0.0025 0.0044 0.0010 0.0012 0.0009 0.0009 0.0030 0.0416 
       Cal10  3 0.9720 0.0014 0.0057 0.0014 0.0033 0.0008 0.0028 0.0085 0.0040 
       Cal11  3 0.9700 0.0009 0.0020 0.0013 0.0013 0.0119 0.0014 0.0069 0.0043 
      Cal197  3 0.9881 0.0006 0.0025 0.0005 0.0024 0.0007 0.0008 0.0013 0.0030 
      Cal198  3 0.7631 0.0007 0.0031 0.0014 0.0313 0.0006 0.0059 0.0803 0.1137 
      Cal199  3 0.9803 0.0013 0.0017 0.0037 0.0010 0.0010 0.0056 0.0040 0.0015 
      Cal200  3 0.9798 0.0008 0.0019 0.0005 0.0009 0.0014 0.0021 0.0100 0.0025 
      Cal201  3 0.9854 0.0006 0.0023 0.0006 0.0008 0.0011 0.0012 0.0047 0.0032 
      Cal202  3 0.9380 0.0074 0.0120 0.0041 0.0021 0.0009 0.0282 0.0032 0.0041 
      Cal203  3 0.9661 0.0010 0.0021 0.0014 0.0016 0.0024 0.0020 0.0214 0.0019 
      Cal204  3 0.9852 0.0013 0.0021 0.0011 0.0012 0.0014 0.0042 0.0009 0.0026 
      Cal205  3 0.9847 0.0008 0.0023 0.0011 0.0011 0.0006 0.0029 0.0036 0.0029 
      Cal206  3 0.9851 0.0017 0.0027 0.0009 0.0015 0.0010 0.0014 0.0038 0.0018 
      Cal207  3 0.9739 0.0007 0.0019 0.0005 0.0016 0.0008 0.0163 0.0010 0.0033 
      Cal208  3 0.9765 0.0010 0.0025 0.0010 0.0027 0.0011 0.0012 0.0116 0.0023 
      Cal209  3 0.9882 0.0009 0.0017 0.0009 0.0010 0.0009 0.0011 0.0036 0.0017 
      Cal210  3 0.9801 0.0013 0.0017 0.0036 0.0010 0.0010 0.0057 0.0041 0.0014 
      Cal211  3 0.9902 0.0006 0.0017 0.0008 0.0009 0.0009 0.0016 0.0013 0.0021 
      Cal212  3 0.9833 0.0008 0.0018 0.0011 0.0011 0.0008 0.0036 0.0057 0.0019 
      Cal213  3 0.7833 0.0009 0.0098 0.0009 0.0562 0.0006 0.0145 0.0635 0.0702 
      Cal214  3 0.9265 0.0014 0.0124 0.0460 0.0041 0.0011 0.0014 0.0048 0.0023 
      Cal215  3 0.9717 0.0036 0.0040 0.0054 0.0021 0.0018 0.0029 0.0059 0.0026 
      Cal216  3 0.9822 0.0010 0.0020 0.0006 0.0011 0.0012 0.0037 0.0040 0.0042 
      Cal217  3 0.9884 0.0006 0.0018 0.0007 0.0008 0.0010 0.0012 0.0025 0.0032 
      Cal218  3 0.9844 0.0007 0.0016 0.0010 0.0009 0.0008 0.0018 0.0069 0.0019 
      Cal219  3 0.9837 0.0009 0.0028 0.0010 0.0013 0.0010 0.0013 0.0057 0.0023 
      Cal220  3 0.9819 0.0006 0.0023 0.0019 0.0054 0.0014 0.0018 0.0022 0.0024 
      Cal221  3 0.9842 0.0008 0.0018 0.0006 0.0013 0.0007 0.0014 0.0070 0.0021 
      Cal222  3 0.9838 0.0010 0.0017 0.0020 0.0011 0.0010 0.0019 0.0052 0.0024 
      Cal223  3 0.8401 0.0008 0.0074 0.0022 0.0030 0.0016 0.0092 0.0171 0.1185 
      Cal224  3 0.8666 0.0105 0.0024 0.0010 0.0607 0.0036 0.0495 0.0014 0.0043 
       Cal33  3 0.9831 0.0008 0.0039 0.0010 0.0011 0.0008 0.0015 0.0051 0.0027 
       Cal34  3 0.9681 0.0015 0.0034 0.0035 0.0040 0.0009 0.0012 0.0065 0.0109 
       Cal35  3 0.9865 0.0010 0.0023 0.0007 0.0009 0.0007 0.0026 0.0021 0.0032 
       Cal37  3 0.9584 0.0011 0.0212 0.0008 0.0011 0.0007 0.0027 0.0025 0.0115 
       Cal38  3 0.9914 0.0005 0.0015 0.0008 0.0008 0.0008 0.0011 0.0011 0.0021 
       Cal39  3 0.9614 0.0020 0.0015 0.0010 0.0010 0.0010 0.0012 0.0280 0.0029 
       Cal40  3 0.9884 0.0009 0.0017 0.0009 0.0010 0.0009 0.0010 0.0035 0.0017 
       Cal41  3 0.9873 0.0009 0.0016 0.0010 0.0010 0.0010 0.0010 0.0036 0.0025 
       Cal42  3 0.9877 0.0011 0.0024 0.0012 0.0011 0.0015 0.0015 0.0019 0.0016 
       Cal43  3 0.9840 0.0007 0.0025 0.0011 0.0017 0.0010 0.0014 0.0050 0.0025 
       Cal44  3 0.9681 0.0009 0.0021 0.0015 0.0131 0.0015 0.0046 0.0062 0.0020 
        BW41  3 0.9487 0.0338 0.0033 0.0016 0.0045 0.0011 0.0024 0.0017 0.0028 
        BW42  3 0.9574 0.0008 0.0077 0.0010 0.0024 0.0013 0.0012 0.0232 0.0050 
        BW44  3 0.9833 0.0006 0.0020 0.0007 0.0015 0.0014 0.0014 0.0032 0.0058 
        BW45  3 0.9911 0.0005 0.0013 0.0006 0.0008 0.0008 0.0009 0.0018 0.0023 
        BW46  3 0.9836 0.0009 0.0028 0.0008 0.0013 0.0009 0.0023 0.0053 0.0020 
        BW47  3 0.9306 0.0198 0.0030 0.0010 0.0217 0.0007 0.0064 0.0023 0.0146 
        BW48  3 0.9561 0.0034 0.0052 0.0024 0.0032 0.0016 0.0027 0.0213 0.0041 
        BW49  3 0.9742 0.0007 0.0027 0.0007 0.0009 0.0015 0.0016 0.0012 0.0165 
        BW50  3 0.9834 0.0010 0.0021 0.0009 0.0011 0.0009 0.0012 0.0072 0.0022 
        BW51  3 0.9691 0.0006 0.0017 0.0009 0.0010 0.0008 0.0010 0.0063 0.0186 
        BW52  3 0.9786 0.0008 0.0021 0.0011 0.0013 0.0057 0.0010 0.0065 0.0029 
        BW53  3 0.9570 0.0011 0.0095 0.0007 0.0109 0.0008 0.0100 0.0026 0.0073 
        BW54  3 0.8731 0.0046 0.0035 0.0163 0.0513 0.0013 0.0237 0.0150 0.0112 
        BW55  3 0.9837 0.0009 0.0019 0.0010 0.0013 0.0024 0.0023 0.0041 0.0024 
        BW56  3 0.9869 0.0025 0.0019 0.0008 0.0013 0.0010 0.0013 0.0012 0.0031 
        BW57  3 0.9735 0.0008 0.0055 0.0013 0.0017 0.0008 0.0048 0.0038 0.0077 
        BW58  3 0.9649 0.0010 0.0043 0.0008 0.0032 0.0008 0.0017 0.0125 0.0109 
        BW59  3 0.9829 0.0009 0.0027 0.0007 0.0014 0.0007 0.0012 0.0069 0.0027 
        BW60  3 0.9649 0.0010 0.0018 0.0008 0.0009 0.0011 0.0022 0.0239 0.0033 
        BW61  3 0.8816 0.0816 0.0183 0.0008 0.0013 0.0018 0.0014 0.0085 0.0048 
        BW62  3 0.9726 0.0019 0.0026 0.0008 0.0024 0.0009 0.0074 0.0077 0.0037 
        BW63  3 0.8474 0.0014 0.0075 0.0009 0.0060 0.0009 0.0688 0.0363 0.0308 
        BW64  3 0.9851 0.0007 0.0019 0.0007 0.0013 0.0009 0.0012 0.0058 0.0025 
        BW65  3 0.9559 0.0052 0.0070 0.0030 0.0153 0.0017 0.0049 0.0023 0.0046 
        BW66  3 0.9711 0.0011 0.0018 0.0014 0.0011 0.0049 0.0015 0.0115 0.0056 
        BW67  3 0.9906 0.0006 0.0013 0.0006 0.0008 0.0009 0.0010 0.0021 0.0020 
        BW68  3 0.9758 0.0031 0.0051 0.0010 0.0030 0.0008 0.0033 0.0030 0.0048 
        BW69  3 0.9334 0.0495 0.0021 0.0013 0.0013 0.0014 0.0013 0.0074 0.0023 
        BW70  3 0.9836 0.0007 0.0020 0.0015 0.0014 0.0010 0.0016 0.0054 0.0028 
        BW71  3 0.9916 0.0006 0.0014 0.0006 0.0008 0.0009 0.0008 0.0010 0.0022 
        BW72  3 0.9727 0.0040 0.0058 0.0013 0.0043 0.0015 0.0051 0.0027 0.0025 
        BW73  3 0.9150 0.0182 0.0311 0.0015 0.0013 0.0213 0.0014 0.0012 0.0091 
        BW74  3 0.9736 0.0011 0.0039 0.0018 0.0012 0.0008 0.0014 0.0105 0.0056 
        BW75  3 0.9410 0.0008 0.0165 0.0008 0.0052 0.0135 0.0013 0.0015 0.0193 
        BW76  3 0.9805 0.0037 0.0025 0.0017 0.0016 0.0014 0.0050 0.0015 0.0022 
        BW77  3 0.9715 0.0022 0.0060 0.0006 0.0083 0.0013 0.0012 0.0031 0.0057 
        BW78  3 0.9662 0.0010 0.0017 0.0025 0.0011 0.0012 0.0019 0.0122 0.0122 
        BW79  3 0.9731 0.0009 0.0047 0.0011 0.0023 0.0009 0.0040 0.0045 0.0085 
        BW80  3 0.9729 0.0008 0.0033 0.0007 0.0034 0.0010 0.0019 0.0135 0.0025 
        BW81  3 0.9263 0.0010 0.0042 0.0006 0.0026 0.0009 0.0020 0.0506 0.0120 
       BWS05  3 0.9328 0.0214 0.0087 0.0036 0.0089 0.0027 0.0035 0.0126 0.0058 
       BWS06  3 0.7935 0.0009 0.0020 0.0048 0.0016 0.0015 0.0021 0.1911 0.0026 
       BWS07  3 0.9487 0.0007 0.0349 0.0009 0.0008 0.0006 0.0016 0.0019 0.0100 
       BWS08  3 0.9657 0.0058 0.0036 0.0018 0.0023 0.0040 0.0075 0.0011 0.0081 
       BWS09  3 0.9898 0.0007 0.0015 0.0007 0.0012 0.0008 0.0014 0.0020 0.0020 
       BWS10  3 0.9589 0.0012 0.0024 0.0013 0.0013 0.0010 0.0254 0.0043 0.0041 
       BWS11  3 0.9895 0.0007 0.0025 0.0008 0.0010 0.0010 0.0014 0.0009 0.0021 
       BWS12  3 0.9775 0.0008 0.0031 0.0008 0.0029 0.0024 0.0014 0.0069 0.0042 
       BWS13  3 0.7908 0.0006 0.0025 0.0011 0.0052 0.0013 0.0037 0.1926 0.0022 
       BWS14  3 0.7794 0.0010 0.0033 0.0011 0.0014 0.0007 0.0014 0.2085 0.0032 
       BWS15  3 0.9814 0.0014 0.0034 0.0020 0.0016 0.0025 0.0034 0.0008 0.0035 
       BWS16  3 0.8746 0.0011 0.0021 0.0010 0.0024 0.0009 0.0013 0.0055 0.1111 
       BWS17  3 0.9812 0.0031 0.0028 0.0011 0.0015 0.0014 0.0036 0.0021 0.0031 
       BWS18  3 0.9260 0.0009 0.0058 0.0150 0.0257 0.0008 0.0152 0.0038 0.0068 
       BWS19  3 0.9369 0.0101 0.0265 0.0076 0.0020 0.0009 0.0066 0.0044 0.0051 
       BWS20  3 0.9673 0.0007 0.0017 0.0006 0.0009 0.0011 0.0014 0.0025 0.0237 
       BWS21  3 0.8784 0.0016 0.0156 0.0040 0.0240 0.0022 0.0526 0.0142 0.0075 
       BWS22  3 0.9853 0.0009 0.0023 0.0010 0.0018 0.0009 0.0035 0.0024 0.0019 
       BWS23  3 0.9324 0.0012 0.0043 0.0028 0.0468 0.0008 0.0034 0.0036 0.0046 
       BWS24  3 0.9603 0.0012 0.0227 0.0015 0.0010 0.0017 0.0043 0.0012 0.0061 
       BWS25  3 0.9737 0.0030 0.0138 0.0010 0.0009 0.0009 0.0012 0.0035 0.0021 
       BWS26  3 0.9772 0.0012 0.0036 0.0008 0.0014 0.0020 0.0015 0.0084 0.0039 
       BWS27  3 0.9752 0.0006 0.0048 0.0008 0.0009 0.0008 0.0011 0.0042 0.0116 
       BWS28  3 0.8364 0.0023 0.0087 0.0016 0.0039 0.0008 0.0057 0.1363 0.0042 
       BWS29  3 0.9489 0.0036 0.0035 0.0013 0.0023 0.0025 0.0043 0.0281 0.0054 
       BWS30  3 0.9872 0.0010 0.0020 0.0006 0.0031 0.0009 0.0010 0.0017 0.0025 
       BWS31  3 0.9821 0.0023 0.0025 0.0010 0.0014 0.0007 0.0014 0.0020 0.0066 
       BWS32  3 0.9406 0.0010 0.0063 0.0036 0.0009 0.0014 0.0043 0.0278 0.0142 
       BWS33  3 0.9610 0.0037 0.0064 0.0018 0.0070 0.0014 0.0121 0.0040 0.0026 
       BWS34  3 0.9279 0.0016 0.0033 0.0010 0.0032 0.0024 0.0067 0.0500 0.0040 
       BWS35  3 0.9403 0.0014 0.0036 0.0038 0.0067 0.0014 0.0021 0.0334 0.0073 
       BWS36  3 0.9834 0.0011 0.0017 0.0010 0.0009 0.0020 0.0010 0.0068 0.0021 
       BWS37  3 0.9789 0.0044 0.0023 0.0010 0.0012 0.0009 0.0025 0.0042 0.0047 
       BWS38  3 0.9828 0.0009 0.0020 0.0009 0.0012 0.0014 0.0016 0.0051 0.0041 
       BWS39  3 0.9900 0.0007 0.0013 0.0008 0.0009 0.0009 0.0013 0.0015 0.0025 
       BWS40  3 0.9832 0.0011 0.0018 0.0021 0.0012 0.0023 0.0014 0.0046 0.0023 
       BWN01  3 0.9704 0.0019 0.0020 0.0011 0.0014 0.0014 0.0019 0.0089 0.0110 
       BWN02  3 0.9117 0.0010 0.0019 0.0008 0.0014 0.0007 0.0011 0.0024 0.0791 
       BWN03  3 0.9424 0.0064 0.0060 0.0024 0.0324 0.0028 0.0033 0.0013 0.0030 
       BWN04  3 0.9787 0.0011 0.0020 0.0007 0.0012 0.0072 0.0012 0.0033 0.0046 
        NC01  4 0.1200 0.0007 0.0273 0.0008 0.0016 0.0013 0.0027 0.0141 0.8316 
        NC02  4 0.0204 0.0019 0.0038 0.0008 0.0016 0.0016 0.0021 0.0057 0.9620 
        NC03  4 0.0041 0.0007 0.0042 0.0006 0.0065 0.0008 0.0011 0.0015 0.9805 
        NC04  4 0.0066 0.0008 0.0029 0.0011 0.0011 0.0009 0.0020 0.0024 0.9821 
        NC05  4 0.0167 0.0016 0.0322 0.0027 0.0021 0.0019 0.0201 0.0018 0.9209 
        NC06  4 0.0421 0.0159 0.0040 0.0016 0.0012 0.0008 0.0013 0.0039 0.9292 
        NC07  4 0.0074 0.0007 0.0020 0.0017 0.0009 0.0009 0.0014 0.0087 0.9762 
        NC08  4 0.0643 0.0020 0.0024 0.0008 0.0019 0.0014 0.0016 0.0133 0.9122 
        NC09  4 0.0126 0.0008 0.0026 0.0010 0.0019 0.0019 0.0040 0.0017 0.9736 
        NC10  4 0.2668 0.0007 0.0021 0.0006 0.0012 0.0014 0.0016 0.0034 0.7223 
        NC11  4 0.0223 0.0016 0.0064 0.0016 0.0024 0.0021 0.0031 0.0075 0.9530 
        NC12  4 0.0048 0.0028 0.0026 0.0006 0.0014 0.0007 0.0025 0.0078 0.9768 
        NC13  4 0.0072 0.0006 0.0038 0.0010 0.0301 0.0007 0.0017 0.0017 0.9534 
        NC14  4 0.0130 0.0009 0.0141 0.0008 0.0013 0.0016 0.0023 0.0059 0.9602 
        NC15  4 0.0094 0.0014 0.0037 0.0010 0.0039 0.0012 0.0016 0.0030 0.9747 
        NC16  4 0.0410 0.0007 0.0169 0.0007 0.0028 0.0012 0.0016 0.0021 0.9330 
        NC18  4 0.0118 0.0009 0.0038 0.0006 0.0022 0.0043 0.0018 0.0041 0.9705 
        NC19  4 0.0027 0.0007 0.0018 0.0005 0.0010 0.0007 0.0018 0.0028 0.9881 
        NC20  4 0.1064 0.0058 0.0027 0.0017 0.0036 0.0064 0.0031 0.0293 0.8411 
        NC21  4 0.0239 0.0009 0.0055 0.0009 0.0054 0.0008 0.0060 0.0141 0.9425 
        NC22  4 0.0047 0.0019 0.0013 0.0008 0.0011 0.0017 0.0014 0.1311 0.8562 
        NC23  4 0.0337 0.0007 0.0049 0.0011 0.0020 0.0025 0.0013 0.0027 0.9511 
        NC24  4 0.0029 0.0011 0.0019 0.0010 0.0010 0.0018 0.0014 0.0070 0.9820 
      SAND01  4 0.9845 0.0005 0.0015 0.0030 0.0009 0.0013 0.0035 0.0010 0.0038 
      SAND02  4 0.9689 0.0012 0.0016 0.0026 0.0011 0.0013 0.0015 0.0190 0.0028 
      SAND03  4 0.9876 0.0006 0.0012 0.0009 0.0009 0.0009 0.0009 0.0048 0.0021 
      SAND04  4 0.9134 0.0011 0.0026 0.0014 0.0020 0.0007 0.0015 0.0735 0.0038 
      SAND05  4 0.9709 0.0010 0.0022 0.0012 0.0017 0.0010 0.0022 0.0165 0.0032 
      SAND06  4 0.9607 0.0012 0.0032 0.0013 0.0020 0.0009 0.0023 0.0165 0.0119 
      SAND07  4 0.9837 0.0006 0.0014 0.0033 0.0010 0.0022 0.0022 0.0022 0.0033 
      SAND08  4 0.7999 0.0012 0.0017 0.0009 0.0013 0.0014 0.0010 0.0297 0.1629 
      SAND09  4 0.9313 0.0009 0.0058 0.0012 0.0053 0.0009 0.0272 0.0043 0.0231 
      SAND10  4 0.9176 0.0014 0.0022 0.0016 0.0013 0.0027 0.0019 0.0086 0.0626 
      SAND11  4 0.9845 0.0009 0.0021 0.0012 0.0012 0.0010 0.0029 0.0042 0.0021 
      SAND12  4 0.9794 0.0008 0.0022 0.0012 0.0017 0.0018 0.0027 0.0050 0.0052 
      SAND13  4 0.9193 0.0015 0.0022 0.0016 0.0012 0.0027 0.0019 0.0084 0.0612 
      SAND14  4 0.9815 0.0015 0.0018 0.0011 0.0012 0.0013 0.0018 0.0034 0.0065 
      SAND15  4 0.9802 0.0007 0.0017 0.0009 0.0012 0.0007 0.0018 0.0100 0.0028 
      SAND16  4 0.9179 0.0007 0.0131 0.0013 0.0063 0.0006 0.0135 0.0033 0.0433 
      SAND17  4 0.9873 0.0007 0.0014 0.0019 0.0009 0.0010 0.0025 0.0017 0.0026 
      SAND18  4 0.9711 0.0007 0.0018 0.0006 0.0013 0.0008 0.0012 0.0189 0.0037 
      SAND19  4 0.9705 0.0007 0.0022 0.0008 0.0014 0.0007 0.0018 0.0187 0.0031 
      SAND20  4 0.9290 0.0006 0.0015 0.0015 0.0012 0.0027 0.0016 0.0035 0.0585 
      SAND21  4 0.9840 0.0006 0.0015 0.0015 0.0010 0.0019 0.0011 0.0048 0.0036 
      SAND22  4 0.9829 0.0005 0.0014 0.0008 0.0008 0.0009 0.0013 0.0073 0.0041 
      SAND23  4 0.9123 0.0010 0.0019 0.0007 0.0014 0.0007 0.0012 0.0790 0.0018 
      SAND24  4 0.9675 0.0042 0.0040 0.0012 0.0016 0.0011 0.0030 0.0139 0.0035 
      SAND25  4 0.9218 0.0013 0.0075 0.0022 0.0062 0.0019 0.0039 0.0069 0.0483 
      SAND26  4 0.9819 0.0010 0.0014 0.0009 0.0010 0.0008 0.0014 0.0014 0.0101 
      SAND27  4 0.6756 0.0012 0.0032 0.0007 0.0018 0.0017 0.0055 0.0280 0.2823 
      SAND28  4 0.9471 0.0014 0.0020 0.0007 0.0017 0.0009 0.0013 0.0408 0.0041 
      SAND29  4 0.9709 0.0008 0.0021 0.0007 0.0015 0.0009 0.0011 0.0193 0.0028 
      SAND30  4 0.9851 0.0006 0.0019 0.0008 0.0011 0.0009 0.0019 0.0033 0.0045 
      SAND31  4 0.9095 0.0005 0.0020 0.0013 0.0009 0.0024 0.0069 0.0014 0.0750 
      SAND32  4 0.9136 0.0018 0.0032 0.0011 0.0017 0.0009 0.0018 0.0347 0.0412 
      SAND33  4 0.9790 0.0008 0.0013 0.0031 0.0011 0.0022 0.0019 0.0056 0.0049 
      SAND34  4 0.9719 0.0009 0.0022 0.0007 0.0015 0.0007 0.0024 0.0150 0.0048 
      SAND35  4 0.9891 0.0006 0.0012 0.0011 0.0008 0.0008 0.0012 0.0027 0.0024 
      SAND36  4 0.9712 0.0008 0.0017 0.0007 0.0011 0.0008 0.0013 0.0200 0.0025 
      SAND37  4 0.9777 0.0008 0.0022 0.0007 0.0013 0.0009 0.0016 0.0123 0.0025 
      SAND38  4 0.9725 0.0009 0.0023 0.0032 0.0015 0.0025 0.0022 0.0072 0.0077 
      SAND39  4 0.8644 0.0012 0.0024 0.0006 0.0013 0.0008 0.0018 0.0132 0.1143 
      SAND40  4 0.9622 0.0018 0.0032 0.0007 0.0019 0.0012 0.0025 0.0220 0.0045 
      SAND41  4 0.9793 0.0008 0.0017 0.0012 0.0013 0.0014 0.0016 0.0088 0.0041 
      SAND42  4 0.9764 0.0008 0.0021 0.0020 0.0013 0.0012 0.0036 0.0073 0.0052 
      SAND43  4 0.9704 0.0011 0.0025 0.0016 0.0019 0.0011 0.0032 0.0143 0.0039 
      SAND44  4 0.9856 0.0006 0.0014 0.0009 0.0009 0.0020 0.0010 0.0040 0.0037 
       Hon01  5 0.0014 0.0011 0.0023 0.0024 0.0018 0.0014 0.0015 0.0009 0.9871 
       Hon02  5 0.0113 0.0010 0.0020 0.0006 0.0015 0.0010 0.0033 0.0011 0.9783 
       Hon03  5 0.0110 0.0157 0.0065 0.0032 0.0015 0.0250 0.0531 0.0007 0.8834 
       Hon04  5 0.0024 0.0008 0.0023 0.0013 0.0019 0.0012 0.0042 0.0009 0.9851 
       Hon05  5 0.0023 0.0014 0.0021 0.0008 0.0013 0.0015 0.0014 0.0012 0.9882 
       Hon06  5 0.0016 0.0005 0.0017 0.0020 0.0012 0.0010 0.0012 0.0011 0.9897 
       Hon07  5 0.0019 0.0010 0.0017 0.0009 0.0014 0.0016 0.0014 0.0011 0.9890 
       Hon08  5 0.0021 0.0007 0.0020 0.0007 0.0024 0.0010 0.0019 0.0029 0.9862 
       Hon09  5 0.0693 0.0012 0.0016 0.0010 0.0017 0.0025 0.0015 0.0008 0.9205 
       Hon10  5 0.0023 0.0027 0.0023 0.0053 0.0021 0.0160 0.0033 0.0011 0.9648 
       Hon11  5 0.0067 0.0015 0.0490 0.0066 0.0048 0.0031 0.0022 0.0025 0.9237 
       Hon12  5 0.0136 0.0014 0.0015 0.0016 0.0015 0.0029 0.0044 0.0009 0.9721 
       Hon13  5 0.0021 0.0013 0.0023 0.0010 0.0010 0.0012 0.0016 0.0011 0.9885 
       Hon14  5 0.0018 0.0113 0.0033 0.0010 0.0013 0.0021 0.0117 0.0011 0.9663 
       Hon15  5 0.0015 0.0008 0.0018 0.0033 0.0025 0.0010 0.0034 0.0008 0.9848 
       Hon16  5 0.0021 0.0007 0.0021 0.0007 0.0023 0.0010 0.0019 0.0030 0.9862 
       Hon17  5 0.0017 0.0006 0.0021 0.0007 0.0016 0.0011 0.0012 0.0013 0.9896 
       Hon18  5 0.0601 0.0007 0.0021 0.0014 0.0021 0.0011 0.0014 0.0011 0.9300 
       Hon19  5 0.0023 0.0007 0.0023 0.0010 0.0014 0.0064 0.0198 0.0012 0.9649 
       Hon20  5 0.0018 0.0007 0.0098 0.0033 0.0022 0.0021 0.0016 0.0015 0.9770 
      ERIN01  6 0.0011 0.0008 0.0013 0.0008 0.0009 0.9924 0.0011 0.0007 0.0010 
      ERIN02  6 0.0010 0.0008 0.0013 0.0009 0.0009 0.9923 0.0010 0.0007 0.0010 
      ERIN03  6 0.0011 0.0008 0.0013 0.0009 0.0009 0.9922 0.0010 0.0007 0.0011 
      ERIN04  6 0.0011 0.0008 0.0013 0.0008 0.0009 0.9923 0.0010 0.0007 0.0010 
      ERIN05  6 0.0011 0.0008 0.0013 0.0009 0.0009 0.9922 0.0011 0.0007 0.0011 
      ERIN06  6 0.0011 0.0008 0.0013 0.0008 0.0009 0.9923 0.0011 0.0007 0.0010 
      ERIN07  6 0.0010 0.0008 0.0013 0.0008 0.0009 0.9924 0.0011 0.0007 0.0010 
      ERIN08  6 0.0011 0.0008 0.0013 0.0008 0.0009 0.9923 0.0010 0.0007 0.0011 
      ERIN09  6 0.0011 0.0008 0.0013 0.0009 0.0009 0.9923 0.0010 0.0007 0.0010 
      ERIN10  6 0.0011 0.0008 0.0013 0.0008 0.0009 0.9924 0.0010 0.0007 0.0010 
      ERIN11  6 0.0011 0.0008 0.0093 0.0009 0.0009 0.9817 0.0011 0.0007 0.0036 
      ERIN12  6 0.0011 0.0008 0.0013 0.0008 0.0009 0.9924 0.0010 0.0007 0.0010 
      ERIN13  6 0.0011 0.0007 0.0013 0.0008 0.0009 0.9924 0.0010 0.0007 0.0010 
      ERIN14  6 0.0010 0.0008 0.0013 0.0008 0.0009 0.9923 0.0011 0.0007 0.0010 
      ERIN15  6 0.0010 0.0008 0.0013 0.0008 0.0009 0.9924 0.0011 0.0007 0.0010 
      ERIN16  6 0.0011 0.0008 0.0015 0.0008 0.0009 0.9921 0.0010 0.0007 0.0011 
      ERIN17  6 0.0010 0.0007 0.0013 0.0008 0.0009 0.9924 0.0010 0.0007 0.0011 
      ERIN18  6 0.0010 0.0008 0.0013 0.0008 0.0009 0.9924 0.0010 0.0007 0.0010 
      ERIN19  6 0.0011 0.0007 0.0013 0.0008 0.0009 0.9923 0.0011 0.0007 0.0010 
      ERIN20  6 0.0010 0.0008 0.0014 0.0008 0.0009 0.9923 0.0010 0.0007 0.0010 
      ERIN21  6 0.0011 0.0008 0.0013 0.0008 0.0009 0.9924 0.0011 0.0007 0.0010 
      ERIN22  6 0.0011 0.0008 0.0013 0.0008 0.0009 0.9923 0.0010 0.0007 0.0010 
      ERIN23  6 0.0010 0.0008 0.0013 0.0008 0.0009 0.9924 0.0010 0.0007 0.0010 
      ERIN24  6 0.0011 0.0007 0.0013 0.0008 0.0009 0.9924 0.0010 0.0007 0.0011 
      ERIN25  6 0.0011 0.0008 0.0013 0.0008 0.0009 0.9923 0.0010 0.0007 0.0011 
      ERIN26  6 0.0011 0.0008 0.0013 0.0008 0.0009 0.9923 0.0011 0.0007 0.0010 
      ERIN27  6 0.0010 0.0008 0.0013 0.0008 0.0009 0.9924 0.0010 0.0007 0.0010 
      ERIN28  6 0.0011 0.0008 0.0013 0.0008 0.0009 0.9923 0.0010 0.0007 0.0011 
      ERIN29  6 0.0010 0.0007 0.0013 0.0008 0.0009 0.9924 0.0010 0.0007 0.0010 
      ERIN30  6 0.0011 0.0008 0.0013 0.0008 0.0009 0.9923 0.0011 0.0007 0.0010 
      ERIN31  6 0.0011 0.0008 0.0013 0.0008 0.0009 0.9923 0.0010 0.0007 0.0010 
      ERIN32  6 0.0011 0.0008 0.0013 0.0008 0.0009 0.9924 0.0010 0.0007 0.0010 
      ERIN33  6 0.0011 0.0008 0.0013 0.0008 0.0009 0.9924 0.0011 0.0007 0.0010 
      ERIN34  6 0.0010 0.0007 0.0013 0.0008 0.0009 0.9924 0.0010 0.0007 0.0010 
      ERIN35  6 0.0010 0.0008 0.0013 0.0008 0.0009 0.9924 0.0010 0.0007 0.0010 
      ERIN38  6 0.0010 0.0007 0.0013 0.0008 0.0009 0.9924 0.0010 0.0007 0.0010 
      ERIN39  6 0.0010 0.0008 0.0013 0.0008 0.0009 0.9924 0.0010 0.0007 0.0010 
      ERIN40  6 0.0011 0.0008 0.0013 0.0008 0.0009 0.9924 0.0010 0.0007 0.0010 
      ERIN41  6 0.0010 0.0008 0.0013 0.0008 0.0009 0.9924 0.0010 0.0007 0.0010 
      ERIN42  6 0.0010 0.0008 0.0013 0.0008 0.0009 0.9923 0.0011 0.0007 0.0010 
      ERIN43  6 0.0010 0.0008 0.0013 0.0008 0.0009 0.9923 0.0010 0.0007 0.0010 
      ERIN44  6 0.0010 0.0008 0.0014 0.0008 0.0009 0.9923 0.0010 0.0007 0.0010 
      ERIN45  6 0.0010 0.0008 0.0013 0.0008 0.0009 0.9923 0.0010 0.0007 0.0010 
      ERIN46  6 0.0010 0.0007 0.0013 0.0008 0.0009 0.9924 0.0010 0.0007 0.0010 
      ERIN47  6 0.0010 0.0008 0.0013 0.0008 0.0009 0.9924 0.0011 0.0007 0.0011 
       FDS01  6 0.0011 0.0008 0.0013 0.0008 0.0009 0.9923 0.0010 0.0007 0.0010 
       FDS02  6 0.0010 0.0008 0.0013 0.0008 0.0009 0.9924 0.0010 0.0007 0.0010 
       FDS03  6 0.0011 0.0008 0.0015 0.0009 0.0009 0.9921 0.0010 0.0007 0.0011 
       FDS04  6 0.0011 0.0008 0.0013 0.0008 0.0009 0.9923 0.0011 0.0007 0.0010 
       FDS05  6 0.0011 0.0007 0.0013 0.0008 0.0009 0.9924 0.0010 0.0007 0.0011 
       FDS06  6 0.0011 0.0008 0.0013 0.0008 0.0009 0.9924 0.0010 0.0007 0.0010 
       FDS07  6 0.0010 0.0008 0.0013 0.0008 0.0009 0.9924 0.0011 0.0007 0.0010 
       FDS08  6 0.0011 0.0008 0.0013 0.0008 0.0009 0.9923 0.0010 0.0007 0.0011 
       FDS09  6 0.0010 0.0008 0.0013 0.0008 0.0009 0.9924 0.0010 0.0007 0.0010 
       FDS10  6 0.0010 0.0008 0.0013 0.0008 0.0009 0.9923 0.0010 0.0007 0.0011 
       FDS11  6 0.0010 0.0008 0.0013 0.0008 0.0009 0.9924 0.0011 0.0007 0.0010 
       FDS12  6 0.0011 0.0008 0.0015 0.0008 0.0009 0.9921 0.0010 0.0007 0.0011 
       FDS13  6 0.0011 0.0008 0.0013 0.0009 0.0009 0.9924 0.0010 0.0007 0.0010 
       FDS14  6 0.0011 0.0008 0.0013 0.0008 0.0009 0.9924 0.0011 0.0007 0.0010 
       FDS15  6 0.0010 0.0008 0.0013 0.0008 0.0009 0.9924 0.0010 0.0007 0.0010 
       FDS16  6 0.0011 0.0008 0.0013 0.0008 0.0009 0.9923 0.0011 0.0007 0.0010 
       FDS17  6 0.0010 0.0008 0.0013 0.0008 0.0009 0.9923 0.0010 0.0007 0.0011 
       FDS18  6 0.0010 0.0008 0.0015 0.0008 0.0009 0.9921 0.0010 0.0007 0.0011 
       EPP01  6 0.0010 0.0008 0.0014 0.9914 0.0011 0.0011 0.0014 0.0008 0.0010 
       EPP02  6 0.0011 0.0008 0.0014 0.9914 0.0011 0.0012 0.0014 0.0008 0.0010 
       EPP03  6 0.0010 0.0009 0.0014 0.9911 0.0012 0.0012 0.0014 0.0008 0.0010 
       EPP04  6 0.0010 0.0008 0.0014 0.9913 0.0011 0.0011 0.0014 0.0008 0.0010 
       EPP05  6 0.0010 0.0008 0.0015 0.9913 0.0011 0.0011 0.0014 0.0008 0.0010 
       EPP06  6 0.0011 0.0008 0.0014 0.9914 0.0011 0.0011 0.0014 0.0008 0.0010 
       EPP07  6 0.0010 0.0008 0.0014 0.9914 0.0011 0.0011 0.0014 0.0008 0.0010 
       EPP08  6 0.0010 0.0008 0.0014 0.9914 0.0011 0.0011 0.0014 0.0008 0.0010 
       EPP09  6 0.0010 0.0008 0.0014 0.9914 0.0011 0.0011 0.0014 0.0008 0.0010 
       EPP10  6 0.0011 0.0008 0.0014 0.9914 0.0010 0.0011 0.0014 0.0008 0.0010 
       EPP11  6 0.0011 0.0008 0.0099 0.9487 0.0344 0.0011 0.0014 0.0008 0.0018 
       EPP12  6 0.0011 0.0008 0.0014 0.9913 0.0011 0.0012 0.0014 0.0008 0.0010 
       EPP13  6 0.0011 0.0008 0.0014 0.9914 0.0010 0.0011 0.0014 0.0008 0.0010 
       EPP14  6 0.0010 0.0008 0.0014 0.9914 0.0011 0.0011 0.0014 0.0008 0.0010 
       EPP15  6 0.0012 0.0008 0.0014 0.9912 0.0010 0.0011 0.0014 0.0008 0.0012 
       EPP16  6 0.0011 0.0008 0.0014 0.9914 0.0010 0.0012 0.0013 0.0008 0.0010 
       EPP17  6 0.0011 0.0008 0.0014 0.9913 0.0011 0.0011 0.0014 0.0008 0.0010 
       EPP18  6 0.0011 0.0008 0.0014 0.9913 0.0011 0.0012 0.0014 0.0008 0.0010 
       EPP19  6 0.0010 0.0008 0.0014 0.9913 0.0010 0.0011 0.0014 0.0008 0.0010 
       EPP20  6 0.0011 0.0009 0.0015 0.9910 0.0012 0.0011 0.0014 0.0008 0.0010 
       EPP21  6 0.0011 0.0008 0.0043 0.9300 0.0090 0.0514 0.0014 0.0008 0.0012 
       EPP22  6 0.0010 0.0008 0.0014 0.9913 0.0011 0.0011 0.0014 0.0008 0.0010 
       EPP23  6 0.0010 0.0008 0.0078 0.9023 0.0831 0.0012 0.0014 0.0007 0.0015 
       EPP24  6 0.0011 0.0008 0.0014 0.9914 0.0011 0.0011 0.0014 0.0008 0.0010 
       EPP25  6 0.0011 0.0008 0.0015 0.9912 0.0011 0.0011 0.0014 0.0008 0.0011 
       EPP26  6 0.0010 0.0008 0.0015 0.9913 0.0010 0.0011 0.0014 0.0008 0.0010 
       EPP27  6 0.0010 0.0009 0.0014 0.9910 0.0012 0.0011 0.0014 0.0008 0.0010 
       EPP28  6 0.0010 0.0008 0.0014 0.9915 0.0011 0.0011 0.0013 0.0008 0.0010 
       EPP29  6 0.0010 0.0008 0.0014 0.9914 0.0011 0.0011 0.0014 0.0008 0.0010 
       EPP30  6 0.0011 0.0008 0.0014 0.9914 0.0010 0.0011 0.0014 0.0008 0.0010 
       EPP31  6 0.0011 0.0009 0.0015 0.9910 0.0012 0.0011 0.0014 0.0008 0.0010 
       EPP32  6 0.0011 0.0008 0.0014 0.9913 0.0011 0.0011 0.0014 0.0008 0.0010 
       EPP33  6 0.0010 0.0008 0.0014 0.9913 0.0011 0.0011 0.0013 0.0008 0.0010 
       EPP34  6 0.0010 0.0008 0.0014 0.9913 0.0011 0.0011 0.0014 0.0008 0.0011 
       EPP35  6 0.0012 0.0009 0.0015 0.9907 0.0012 0.0010 0.0014 0.0008 0.0012 
       EPP36  6 0.0010 0.0008 0.0014 0.9913 0.0011 0.0011 0.0014 0.0008 0.0010 
       EPP37  6 0.0025 0.0009 0.0037 0.9667 0.0012 0.0011 0.0124 0.0103 0.0011 
       EPP38  6 0.0010 0.0009 0.0014 0.9911 0.0012 0.0011 0.0014 0.0008 0.0010 
       EPP39  6 0.0010 0.0008 0.0014 0.9914 0.0010 0.0011 0.0013 0.0008 0.0010 
       EPP40  6 0.0011 0.0008 0.0014 0.9913 0.0011 0.0012 0.0014 0.0008 0.0010 
       EPP41  6 0.0011 0.0008 0.0014 0.9913 0.0011 0.0011 0.0013 0.0008 0.0010 
       EPP42  6 0.0010 0.0008 0.0014 0.9913 0.0011 0.0012 0.0014 0.0008 0.0010 
       EPP43  6 0.0010 0.0008 0.0014 0.9913 0.0011 0.0011 0.0014 0.0008 0.0010 
        ES68  6 0.0020 0.0191 0.0772 0.4166 0.0012 0.4517 0.0019 0.0155 0.0148 
       ENW44  6 0.0010 0.0008 0.0014 0.9915 0.0010 0.0011 0.0014 0.0008 0.0010 
       ENW45  6 0.0011 0.0008 0.0014 0.9915 0.0011 0.0011 0.0013 0.0008 0.0010 
       ENW46  6 0.0011 0.0008 0.0014 0.9913 0.0011 0.0011 0.0014 0.0008 0.0010 
       ENW48  6 0.0011 0.0008 0.0014 0.9914 0.0011 0.0011 0.0014 0.0008 0.0010 
       ENW49  6 0.0010 0.0008 0.0014 0.9914 0.0011 0.0011 0.0014 0.0008 0.0010 
       ENW50  6 0.0010 0.0008 0.0014 0.9915 0.0010 0.0011 0.0014 0.0008 0.0010 
       ENW51  6 0.0014 0.0011 0.0029 0.3286 0.0014 0.6574 0.0037 0.0022 0.0014 
       ENW52  6 0.0010 0.0008 0.0014 0.9913 0.0011 0.0012 0.0014 0.0008 0.0010 
       ENW53  6 0.0014 0.0013 0.0028 0.3286 0.0014 0.6573 0.0037 0.0022 0.0014 
       ENW54  6 0.0014 0.0012 0.0029 0.3267 0.0014 0.6583 0.0045 0.0022 0.0014 
       ENW55  6 0.0014 0.0012 0.0028 0.3283 0.0014 0.6574 0.0041 0.0021 0.0014 
       ENW56  6 0.0014 0.0012 0.0028 0.3290 0.0014 0.6571 0.0034 0.0021 0.0014 
       ENW57  6 0.0014 0.0012 0.0029 0.3290 0.0013 0.6569 0.0038 0.0021 0.0014 
       ENE58  6 0.0017 0.0021 0.0039 0.3324 0.0030 0.5757 0.0044 0.0753 0.0014 
       ENE59  6 0.0015 0.0012 0.0029 0.3369 0.0014 0.6490 0.0036 0.0021 0.0014 
       ENE60  6 0.0014 0.0013 0.0028 0.3279 0.0014 0.6575 0.0041 0.0022 0.0014 
       ENE61  6 0.0017 0.0024 0.0038 0.3325 0.0031 0.5758 0.0038 0.0755 0.0014 
       ENE62  6 0.0014 0.0012 0.0029 0.3285 0.0014 0.6568 0.0042 0.0021 0.0014 
       ENE63  6 0.0015 0.0012 0.0030 0.3378 0.0014 0.6475 0.0040 0.0021 0.0014 
       ENE64  6 0.0017 0.0023 0.0038 0.3314 0.0031 0.5761 0.0048 0.0754 0.0014 
       ENE65  6 0.0014 0.0012 0.0030 0.3288 0.0014 0.6568 0.0039 0.0020 0.0014 
       ENE66  6 0.0014 0.0012 0.0029 0.3284 0.0013 0.6573 0.0040 0.0021 0.0014 
       ENE67  6 0.0015 0.0012 0.0031 0.3378 0.0014 0.6478 0.0037 0.0022 0.0014 
         CC1  7 0.0029 0.0047 0.0046 0.0052 0.0051 0.3006 0.6743 0.0010 0.0017 
        CC10  7 0.0027 0.0017 0.0046 0.0055 0.0048 0.3567 0.6213 0.0011 0.0016 
        CC11  7 0.0012 0.0016 0.0026 0.0298 0.0014 0.3002 0.6610 0.0010 0.0013 
        CC12  7 0.0013 0.0016 0.0096 0.0024 0.0019 0.3604 0.6202 0.0009 0.0016 
        CC13  7 0.0027 0.0051 0.0047 0.0053 0.0050 0.3008 0.6738 0.0011 0.0017 
        CC14  7 0.0027 0.0046 0.0048 0.0055 0.0047 0.3003 0.6747 0.0011 0.0018 
        CC15  7 0.0045 0.0041 0.0079 0.0047 0.0045 0.3012 0.6690 0.0011 0.0031 
        CC16  7 0.0011 0.0086 0.0027 0.0564 0.0018 0.1341 0.7931 0.0009 0.0014 
        CC17  7 0.0027 0.0019 0.0045 0.0044 0.0054 0.3211 0.6572 0.0011 0.0017 
         CC2  7 0.0028 0.0046 0.0047 0.0052 0.0048 0.3009 0.6743 0.0011 0.0017 
         CC3  7 0.0026 0.0042 0.0048 0.0058 0.0048 0.3015 0.6737 0.0011 0.0017 
         CC4  7 0.0122 0.0048 0.4883 0.1219 0.0036 0.0123 0.2756 0.0065 0.0748 
         CC5  7 0.0011 0.0030 0.0027 0.0192 0.0017 0.3455 0.6245 0.0010 0.0014 
         CC6  7 0.0011 0.0033 0.0026 0.0143 0.0017 0.3048 0.6698 0.0010 0.0014 
         CC7  7 0.0011 0.0027 0.0026 0.0200 0.0017 0.3458 0.6237 0.0010 0.0014 
         CC8  7 0.0011 0.0028 0.0027 0.0204 0.0018 0.3459 0.6231 0.0009 0.0013 
         CC9  7 0.0011 0.0030 0.0026 0.0140 0.0017 0.3040 0.6712 0.0010 0.0014 
       BUN01  8 0.0014 0.0152 0.8035 0.0458 0.0107 0.0012 0.1169 0.0034 0.0019 
       BUN02  8 0.0019 0.1351 0.7739 0.0022 0.0514 0.0131 0.0034 0.0157 0.0034 
       BUN03  8 0.0018 0.0008 0.7495 0.0010 0.2336 0.0053 0.0038 0.0009 0.0032 
       BUN04  8 0.0021 0.0013 0.9559 0.0029 0.0090 0.0016 0.0227 0.0027 0.0018 
       BUN05  8 0.0337 0.0064 0.5858 0.0025 0.3523 0.0111 0.0043 0.0021 0.0017 
       BUN06  8 0.0014 0.0042 0.9443 0.0011 0.0052 0.0141 0.0240 0.0011 0.0047 
       BUN07  8 0.0013 0.0013 0.8783 0.0057 0.1001 0.0010 0.0071 0.0009 0.0043 
       SOB01  8 0.0017 0.0012 0.9871 0.0015 0.0022 0.0014 0.0021 0.0013 0.0013 
       SOB02  8 0.0021 0.0031 0.8568 0.0030 0.0265 0.0130 0.0036 0.0114 0.0806 
       SOB03  8 0.0023 0.0016 0.9758 0.0024 0.0042 0.0070 0.0027 0.0027 0.0013 
       SOB04  8 0.0057 0.0036 0.9345 0.0008 0.0017 0.0019 0.0019 0.0021 0.0479 
       SOB05  8 0.0017 0.0026 0.8578 0.0017 0.0033 0.0280 0.1019 0.0011 0.0020 
       SOB06  8 0.0040 0.0970 0.8437 0.0008 0.0367 0.0105 0.0020 0.0007 0.0045 
       SOB07  8 0.0017 0.1531 0.7882 0.0050 0.0084 0.0117 0.0245 0.0008 0.0068 
       SOB08  8 0.0022 0.0066 0.9757 0.0028 0.0017 0.0015 0.0043 0.0037 0.0015 
       SOB09  8 0.0422 0.0046 0.8664 0.0017 0.0288 0.0203 0.0020 0.0089 0.0252 
       SOB10  8 0.0016 0.0039 0.9567 0.0025 0.0069 0.0129 0.0125 0.0010 0.0019 
       SOB11  8 0.0016 0.0028 0.6849 0.0015 0.1885 0.0041 0.0021 0.0093 0.1052 
       OSR01  8 0.0036 0.0009 0.8039 0.1415 0.0014 0.0032 0.0118 0.0041 0.0296 
       OSR02  8 0.0015 0.3246 0.6375 0.0016 0.0033 0.0014 0.0261 0.0014 0.0026 
       OSR03  8 0.0014 0.3248 0.6375 0.0016 0.0034 0.0014 0.0260 0.0014 0.0026 
       OSR04  8 0.0016 0.1100 0.6217 0.0025 0.0084 0.0023 0.2502 0.0008 0.0025 
       OSR05  8 0.0015 0.3234 0.6390 0.0015 0.0033 0.0015 0.0259 0.0014 0.0026 
       OSR06  8 0.0017 0.0009 0.9833 0.0012 0.0039 0.0014 0.0019 0.0012 0.0046 
       OSR07  8 0.0064 0.0439 0.0226 0.0073 0.8883 0.0041 0.0235 0.0017 0.0021 
       OSR08  8 0.0062 0.0437 0.0232 0.0075 0.8875 0.0040 0.0238 0.0018 0.0022 
       OSR09  8 0.0021 0.0013 0.8467 0.0954 0.0040 0.0403 0.0024 0.0008 0.0070 
      Lion01  8 0.0031 0.0015 0.6517 0.0735 0.2539 0.0047 0.0045 0.0009 0.0062 
      Lion02  8 0.0017 0.0020 0.8878 0.0015 0.0121 0.0026 0.0866 0.0029 0.0029 
      Lion03  8 0.0015 0.0025 0.7676 0.0008 0.0040 0.0013 0.2198 0.0007 0.0018 
      Lion04  8 0.0022 0.0015 0.9405 0.0044 0.0386 0.0034 0.0036 0.0027 0.0029 
      Lion05  8 0.0060 0.0037 0.9456 0.0018 0.0163 0.0107 0.0017 0.0060 0.0083 
      Lion06  8 0.0066 0.0043 0.9163 0.0018 0.0420 0.0116 0.0016 0.0061 0.0096 
        TW01  8 0.0016 0.0015 0.9784 0.0032 0.0037 0.0020 0.0069 0.0007 0.0019 
        TW02  8 0.0083 0.0201 0.8735 0.0107 0.0623 0.0096 0.0057 0.0077 0.0020 
        TW03  8 0.0016 0.0016 0.9784 0.0031 0.0039 0.0019 0.0070 0.0007 0.0019 
        TW04  8 0.0016 0.0016 0.9784 0.0036 0.0038 0.0020 0.0065 0.0008 0.0018 
        CF01  8 0.0015 0.0017 0.0052 0.0034 0.9767 0.0029 0.0054 0.0017 0.0016 
        CF02  8 0.0024 0.2219 0.2181 0.0017 0.2632 0.0010 0.2865 0.0034 0.0019 
        CF03  8 0.0015 0.0016 0.0050 0.0032 0.9768 0.0028 0.0056 0.0017 0.0016 
        CF04  8 0.0133 0.0014 0.7057 0.0089 0.0929 0.0024 0.1646 0.0037 0.0072 
        CF05  8 0.0018 0.0029 0.0061 0.0025 0.9793 0.0016 0.0021 0.0016 0.0021 
        CF06  8 0.0019 0.0027 0.0056 0.0023 0.9801 0.0016 0.0021 0.0015 0.0021 
        CF07  8 0.0231 0.0008 0.7974 0.1255 0.0047 0.0012 0.0129 0.0270 0.0074 
        CF08  8 0.0019 0.0027 0.0056 0.0022 0.9801 0.0016 0.0022 0.0015 0.0021 
        CF09  8 0.0016 0.0018 0.0051 0.0032 0.9763 0.0027 0.0059 0.0017 0.0016 
        CF10  8 0.0027 0.0027 0.0116 0.0023 0.9736 0.0013 0.0019 0.0013 0.0025 
        CF11  8 0.0056 0.0131 0.7542 0.1984 0.0075 0.0027 0.0125 0.0008 0.0052 
        CF12  8 0.0015 0.0017 0.0052 0.0033 0.9764 0.0028 0.0058 0.0018 0.0016 
        CF13  8 0.0019 0.0029 0.0055 0.0024 0.9799 0.0016 0.0022 0.0015 0.0021 
        CF14  8 0.0129 0.0014 0.7055 0.0088 0.0937 0.0026 0.1645 0.0037 0.0069 
        CF15  8 0.0065 0.0011 0.6879 0.0077 0.2797 0.0021 0.0075 0.0029 0.0046 
        CF16  8 0.0015 0.0017 0.0049 0.0031 0.9770 0.0028 0.0057 0.0017 0.0016 
        CF17  8 0.0014 0.0019 0.0036 0.0017 0.9801 0.0014 0.0064 0.0018 0.0016 
        CF18  8 0.0127 0.0014 0.7026 0.0086 0.0980 0.0027 0.1634 0.0035 0.0070 
        CF19  8 0.0089 0.0050 0.9570 0.0017 0.0055 0.0024 0.0043 0.0040 0.0111 
        CF20  8 0.0019 0.0027 0.0056 0.0025 0.9801 0.0017 0.0021 0.0015 0.0020 
        CF21  8 0.0019 0.0030 0.0057 0.0025 0.9794 0.0016 0.0022 0.0016 0.0021 
        CF22  8 0.0019 0.0029 0.0057 0.0024 0.9796 0.0017 0.0021 0.0016 0.0021 
        CF23  8 0.0020 0.0028 0.0057 0.0025 0.9795 0.0017 0.0021 0.0016 0.0021 
        CF24  8 0.0015 0.0016 0.0052 0.0033 0.9768 0.0027 0.0055 0.0017 0.0017 
        CF25  8 0.0015 0.0017 0.0050 0.0033 0.9768 0.0029 0.0054 0.0017 0.0016 
        CF26  8 0.0025 0.2197 0.2165 0.0017 0.2657 0.0010 0.2876 0.0033 0.0020 
        CF27  8 0.0019 0.0028 0.0059 0.0023 0.9797 0.0017 0.0021 0.0016 0.0020 
        CF28  8 0.0109 0.0009 0.7690 0.0105 0.1844 0.0022 0.0138 0.0031 0.0052 
        CF29  8 0.0015 0.0017 0.0050 0.0032 0.9771 0.0029 0.0054 0.0017 0.0016 
        CF30  8 0.0022 0.0015 0.9368 0.0046 0.0422 0.0034 0.0034 0.0027 0.0031 
        CF31  8 0.0015 0.0015 0.0053 0.0033 0.9768 0.0028 0.0054 0.0017 0.0016 
        CF32  8 0.0017 0.0129 0.5065 0.0016 0.4639 0.0013 0.0085 0.0014 0.0022 
        CF33  8 0.0019 0.0027 0.0056 0.0025 0.9332 0.0017 0.0018 0.0015 0.0491 
        CF34  8 0.0019 0.0027 0.0056 0.0023 0.9802 0.0016 0.0022 0.0015 0.0021 
        CF35  8 0.0064 0.0011 0.6899 0.0073 0.2770 0.0020 0.0083 0.0031 0.0049 
        CF36  8 0.0014 0.0014 0.9886 0.0011 0.0017 0.0017 0.0019 0.0008 0.0015 
        BP01  8 0.0021 0.0045 0.9538 0.0038 0.0038 0.0266 0.0023 0.0013 0.0019 
        BP02  8 0.0024 0.0010 0.8478 0.0014 0.0212 0.0016 0.1218 0.0010 0.0018 
        BP03  8 0.0014 0.0016 0.9839 0.0011 0.0018 0.0015 0.0032 0.0040 0.0015 
        BP04  8 0.0018 0.0040 0.8090 0.0101 0.1647 0.0036 0.0035 0.0018 0.0015 
        BP06  8 0.0016 0.0029 0.9786 0.0042 0.0033 0.0020 0.0032 0.0025 0.0017 
        BP07  8 0.0351 0.0015 0.9413 0.0010 0.0020 0.0065 0.0073 0.0014 0.0040 
        BP08  8 0.0017 0.0026 0.9744 0.0076 0.0036 0.0030 0.0034 0.0021 0.0016 
        BP09  8 0.0020 0.0057 0.9048 0.0008 0.0034 0.0019 0.0019 0.0763 0.0032 
        BP10  8 0.0017 0.0007 0.9868 0.0011 0.0016 0.0029 0.0022 0.0014 0.0016 
        BP11  8 0.0014 0.0011 0.9902 0.0009 0.0013 0.0012 0.0016 0.0011 0.0012 
        BP12  8 0.0015 0.0825 0.9053 0.0016 0.0020 0.0015 0.0027 0.0011 0.0020 
        BP14  8 0.0040 0.0032 0.9275 0.0138 0.0217 0.0033 0.0190 0.0030 0.0043 
        BP16  8 0.0014 0.0010 0.9876 0.0010 0.0020 0.0027 0.0017 0.0013 0.0013 
        BP17  8 0.0018 0.0014 0.9840 0.0010 0.0013 0.0054 0.0020 0.0019 0.0013 
        BP18  8 0.0017 0.0008 0.9868 0.0011 0.0015 0.0029 0.0023 0.0014 0.0016 
        BP19  8 0.0024 0.0011 0.9868 0.0017 0.0013 0.0016 0.0021 0.0012 0.0019 
        BP20  8 0.0017 0.0007 0.9868 0.0012 0.0015 0.0029 0.0023 0.0014 0.0015 
   BP2007-01  8 0.0014 0.0011 0.9901 0.0009 0.0013 0.0012 0.0016 0.0011 0.0012 
   BP2007-02  8 0.0017 0.0015 0.9880 0.0014 0.0018 0.0013 0.0023 0.0008 0.0013 
   BP2007-03  8 0.0094 0.0257 0.7319 0.0010 0.1177 0.0015 0.1094 0.0009 0.0025 
   BP2007-04  8 0.0022 0.0009 0.9869 0.0022 0.0015 0.0015 0.0020 0.0009 0.0019 
   BP2007-05  8 0.0016 0.0346 0.7890 0.0010 0.0048 0.0050 0.0050 0.0009 0.1582 
   BP2007-06  8 0.0016 0.0095 0.9521 0.0026 0.0030 0.0235 0.0025 0.0027 0.0023 
   BP2007-07  8 0.0015 0.0016 0.9840 0.0011 0.0019 0.0015 0.0029 0.0041 0.0015 
   BP2007-08  8 0.0049 0.0046 0.9759 0.0009 0.0027 0.0052 0.0020 0.0016 0.0021 
   BP2007-09  8 0.0049 0.0042 0.9763 0.0009 0.0028 0.0053 0.0020 0.0017 0.0020 
   BP2007-10  8 0.0014 0.0016 0.9841 0.0012 0.0018 0.0015 0.0029 0.0041 0.0014 
   BP2007-11  8 0.0015 0.0014 0.9889 0.0009 0.0015 0.0011 0.0017 0.0019 0.0012 
   BP2007-12  8 0.0018 0.0047 0.8452 0.0014 0.0100 0.0026 0.1320 0.0009 0.0014 
   BP2007-13  8 0.0049 0.0043 0.9765 0.0009 0.0027 0.0050 0.0020 0.0017 0.0021 
   BP2007-14  8 0.0988 0.0019 0.7985 0.0190 0.0101 0.0011 0.0483 0.0023 0.0199 
   BP2007-15  8 0.0016 0.0028 0.9750 0.0022 0.0111 0.0012 0.0031 0.0011 0.0019 
   BP2007-16  8 0.0039 0.0018 0.7487 0.0191 0.2139 0.0009 0.0071 0.0021 0.0025 
   BP2007-17  8 0.0017 0.0026 0.9746 0.0077 0.0034 0.0031 0.0033 0.0021 0.0016 
   BP2007-18  8 0.0925 0.0018 0.8733 0.0014 0.0130 0.0009 0.0057 0.0010 0.0106 
   BP2007-19  8 0.0018 0.0041 0.7987 0.0100 0.1754 0.0034 0.0032 0.0019 0.0015 
   BP2007-20  8 0.0018 0.0040 0.8061 0.0103 0.1671 0.0037 0.0036 0.0018 0.0015 
   BP2007-21  8 0.0016 0.0011 0.9898 0.0012 0.0014 0.0011 0.0016 0.0010 0.0013 
   BP2007-22  8 0.0015 0.0013 0.9891 0.0009 0.0015 0.0011 0.0015 0.0019 0.0012 
   BP2007-23  8 0.0014 0.0012 0.9902 0.0009 0.0013 0.0012 0.0016 0.0011 0.0012 
   BP2007-24  8 0.0029 0.0046 0.9607 0.0030 0.0038 0.0072 0.0119 0.0023 0.0036 
   BP2007-25  8 0.0017 0.0014 0.9885 0.0015 0.0017 0.0013 0.0019 0.0008 0.0013 
   BP2007-26  8 0.0015 0.0832 0.9044 0.0015 0.0021 0.0014 0.0027 0.0011 0.0019 
   BP2007-27  8 0.0017 0.0008 0.9867 0.0011 0.0016 0.0030 0.0023 0.0013 0.0016 
   BP2007-28  8 0.0015 0.0014 0.9889 0.0009 0.0016 0.0011 0.0016 0.0019 0.0012 
   BP2007-29  8 0.0016 0.0010 0.9897 0.0013 0.0015 0.0011 0.0014 0.0012 0.0013 
   BP2007-30  8 0.0018 0.0063 0.7872 0.1909 0.0070 0.0019 0.0026 0.0010 0.0014 
   BP2007-31  8 0.0014 0.0018 0.9832 0.0027 0.0026 0.0012 0.0039 0.0012 0.0020 
   BP2007-32  8 0.0057 0.0011 0.6662 0.1137 0.1286 0.0035 0.0222 0.0015 0.0575 
   BP2007-33  8 0.0015 0.0014 0.9889 0.0009 0.0015 0.0011 0.0016 0.0019 0.0012 
   BP2007-34  8 0.0018 0.0331 0.7936 0.0064 0.0152 0.1428 0.0045 0.0010 0.0015 
   BP2007-35  8 0.0018 0.0041 0.8039 0.0102 0.1695 0.0035 0.0034 0.0019 0.0015 
   BP2007-36  8 0.0017 0.0014 0.9884 0.0014 0.0019 0.0013 0.0019 0.0008 0.0013 
   BP2007-37  8 0.0492 0.0027 0.8317 0.0008 0.0141 0.0018 0.0041 0.0009 0.0947 
   BP2007-38  8 0.0014 0.0016 0.9841 0.0011 0.0017 0.0015 0.0029 0.0041 0.0015 
   BP2007-39  8 0.0016 0.0029 0.9747 0.0021 0.0113 0.0012 0.0031 0.0011 0.0019 
   BP2007-40  8 0.0017 0.0031 0.9695 0.0080 0.0048 0.0027 0.0034 0.0052 0.0017 
        BP21  8 0.0017 0.0014 0.9886 0.0014 0.0018 0.0013 0.0019 0.0008 0.0013 
        BP22  8 0.0014 0.0063 0.9753 0.0017 0.0067 0.0028 0.0026 0.0016 0.0017 
        BP23  8 0.0013 0.0141 0.9692 0.0033 0.0040 0.0025 0.0028 0.0013 0.0015 
        BP24  8 0.0014 0.0059 0.9674 0.0023 0.0118 0.0027 0.0054 0.0015 0.0015 
        BP25  8 0.0017 0.0014 0.9885 0.0014 0.0019 0.0013 0.0018 0.0008 0.0013 
        BP26  8 0.0017 0.0014 0.9885 0.0014 0.0018 0.0013 0.0018 0.0007 0.0013 
        BP27  8 0.0050 0.0092 0.9714 0.0009 0.0030 0.0050 0.0020 0.0017 0.0019 
        BP28  8 0.0014 0.0061 0.9752 0.0017 0.0067 0.0030 0.0027 0.0015 0.0016 
        BP29  8 0.0024 0.0011 0.9849 0.0018 0.0029 0.0026 0.0020 0.0010 0.0013 
        BP30  8 0.0017 0.0014 0.9885 0.0013 0.0020 0.0011 0.0019 0.0008 0.0014 
      NNKB01  8 0.0038 0.0014 0.9783 0.0021 0.0032 0.0049 0.0015 0.0008 0.0039 
      NNKB02  8 0.0035 0.0018 0.9716 0.0078 0.0028 0.0014 0.0067 0.0026 0.0019 
      NNKN01  8 0.0045 0.0033 0.8354 0.0044 0.0025 0.0012 0.0539 0.0071 0.0877 
         SR1  9 0.0015 0.2672 0.7191 0.0016 0.0022 0.0018 0.0041 0.0010 0.0017 
        SR10  9 0.0032 0.0015 0.6803 0.2553 0.0027 0.0043 0.0100 0.0015 0.0414 
        SR11  9 0.0014 0.0203 0.6599 0.0045 0.0084 0.0018 0.3006 0.0013 0.0017 
        SR12  9 0.0015 0.2670 0.7193 0.0014 0.0023 0.0017 0.0041 0.0010 0.0017 
        SR13  9 0.0056 0.1146 0.3204 0.0775 0.2285 0.0396 0.0825 0.1117 0.0196 
        SR15  9 0.0030 0.0014 0.8091 0.0013 0.0430 0.1300 0.0035 0.0035 0.0051 
        SR16  9 0.0021 0.0038 0.7978 0.0024 0.1020 0.0025 0.0848 0.0008 0.0038 
        SR17  9 0.0023 0.0028 0.0117 0.1978 0.6810 0.0238 0.0057 0.0706 0.0043 
        SR18  9 0.0131 0.0094 0.7201 0.0015 0.0508 0.0111 0.1824 0.0078 0.0038 
        SR19  9 0.0015 0.0365 0.7068 0.0015 0.0105 0.0013 0.1813 0.0016 0.0590 
         SR2  9 0.0014 0.0195 0.6586 0.0047 0.0087 0.0018 0.3023 0.0012 0.0016 
        SR20  9 0.0017 0.0014 0.0871 0.0663 0.5431 0.1788 0.1164 0.0015 0.0036 
        SR21  9 0.0019 0.1874 0.7340 0.0026 0.0568 0.0033 0.0108 0.0012 0.0020 
        SR22  9 0.0013 0.4248 0.5086 0.0011 0.0373 0.0019 0.0222 0.0008 0.0021 
        SR23  9 0.0037 0.1323 0.8205 0.0027 0.0219 0.0035 0.0116 0.0013 0.0026 
        SR24  9 0.0030 0.0052 0.7544 0.0606 0.0089 0.0034 0.1584 0.0008 0.0054 
        SR25  9 0.0018 0.0299 0.9087 0.0185 0.0060 0.0031 0.0260 0.0011 0.0049 
        SR26  9 0.0024 0.0032 0.5319 0.0199 0.0062 0.0879 0.3290 0.0010 0.0186 
        SR27  9 0.0017 0.0920 0.8755 0.0010 0.0021 0.0020 0.0221 0.0011 0.0026 
        SR28  9 0.0019 0.0021 0.7296 0.0113 0.0188 0.0011 0.2318 0.0008 0.0027 
        SR29  9 0.0025 0.0117 0.6892 0.2828 0.0036 0.0018 0.0034 0.0009 0.0040 
         SR3  9 0.0015 0.0077 0.5561 0.0027 0.0046 0.0014 0.4231 0.0013 0.0017 
        SR30  9 0.0012 0.0032 0.9727 0.0044 0.0037 0.0092 0.0028 0.0010 0.0018 
         SR5  9 0.0017 0.0775 0.7776 0.0073 0.0116 0.0412 0.0785 0.0020 0.0025 
         SR6  9 0.0018 0.0285 0.8368 0.0062 0.1037 0.0104 0.0085 0.0017 0.0025 
         SR7  9 0.0016 0.0028 0.5532 0.4275 0.0019 0.0059 0.0039 0.0009 0.0024 
         SR8  9 0.0015 0.0272 0.6132 0.0032 0.0095 0.0014 0.3409 0.0013 0.0018 
         SR9  9 0.0016 0.0040 0.5637 0.4151 0.0029 0.0049 0.0044 0.0009 0.0025 
       HAM01 10 0.0013 0.0075 0.9756 0.0020 0.0055 0.0017 0.0041 0.0008 0.0014 
       HAM02 10 0.0062 0.0048 0.5888 0.0052 0.2994 0.0013 0.0894 0.0015 0.0033 
       HAM03 10 0.0014 0.0073 0.9759 0.0019 0.0055 0.0018 0.0040 0.0008 0.0014 
       HAM07 10 0.0035 0.0588 0.8902 0.0030 0.0053 0.0018 0.0278 0.0058 0.0037 
       HAM08 10 0.0014 0.0029 0.5280 0.0036 0.4470 0.0014 0.0106 0.0013 0.0039 
       HAM09 10 0.0087 0.0019 0.9325 0.0057 0.0072 0.0044 0.0022 0.0014 0.0361 
       HAM10 10 0.0036 0.0043 0.8149 0.0072 0.0224 0.0132 0.1287 0.0010 0.0048 
      CRWL01 10 0.0018 0.0031 0.9779 0.0037 0.0055 0.0028 0.0024 0.0010 0.0017 
      CRWL02 10 0.0017 0.0036 0.9726 0.0085 0.0061 0.0024 0.0024 0.0009 0.0018 
      CRWL03 10 0.0017 0.0045 0.8861 0.0872 0.0046 0.0070 0.0035 0.0012 0.0043 
      CRWL04 10 0.0017 0.0014 0.9747 0.0090 0.0019 0.0028 0.0037 0.0031 0.0016 
      CRWL05 10 0.0019 0.0013 0.9851 0.0008 0.0022 0.0045 0.0014 0.0010 0.0017 
      CRWL06 10 0.0017 0.0032 0.9706 0.0027 0.0131 0.0023 0.0035 0.0014 0.0015 
      CRWL07 10 0.0021 0.0035 0.9522 0.0008 0.0346 0.0013 0.0024 0.0009 0.0022 
      CRWL08 10 0.0017 0.0012 0.9738 0.0032 0.0038 0.0016 0.0109 0.0021 0.0017 
      CRWL09 10 0.0014 0.0034 0.9733 0.0013 0.0028 0.0018 0.0042 0.0008 0.0111 
      CRWL10 10 0.0018 0.0100 0.9564 0.0014 0.0178 0.0012 0.0074 0.0016 0.0024 
      CRWL11 10 0.0031 0.0153 0.5502 0.0015 0.4188 0.0028 0.0036 0.0021 0.0026 
      CRWL12 10 0.0026 0.0013 0.7471 0.2311 0.0020 0.0020 0.0103 0.0020 0.0016 
      CRWL13 10 0.0013 0.0015 0.9716 0.0083 0.0066 0.0016 0.0055 0.0022 0.0014 
      CRWL14 10 0.0026 0.0013 0.9673 0.0016 0.0164 0.0030 0.0038 0.0015 0.0028 
      CRWL15 10 0.0012 0.0015 0.8055 0.0184 0.1524 0.0064 0.0121 0.0008 0.0017 
      CRWL16 10 0.0026 0.0017 0.8700 0.0012 0.0399 0.0036 0.0769 0.0013 0.0028 
      CRWL17 10 0.0028 0.0073 0.6985 0.0019 0.2783 0.0031 0.0037 0.0017 0.0027 
      CRWL18 10 0.0014 0.0032 0.9835 0.0013 0.0024 0.0017 0.0038 0.0008 0.0019 
      CRWL19 10 0.0014 0.0033 0.9831 0.0012 0.0029 0.0017 0.0038 0.0008 0.0018 
      CRWL20 10 0.0014 0.0024 0.9807 0.0011 0.0073 0.0021 0.0023 0.0010 0.0017 
      CRWL21 10 0.0022 0.0023 0.9019 0.0024 0.0612 0.0011 0.0168 0.0012 0.0108 
       MES01 11 0.0011 0.9898 0.0022 0.0008 0.0015 0.0011 0.0014 0.0010 0.0012 
       MES02 11 0.0012 0.9896 0.0021 0.0009 0.0016 0.0010 0.0013 0.0009 0.0013 
       MES03 11 0.0012 0.9331 0.0016 0.0186 0.0020 0.0385 0.0022 0.0009 0.0019 
       MES04 11 0.0011 0.9898 0.0020 0.0009 0.0015 0.0011 0.0013 0.0009 0.0013 
       MES05 11 0.0011 0.9903 0.0017 0.0008 0.0018 0.0010 0.0012 0.0009 0.0011 
       MES06 11 0.0011 0.9898 0.0022 0.0009 0.0015 0.0010 0.0014 0.0009 0.0012 
       MES07 11 0.0011 0.9899 0.0022 0.0009 0.0015 0.0011 0.0014 0.0009 0.0012 
       MES08 11 0.0011 0.9897 0.0023 0.0008 0.0016 0.0011 0.0014 0.0009 0.0012 
       MES09 11 0.0011 0.9896 0.0022 0.0009 0.0016 0.0011 0.0014 0.0010 0.0012 
       MES10 11 0.0012 0.9896 0.0021 0.0009 0.0016 0.0011 0.0013 0.0009 0.0014 
       MES11 11 0.0012 0.9763 0.0094 0.0009 0.0015 0.0011 0.0013 0.0009 0.0074 
       MES12 11 0.0011 0.9897 0.0022 0.0008 0.0016 0.0011 0.0014 0.0009 0.0012 
       MES13 11 0.0011 0.9898 0.0022 0.0008 0.0016 0.0011 0.0013 0.0010 0.0011 
       MES14 11 0.0011 0.9915 0.0013 0.0008 0.0010 0.0010 0.0012 0.0009 0.0011 
       MES15 11 0.0242 0.9532 0.0014 0.0009 0.0016 0.0010 0.0019 0.0139 0.0019 
       MES16 11 0.0012 0.9895 0.0021 0.0010 0.0015 0.0011 0.0013 0.0009 0.0013 
       MES17 11 0.0011 0.9898 0.0022 0.0008 0.0015 0.0011 0.0014 0.0009 0.0012 
       MES18 11 0.0011 0.9898 0.0022 0.0009 0.0015 0.0010 0.0014 0.0009 0.0012 
       MES19 11 0.0011 0.9898 0.0022 0.0008 0.0015 0.0011 0.0014 0.0010 0.0012 
       MES20 11 0.0011 0.9899 0.0022 0.0008 0.0014 0.0011 0.0015 0.0007 0.0012 
       MES21 11 0.0011 0.9916 0.0013 0.0008 0.0010 0.0011 0.0012 0.0009 0.0011 
       MES22 11 0.0011 0.9897 0.0022 0.0008 0.0016 0.0011 0.0014 0.0009 0.0012 
       SAX01 11 0.0011 0.9912 0.0016 0.0008 0.0010 0.0010 0.0014 0.0009 0.0011 
       SAX02 11 0.0010 0.9917 0.0014 0.0008 0.0010 0.0010 0.0012 0.0009 0.0010 
       SAX03 11 0.0016 0.9846 0.0025 0.0008 0.0021 0.0010 0.0051 0.0009 0.0014 
       SAX04 11 0.0014 0.8604 0.0716 0.0017 0.0192 0.0011 0.0393 0.0007 0.0045 
       SAX05 11 0.0011 0.9896 0.0022 0.0008 0.0019 0.0011 0.0014 0.0007 0.0012 
       SAX06 11 0.0011 0.9896 0.0023 0.0009 0.0018 0.0011 0.0014 0.0007 0.0011 
       SAX07 11 0.0011 0.9914 0.0016 0.0007 0.0011 0.0009 0.0012 0.0009 0.0011 
       SAX08 11 0.0011 0.9451 0.0120 0.0011 0.0355 0.0010 0.0013 0.0009 0.0021 
       SAX09 11 0.0010 0.9917 0.0014 0.0008 0.0010 0.0010 0.0012 0.0009 0.0010 
       SAX10 11 0.0011 0.9289 0.0022 0.0540 0.0087 0.0010 0.0020 0.0008 0.0014 
       SAX11 11 0.0011 0.9551 0.0024 0.0009 0.0019 0.0010 0.0357 0.0008 0.0012 
       SAX12 11 0.0010 0.9917 0.0014 0.0008 0.0010 0.0010 0.0012 0.0009 0.0010 
       SAX13 11 0.0010 0.9920 0.0014 0.0007 0.0010 0.0009 0.0012 0.0008 0.0010 
       SAX14 11 0.0011 0.9899 0.0023 0.0009 0.0014 0.0010 0.0014 0.0008 0.0012 
       SAX15 11 0.0010 0.9428 0.0078 0.0008 0.0385 0.0010 0.0012 0.0009 0.0060 
       SAX16 11 0.0011 0.9911 0.0016 0.0008 0.0010 0.0010 0.0014 0.0009 0.0011 
       SAX17 11 0.0011 0.9915 0.0015 0.0008 0.0011 0.0009 0.0012 0.0009 0.0010 
       SAX18 11 0.0011 0.9915 0.0016 0.0008 0.0011 0.0010 0.0012 0.0009 0.0011 
       SAX19 11 0.0011 0.9760 0.0117 0.0047 0.0013 0.0009 0.0012 0.0008 0.0024 
       IRP01 11 0.0011 0.9916 0.0014 0.0008 0.0011 0.0009 0.0012 0.0009 0.0010 
       IRP02 11 0.0011 0.9913 0.0014 0.0008 0.0011 0.0009 0.0016 0.0009 0.0010 
       IRP03 11 0.0011 0.9910 0.0014 0.0009 0.0011 0.0009 0.0018 0.0009 0.0010 
       IRP04 11 0.0011 0.9910 0.0014 0.0008 0.0011 0.0010 0.0018 0.0009 0.0010 
       IRP05 11 0.0011 0.9911 0.0013 0.0009 0.0011 0.0009 0.0017 0.0009 0.0010 
       IRP06 11 0.0010 0.9916 0.0014 0.0008 0.0012 0.0009 0.0012 0.0009 0.0010 
       IRP07 11 0.0011 0.9909 0.0014 0.0008 0.0011 0.0010 0.0018 0.0009 0.0010 
       IRP08 11 0.0011 0.9917 0.0014 0.0007 0.0011 0.0009 0.0012 0.0009 0.0010 
       IRP09 11 0.0011 0.9909 0.0014 0.0009 0.0011 0.0009 0.0018 0.0009 0.0010 
       IRP10 11 0.0010 0.9916 0.0014 0.0008 0.0011 0.0009 0.0012 0.0009 0.0010 
       IRP11 11 0.0010 0.9916 0.0015 0.0008 0.0012 0.0009 0.0012 0.0009 0.0010 
       IRP12 11 0.0011 0.9916 0.0014 0.0008 0.0011 0.0009 0.0012 0.0009 0.0010 
       IRP13 11 0.0010 0.9916 0.0014 0.0008 0.0012 0.0009 0.0012 0.0009 0.0010 
       IRP14 11 0.0011 0.9911 0.0014 0.0008 0.0011 0.0010 0.0018 0.0009 0.0010 
       IRP15 11 0.0011 0.9911 0.0014 0.0008 0.0011 0.0009 0.0018 0.0008 0.0010 
       IRP16 11 0.0014 0.0017 0.0032 0.0027 0.9859 0.0011 0.0018 0.0008 0.0015 
     IRP16-2 11 0.0014 0.0016 0.0031 0.0026 0.9863 0.0011 0.0018 0.0008 0.0014 
       IRP17 11 0.0010 0.9910 0.0014 0.0008 0.0011 0.0009 0.0018 0.0009 0.0010 
       MRT01 11 0.0010 0.9914 0.0015 0.0008 0.0011 0.0009 0.0013 0.0010 0.0010 
       MRT02 11 0.0010 0.9915 0.0014 0.0008 0.0011 0.0010 0.0013 0.0009 0.0010 
       MRT03 11 0.0010 0.9918 0.0014 0.0008 0.0011 0.0009 0.0013 0.0008 0.0010 
       MRT04 11 0.0010 0.9913 0.0015 0.0008 0.0010 0.0009 0.0014 0.0010 0.0010 
       MRT05 11 0.0010 0.9913 0.0016 0.0008 0.0010 0.0009 0.0014 0.0010 0.0010 
       MRT06 11 0.0010 0.9917 0.0014 0.0008 0.0011 0.0009 0.0012 0.0008 0.0010 
       MRT07 11 0.0010 0.9915 0.0014 0.0008 0.0011 0.0010 0.0013 0.0008 0.0010 
       MRT08 11 0.0011 0.9901 0.0020 0.0008 0.0020 0.0009 0.0012 0.0010 0.0011 
       MRT09 11 0.0010 0.9915 0.0015 0.0008 0.0011 0.0010 0.0012 0.0009 0.0010 
       MRT10 11 0.0010 0.9916 0.0014 0.0009 0.0011 0.0010 0.0012 0.0009 0.0010 
       MRT11 11 0.0010 0.9915 0.0014 0.0009 0.0011 0.0010 0.0012 0.0008 0.0010 
       MRT12 11 0.0010 0.9915 0.0015 0.0008 0.0010 0.0009 0.0013 0.0010 0.0010 
       MRT13 11 0.0011 0.9361 0.0063 0.0302 0.0061 0.0010 0.0173 0.0009 0.0010 
       MRT14 11 0.0010 0.9915 0.0015 0.0008 0.0010 0.0009 0.0013 0.0010 0.0010 
       MRT15 11 0.0010 0.9914 0.0015 0.0008 0.0011 0.0009 0.0013 0.0010 0.0010 
       MRT16 11 0.0010 0.9918 0.0015 0.0008 0.0011 0.0009 0.0013 0.0008 0.0010 
       MRT17 11 0.0010 0.9917 0.0015 0.0008 0.0011 0.0009 0.0012 0.0008 0.0010 
       MRT18 11 0.0011 0.9913 0.0015 0.0008 0.0010 0.0010 0.0013 0.0011 0.0010 
       MRT19 11 0.0010 0.9914 0.0015 0.0008 0.0010 0.0009 0.0014 0.0010 0.0010 
       MRT20 11 0.0010 0.9915 0.0014 0.0008 0.0011 0.0010 0.0013 0.0009 0.0010 
       MRT21 11 0.0010 0.9914 0.0015 0.0008 0.0011 0.0010 0.0013 0.0010 0.0010 
       MRT22 11 0.0010 0.9913 0.0016 0.0008 0.0010 0.0010 0.0013 0.0010 0.0010 
       MRT23 11 0.0010 0.9914 0.0015 0.0008 0.0010 0.0010 0.0013 0.0010 0.0010 
       MRT24 11 0.0010 0.9914 0.0014 0.0008 0.0011 0.0010 0.0012 0.0009 0.0010 
       MRT25 11 0.0010 0.9914 0.0015 0.0008 0.0011 0.0010 0.0013 0.0010 0.0010 
       MRT26 11 0.0010 0.9914 0.0016 0.0008 0.0010 0.0009 0.0014 0.0010 0.0010 
       MRT27 11 0.0010 0.9913 0.0015 0.0008 0.0010 0.0010 0.0014 0.0010 0.0010 
       MRT28 11 0.0010 0.9915 0.0014 0.0008 0.0011 0.0010 0.0013 0.0009 0.0010 
       MRT29 11 0.0010 0.9914 0.0016 0.0008 0.0010 0.0010 0.0013 0.0010 0.0010 
       MRT30 11 0.0010 0.9917 0.0015 0.0008 0.0011 0.0009 0.0012 0.0008 0.0010 
       MRT31 11 0.0010 0.9915 0.0015 0.0008 0.0011 0.0009 0.0013 0.0010 0.0010 
       MRT32 11 0.0010 0.9913 0.0016 0.0008 0.0010 0.0010 0.0014 0.0010 0.0010 
       MRT33 11 0.0014 0.9883 0.0020 0.0008 0.0016 0.0010 0.0027 0.0009 0.0013 
        LK01 10 0.0092 0.0020 0.9460 0.0221 0.0092 0.0008 0.0082 0.0010 0.0016 
        LK02 10 0.0012 0.0037 0.7413 0.0019 0.0058 0.0012 0.2412 0.0010 0.0027 
        LK05 10 0.0015 0.0011 0.9834 0.0014 0.0030 0.0012 0.0029 0.0040 0.0015 
        LK06 10 0.0019 0.0155 0.9289 0.0012 0.0173 0.0201 0.0107 0.0010 0.0033 
        LK07 10 0.0037 0.0119 0.9689 0.0011 0.0015 0.0012 0.0028 0.0028 0.0060 
     LK07-01 10 0.0015 0.0011 0.9832 0.0015 0.0029 0.0013 0.0030 0.0041 0.0015 
     LK07-02 10 0.0085 0.0014 0.9722 0.0027 0.0039 0.0023 0.0058 0.0012 0.0021 
     LK07-03 10 0.0018 0.0009 0.5634 0.0014 0.4164 0.0105 0.0016 0.0010 0.0029 
     LK07-04 10 0.0016 0.0007 0.9674 0.0010 0.0025 0.0008 0.0234 0.0009 0.0017 
     LK07-05 10 0.0019 0.0051 0.9499 0.0026 0.0345 0.0013 0.0018 0.0008 0.0020 
     LK07-06 10 0.0020 0.0137 0.9683 0.0010 0.0016 0.0017 0.0038 0.0030 0.0048 
        LK08 10 0.0017 0.0028 0.9755 0.0113 0.0017 0.0021 0.0026 0.0008 0.0016 
        LK09 10 0.0014 0.0010 0.9808 0.0013 0.0023 0.0011 0.0088 0.0011 0.0022 
        LK11 10 0.0065 0.0012 0.9639 0.0010 0.0058 0.0017 0.0043 0.0009 0.0148 
        LK12 10 0.0013 0.0013 0.9754 0.0066 0.0019 0.0047 0.0053 0.0009 0.0027 
        LK13 10 0.0052 0.0017 0.9749 0.0041 0.0018 0.0018 0.0031 0.0013 0.0062 
        LK14 10 0.0027 0.0015 0.9826 0.0022 0.0025 0.0027 0.0026 0.0013 0.0020 
        LK15 10 0.0013 0.0013 0.9869 0.0014 0.0014 0.0011 0.0038 0.0009 0.0019 
        LK16 10 0.0019 0.0014 0.9834 0.0007 0.0038 0.0028 0.0025 0.0015 0.0020 
        LK17 10 0.0013 0.0024 0.9864 0.0017 0.0029 0.0013 0.0016 0.0009 0.0015 
        LK18 10 0.0015 0.0060 0.9750 0.0008 0.0018 0.0012 0.0107 0.0017 0.0014 
        LK19 10 0.0020 0.0132 0.9687 0.0010 0.0017 0.0016 0.0038 0.0031 0.0049 
        LK20 10 0.0015 0.0010 0.9791 0.0069 0.0023 0.0013 0.0054 0.0009 0.0016 
        LK21 10 0.0031 0.0009 0.9061 0.0009 0.0022 0.0014 0.0795 0.0022 0.0036 
        LK22 10 0.0014 0.0020 0.9819 0.0034 0.0027 0.0009 0.0042 0.0019 0.0015 
        LK23 10 0.0031 0.0011 0.9827 0.0007 0.0020 0.0043 0.0021 0.0016 0.0024 
        LK24 10 0.0021 0.0023 0.6984 0.0062 0.0260 0.0011 0.2446 0.0033 0.0160 
        LK25 10 0.0016 0.0139 0.5024 0.0016 0.4680 0.0012 0.0077 0.0014 0.0022 
       LMC01 10 0.0014 0.0011 0.6377 0.0012 0.0182 0.0113 0.3267 0.0010 0.0015 
       LMC02 10 0.0012 0.0010 0.8901 0.0013 0.0117 0.0093 0.0832 0.0008 0.0012 
       LMC03 10 0.0011 0.0046 0.8599 0.0016 0.0029 0.0015 0.1261 0.0009 0.0013 
       LMC04 10 0.0046 0.0021 0.9163 0.0063 0.0212 0.0094 0.0131 0.0032 0.0238 
        UM01 10 0.0178 0.0008 0.7931 0.0213 0.0047 0.0206 0.0024 0.0024 0.1369 
        UM02 10 0.0017 0.0009 0.7791 0.0222 0.0029 0.1332 0.0562 0.0010 0.0028 
        UM03 10 0.0018 0.0008 0.6919 0.0564 0.0075 0.0866 0.1514 0.0012 0.0022 
        UM04 10 0.0025 0.0010 0.7958 0.0157 0.1445 0.0102 0.0252 0.0018 0.0032 
        UM05 10 0.0048 0.0012 0.8684 0.0028 0.0355 0.0024 0.0162 0.0058 0.0629 
        UM06 10 0.0716 0.0011 0.6612 0.1899 0.0068 0.0103 0.0218 0.0071 0.0302 
        UM07 10 0.0034 0.0013 0.9225 0.0060 0.0033 0.0210 0.0323 0.0025 0.0077 
        UM08 10 0.1200 0.0020 0.8582 0.0012 0.0048 0.0018 0.0080 0.0012 0.0027 
        UM09 10 0.0890 0.0020 0.8449 0.0095 0.0020 0.0033 0.0030 0.0009 0.0453 
        UM10 10 0.0048 0.0011 0.8620 0.0030 0.0442 0.0024 0.0153 0.0061 0.0610 
       PLT01 10 0.0017 0.0450 0.8676 0.0059 0.0598 0.0084 0.0078 0.0013 0.0025 
       PLT02 10 0.0200 0.0020 0.9623 0.0015 0.0057 0.0017 0.0016 0.0008 0.0044 
       PLT03 10 0.0014 0.0024 0.9787 0.0012 0.0019 0.0012 0.0095 0.0015 0.0022 
        DC01 10 0.0034 0.0020 0.9564 0.0010 0.0071 0.0016 0.0093 0.0060 0.0132 
        DC02 10 0.0038 0.0020 0.9732 0.0022 0.0050 0.0024 0.0036 0.0022 0.0056 
        DC03 10 0.0022 0.0010 0.8737 0.0009 0.0041 0.0020 0.0407 0.0012 0.0742 
        DC04 10 0.0246 0.0055 0.8466 0.0185 0.0027 0.0012 0.0516 0.0210 0.0283 
        DC05 10 0.0019 0.0050 0.9520 0.0010 0.0268 0.0017 0.0055 0.0009 0.0051 
        DC06 10 0.0077 0.0018 0.9396 0.0012 0.0041 0.0029 0.0275 0.0104 0.0048 
        DC07 10 0.0047 0.0015 0.8147 0.0233 0.0034 0.0312 0.0949 0.0126 0.0137 
        DC08 10 0.0018 0.0013 0.9767 0.0010 0.0102 0.0009 0.0047 0.0011 0.0023 
        DC09 10 0.0536 0.0024 0.8677 0.0013 0.0017 0.0012 0.0023 0.0623 0.0075 
        DC10 10 0.0066 0.0023 0.7475 0.0313 0.0050 0.0029 0.0584 0.0272 0.1188 
        DC11 10 0.0065 0.0020 0.9705 0.0021 0.0052 0.0024 0.0036 0.0020 0.0056 
        DC12 10 0.0043 0.0012 0.9689 0.0009 0.0094 0.0016 0.0018 0.0095 0.0024 
        DC13 10 0.0020 0.1116 0.8633 0.0008 0.0032 0.0012 0.0094 0.0012 0.0073 
        DC14 10 0.0238 0.0052 0.8470 0.0183 0.0027 0.0012 0.0523 0.0208 0.0289 
        DC15 10 0.0035 0.0014 0.9465 0.0205 0.0038 0.0017 0.0154 0.0030 0.0043 
        DC16 10 0.0184 0.0024 0.8962 0.0158 0.0121 0.0028 0.0279 0.0213 0.0030 
        DC17 10 0.0021 0.0018 0.9669 0.0016 0.0171 0.0029 0.0027 0.0023 0.0026 
        DC18 10 0.0026 0.0017 0.8482 0.0011 0.0069 0.0014 0.0041 0.0013 0.1327 
        DC19 10 0.0019 0.0014 0.8335 0.0050 0.0020 0.0057 0.1389 0.0095 0.0021 
        DC20 10 0.0021 0.1069 0.6730 0.0142 0.0159 0.0036 0.1815 0.0011 0.0017 
        DC21 10 0.0023 0.0008 0.9850 0.0011 0.0027 0.0014 0.0021 0.0016 0.0029 
        DC22 10 0.0255 0.0012 0.7064 0.0187 0.0046 0.0681 0.0835 0.0061 0.0860 
        DC23 10 0.0029 0.0023 0.9618 0.0021 0.0181 0.0054 0.0029 0.0022 0.0022 
        DC24 10 0.0027 0.0016 0.8463 0.0011 0.0073 0.0014 0.0041 0.0013 0.1342 
        DC25 10 0.0019 0.0010 0.8893 0.0061 0.0513 0.0013 0.0433 0.0018 0.0040 
        DC26 10 0.0044 0.0012 0.9685 0.0009 0.0099 0.0016 0.0018 0.0091 0.0026 
        PC02 12 0.0014 0.0016 0.0031 0.0027 0.9861 0.0010 0.0018 0.0008 0.0014 
        PC03 12 0.0014 0.0016 0.0032 0.0025 0.9862 0.0011 0.0018 0.0008 0.0014 
        PC04 12 0.0014 0.0016 0.0032 0.0026 0.9862 0.0010 0.0018 0.0008 0.0014 
        PC05 12 0.0014 0.0017 0.0031 0.0026 0.9863 0.0010 0.0018 0.0008 0.0014 
        PC06 12 0.0014 0.0016 0.0032 0.0027 0.9860 0.0011 0.0018 0.0008 0.0014 
        PC07 12 0.0013 0.1189 0.6581 0.0009 0.2126 0.0024 0.0017 0.0026 0.0015 
        PC08 12 0.0014 0.0017 0.0030 0.0027 0.9863 0.0011 0.0017 0.0008 0.0014 
        PC09 12 0.0015 0.0017 0.0032 0.0028 0.9858 0.0010 0.0018 0.0008 0.0014 
        PC10 12 0.0014 0.0016 0.0032 0.0044 0.9842 0.0010 0.0021 0.0008 0.0014 
        PC11 12 0.0014 0.0016 0.0033 0.0026 0.9859 0.0011 0.0018 0.0008 0.0014 
        PC12 12 0.0014 0.0017 0.0032 0.0026 0.9861 0.0010 0.0018 0.0008 0.0014 
        PC13 12 0.0014 0.0018 0.0032 0.0028 0.9858 0.0011 0.0018 0.0008 0.0014 
        PC14 12 0.0014 0.0017 0.0032 0.0027 0.9860 0.0011 0.0018 0.0008 0.0015 
        PC01 12 0.0014 0.0017 0.0032 0.0026 0.9860 0.0011 0.0019 0.0008 0.0014 
      Nuke10 13 0.0011 0.0018 0.0021 0.0009 0.0011 0.0008 0.9899 0.0010 0.0012 
      Nuke11 13 0.0013 0.0027 0.0019 0.0010 0.0011 0.0008 0.9889 0.0012 0.0011 
      Nuke12 13 0.0026 0.0016 0.0140 0.0081 0.0199 0.0010 0.9429 0.0061 0.0039 
      Nuke13 13 0.0012 0.0033 0.0024 0.0011 0.0015 0.0013 0.9866 0.0010 0.0015 
      Nuke01 13 0.0018 0.0295 0.0114 0.0015 0.0054 0.0044 0.9422 0.0013 0.0025 
      Nuke02 13 0.0025 0.0015 0.0137 0.0079 0.0199 0.0010 0.9436 0.0060 0.0039 
      Nuke03 13 0.0012 0.0029 0.0019 0.0021 0.0015 0.0007 0.9875 0.0011 0.0012 
      Nuke04 13 0.0011 0.0017 0.0017 0.0009 0.0011 0.0007 0.9906 0.0010 0.0012 
      Nuke05 13 0.0015 0.0042 0.0030 0.0011 0.0021 0.0013 0.9839 0.0015 0.0014 
      Nuke06 13 0.0012 0.0065 0.0029 0.0010 0.0013 0.0015 0.9826 0.0011 0.0018 
      Nuke07 13 0.0020 0.0130 0.0198 0.0018 0.0302 0.0012 0.9269 0.0018 0.0034 
      Nuke08 13 0.0011 0.0010 0.0017 0.0011 0.0011 0.0008 0.9908 0.0012 0.0011 
      Nuke09 13 0.0012 0.0010 0.0017 0.0011 0.0011 0.0008 0.9907 0.0012 0.0012 
       Rad01 13 0.0011 0.0011 0.0041 0.0192 0.0016 0.0011 0.9692 0.0012 0.0014 
       Rad02 13 0.0014 0.2454 0.0027 0.0010 0.0022 0.0013 0.7431 0.0013 0.0017 
       Rad03 13 0.0012 0.0031 0.0047 0.0016 0.0080 0.0012 0.9771 0.0010 0.0021 
       Rad04 13 0.0012 0.0106 0.0025 0.0014 0.0017 0.0017 0.9783 0.0010 0.0016 
       Rad05 13 0.0129 0.0015 0.0024 0.0011 0.0015 0.0008 0.9772 0.0011 0.0016 
       Rad06 13 0.0012 0.0011 0.0016 0.0329 0.0019 0.0008 0.9585 0.0009 0.0012 
       Rad07 13 0.0012 0.0013 0.0019 0.0011 0.0012 0.0008 0.9902 0.0012 0.0012 
       Rad08 13 0.0017 0.0201 0.0695 0.0024 0.1422 0.0067 0.7477 0.0025 0.0073 
       Rad09 13 0.0012 0.0055 0.0020 0.0015 0.0013 0.0013 0.9851 0.0009 0.0012 
       Rad10 13 0.0012 0.0037 0.0020 0.0012 0.0013 0.0008 0.9876 0.0011 0.0012 
       Rad11 13 0.0013 0.0016 0.0063 0.0071 0.0297 0.0012 0.9498 0.0012 0.0018 
       Rad12 13 0.0011 0.0234 0.0038 0.0018 0.0070 0.0008 0.9589 0.0010 0.0022 
       Rad13 13 0.0011 0.0010 0.0017 0.0023 0.0013 0.0008 0.9894 0.0012 0.0012 
       Rad14 13 0.0012 0.0116 0.0026 0.0014 0.0017 0.0017 0.9773 0.0010 0.0016 
       Rad15 13 0.0020 0.0135 0.0080 0.0022 0.0046 0.0091 0.9567 0.0018 0.0021 
       Rad16 13 0.0011 0.0010 0.0018 0.0011 0.0011 0.0008 0.9908 0.0011 0.0012 
       HTB16 14 0.0050 0.0038 0.9004 0.0418 0.0103 0.0026 0.0054 0.0050 0.0256 
       HTB17 14 0.0073 0.1456 0.7794 0.0098 0.0060 0.0010 0.0429 0.0013 0.0067 
       HTB18 14 0.0049 0.0037 0.4321 0.0050 0.0164 0.0856 0.4481 0.0016 0.0026 
       HTB19 14 0.0041 0.0012 0.9681 0.0026 0.0024 0.0009 0.0172 0.0010 0.0025 
       HTB20 14 0.0152 0.1381 0.5940 0.0038 0.0036 0.0009 0.2397 0.0019 0.0029 
       HTB21 14 0.0234 0.0020 0.6596 0.0031 0.0028 0.0250 0.2710 0.0013 0.0119 
       HTB22 14 0.0020 0.0126 0.9557 0.0026 0.0039 0.0018 0.0150 0.0022 0.0042 
       HTB23 14 0.0038 0.0035 0.7643 0.0052 0.0028 0.0021 0.2149 0.0008 0.0026 
       HTB11 14 0.0060 0.0016 0.9366 0.0127 0.0106 0.0115 0.0107 0.0016 0.0087 
       HTB12 14 0.0042 0.0011 0.7144 0.0063 0.0035 0.0470 0.2191 0.0012 0.0033 
       HTB13 14 0.0034 0.0011 0.6481 0.0067 0.0034 0.0467 0.2868 0.0007 0.0032 
       HTB14 14 0.0021 0.0023 0.8942 0.0013 0.0107 0.0013 0.0102 0.0018 0.0762 
       HTB15 14 0.0843 0.0047 0.5191 0.0021 0.0035 0.0273 0.3325 0.0022 0.0244 
       Nel01 15 0.0023 0.0006 0.0035 0.0013 0.0025 0.0015 0.9858 0.0007 0.0018 
       Nel02 15 0.0163 0.0040 0.0036 0.0011 0.3094 0.0042 0.5324 0.0015 0.1276 
       Nel03 15 0.0023 0.0006 0.0035 0.0013 0.0028 0.0015 0.9857 0.0007 0.0017 
       Nel04 15 0.0023 0.0006 0.0035 0.0013 0.0026 0.0015 0.9857 0.0007 0.0018 
       Nel05 15 0.0014 0.0007 0.0046 0.0012 0.0014 0.0028 0.9857 0.0008 0.0014 
       Nel06 15 0.0014 0.0007 0.0046 0.0012 0.0014 0.0028 0.9855 0.0008 0.0015 
       Nel07 15 0.0014 0.0008 0.0044 0.0012 0.0014 0.0028 0.9857 0.0008 0.0014 
       Nel08 15 0.0185 0.0011 0.0545 0.0011 0.1088 0.0011 0.7940 0.0016 0.0194 
       Nel09 15 0.0014 0.0007 0.0044 0.0012 0.0014 0.0030 0.9856 0.0008 0.0015 
       Nel10 15 0.0057 0.0017 0.1804 0.0036 0.2358 0.0138 0.5513 0.0007 0.0070 
       Nel11 15 0.0023 0.0006 0.0035 0.0013 0.0025 0.0016 0.9857 0.0007 0.0018 
       Nel12 15 0.0015 0.0007 0.0046 0.0012 0.0014 0.0031 0.9853 0.0008 0.0014 
       Nel13 15 0.0040 0.0007 0.0112 0.0037 0.1377 0.0048 0.8339 0.0017 0.0023 
       Nel14 15 0.0014 0.0007 0.0046 0.0013 0.0014 0.0028 0.9856 0.0007 0.0014 
         EI1 16 0.0028 0.0021 0.0048 0.9694 0.0137 0.0010 0.0035 0.0010 0.0017 
        EI10 16 0.0021 0.0019 0.0042 0.9738 0.0112 0.0010 0.0032 0.0010 0.0017 
        EI11 16 0.0026 0.0092 0.0332 0.8776 0.0566 0.0009 0.0154 0.0029 0.0017 
        EI12 16 0.0038 0.0132 0.0216 0.8803 0.0630 0.0009 0.0127 0.0030 0.0016 
         EI2 16 0.0015 0.0017 0.0787 0.9053 0.0066 0.0009 0.0026 0.0009 0.0016 
         EI3 16 0.0039 0.0135 0.0203 0.8804 0.0644 0.0009 0.0121 0.0030 0.0015 
         EI4 16 0.0026 0.0100 0.0312 0.8789 0.0561 0.0009 0.0156 0.0030 0.0017 
         EI5 16 0.0039 0.0021 0.0038 0.9803 0.0040 0.0011 0.0021 0.0010 0.0017 
         EI6 16 0.0021 0.0019 0.0044 0.9738 0.0110 0.0010 0.0032 0.0010 0.0017 
         EI7 16 0.0092 0.0015 0.0837 0.8977 0.0026 0.0009 0.0017 0.0009 0.0018 
         EI8 16 0.0531 0.0016 0.0069 0.9136 0.0026 0.0009 0.0026 0.0144 0.0043 
         EI9 16 0.0027 0.0022 0.0050 0.9792 0.0049 0.0010 0.0020 0.0010 0.0018 
        OL01 17 0.0012 0.0014 0.0020 0.0010 0.9886 0.0014 0.0018 0.0016 0.0011 
        OL02 17 0.0020 0.0026 0.0504 0.0020 0.9195 0.0061 0.0133 0.0015 0.0025 
        OL03 17 0.0012 0.0015 0.0020 0.0010 0.9887 0.0013 0.0018 0.0014 0.0011 
        OL04 17 0.0012 0.0014 0.0020 0.0010 0.9887 0.0014 0.0018 0.0015 0.0011 
        OL06 17 0.0012 0.0014 0.0020 0.0010 0.9888 0.0014 0.0017 0.0014 0.0011 
       OSP01 17 0.0012 0.0014 0.0020 0.0010 0.9886 0.0014 0.0018 0.0015 0.0011 
       OSP02 17 0.0012 0.0015 0.0021 0.0010 0.9885 0.0014 0.0018 0.0014 0.0011 
       OSP03 17 0.0012 0.0013 0.0021 0.0010 0.9887 0.0014 0.0017 0.0015 0.0011 
       OSP04 17 0.0012 0.0014 0.0021 0.0010 0.9883 0.0015 0.0018 0.0016 0.0012 
       OSP05 17 0.0012 0.0015 0.0021 0.0010 0.9884 0.0014 0.0018 0.0015 0.0011 
       OSP06 17 0.0012 0.0014 0.0021 0.0010 0.9886 0.0015 0.0018 0.0014 0.0011 
       OSP07 17 0.0012 0.0014 0.0020 0.0010 0.9886 0.0014 0.0018 0.0015 0.0011 
       OSP10 17 0.0012 0.0015 0.0020 0.0010 0.9885 0.0014 0.0018 0.0015 0.0011 
       OSP11 17 0.0012 0.0014 0.0021 0.0010 0.9886 0.0014 0.0018 0.0015 0.0011 
       OSP12 17 0.0012 0.0014 0.0020 0.0011 0.9885 0.0013 0.0018 0.0015 0.0011 
       OSP13 17 0.0012 0.0014 0.0020 0.0010 0.9887 0.0014 0.0018 0.0015 0.0011 
       OSP14 17 0.0012 0.0015 0.0020 0.0010 0.9885 0.0014 0.0018 0.0015 0.0011 
        OY02 17 0.0021 0.0020 0.0033 0.0039 0.9476 0.0012 0.0352 0.0021 0.0026 
        OY04 17 0.0020 0.0023 0.0040 0.0019 0.9675 0.0010 0.0174 0.0015 0.0022 
        OY05 17 0.0028 0.0012 0.1668 0.0034 0.8077 0.0010 0.0034 0.0067 0.0072 
        OY06 17 0.0021 0.0009 0.3245 0.0009 0.6579 0.0014 0.0039 0.0017 0.0068 
        OY07 17 0.0017 0.0015 0.0022 0.0150 0.9667 0.0016 0.0051 0.0042 0.0021 
        OY08 17 0.0017 0.0015 0.0022 0.0144 0.9671 0.0016 0.0053 0.0042 0.0021 
        OY10 17 0.0060 0.0213 0.0542 0.0016 0.8834 0.0135 0.0024 0.0010 0.0166 
        OY12 17 0.0025 0.0018 0.0031 0.0016 0.9840 0.0011 0.0027 0.0007 0.0026 
        OY15 17 0.0021 0.0009 0.2261 0.0016 0.7527 0.0012 0.0041 0.0022 0.0092 
        OY16 17 0.0440 0.0011 0.0095 0.0147 0.4646 0.0072 0.0085 0.0010 0.4494 
        OY20 17 0.0032 0.0019 0.0558 0.0215 0.9012 0.0012 0.0031 0.0014 0.0109 
        OY26 17 0.0036 0.0025 0.0513 0.0009 0.9325 0.0010 0.0045 0.0008 0.0029 
        OY27 17 0.0019 0.0013 0.3786 0.0008 0.6016 0.0049 0.0036 0.0015 0.0059 
       RHL02 17 0.0013 0.0024 0.0124 0.2317 0.7460 0.0017 0.0022 0.0008 0.0014 
       RHL03 17 0.0014 0.0028 0.0128 0.2312 0.7459 0.0017 0.0021 0.0008 0.0015 
       RHL05 17 0.0013 0.0027 0.0127 0.2305 0.7468 0.0016 0.0022 0.0008 0.0014 
       RHL06 17 0.0014 0.0022 0.0148 0.2304 0.7448 0.0017 0.0025 0.0008 0.0014 
       RHL07 17 0.0014 0.0024 0.0111 0.2164 0.7630 0.0015 0.0019 0.0008 0.0014 
       RHL09 17 0.0014 0.0029 0.0134 0.2309 0.7453 0.0018 0.0022 0.0008 0.0015 
       RHL11 17 0.0013 0.0024 0.0110 0.2172 0.7624 0.0016 0.0019 0.0008 0.0014 
       RHL12 17 0.0015 0.0137 0.0327 0.1424 0.7329 0.0017 0.0721 0.0008 0.0021 
       RHL13 17 0.0014 0.0028 0.0125 0.2318 0.7455 0.0017 0.0021 0.0008 0.0014 
       RHL14 17 0.0014 0.0028 0.0124 0.2319 0.7456 0.0017 0.0020 0.0008 0.0014 
       MOON1 17 0.0013 0.0026 0.1922 0.0030 0.7233 0.0009 0.0473 0.0037 0.0258 
       Cre01 17 0.0011 0.0008 0.0019 0.0018 0.9892 0.0009 0.0023 0.0008 0.0012 
       Cre02 17 0.0011 0.0008 0.0019 0.0013 0.9903 0.0009 0.0018 0.0008 0.0011 
       Cre03 17 0.0011 0.0008 0.0019 0.0013 0.9902 0.0010 0.0019 0.0008 0.0011 
       Cre04 17 0.0011 0.0009 0.0019 0.0013 0.9901 0.0009 0.0020 0.0008 0.0011 
       Cre05 17 0.0011 0.0008 0.0020 0.0013 0.9902 0.0009 0.0019 0.0008 0.0011 
       Cre06 17 0.0012 0.0008 0.0024 0.0044 0.9807 0.0008 0.0076 0.0007 0.0014 
       Cre07 17 0.0011 0.0008 0.0019 0.0013 0.9902 0.0010 0.0018 0.0008 0.0011 
       Cre08 17 0.0010 0.0037 0.0020 0.0023 0.9856 0.0009 0.0024 0.0009 0.0011 
       Cre09 17 0.0012 0.0008 0.0024 0.0043 0.9809 0.0008 0.0075 0.0007 0.0014 
       Cre10 17 0.0010 0.0008 0.0018 0.0012 0.9907 0.0009 0.0018 0.0007 0.0010 
       Cre11 17 0.0011 0.0009 0.0019 0.0013 0.9903 0.0009 0.0018 0.0008 0.0011 
       SSN31 17 0.0010 0.0037 0.0019 0.0011 0.9869 0.0010 0.0025 0.0008 0.0012 
       SSN32 17 0.0011 0.0009 0.0024 0.0042 0.9811 0.0008 0.0073 0.0007 0.0014 
       SSN33 17 0.0011 0.0032 0.0017 0.0014 0.9866 0.0008 0.0032 0.0007 0.0012 
       SSN34 17 0.0011 0.0008 0.0024 0.0045 0.9808 0.0008 0.0074 0.0007 0.0014 
       SSN35 17 0.0011 0.0009 0.0019 0.0013 0.9902 0.0010 0.0018 0.0008 0.0011 
       SSN36 17 0.0011 0.0009 0.0019 0.0013 0.9902 0.0010 0.0019 0.0008 0.0011 
       SSN38 17 0.0012 0.0011 0.0825 0.0019 0.7725 0.0043 0.1334 0.0008 0.0024 
       SSN39 17 0.0011 0.0008 0.0020 0.0012 0.9907 0.0009 0.0016 0.0007 0.0011 
       SSN40 17 0.0010 0.0022 0.0017 0.0010 0.8685 0.0009 0.1222 0.0007 0.0017 
       SSN41 17 0.0010 0.0008 0.0020 0.0012 0.9907 0.0009 0.0017 0.0007 0.0010 
       BCV44 17 0.0013 0.0012 0.0065 0.0014 0.0191 0.0013 0.9669 0.0009 0.0013 
       BCV45 17 0.0010 0.0012 0.0017 0.0013 0.0028 0.0013 0.9886 0.0009 0.0012 
       BCV46 17 0.0010 0.0012 0.0016 0.0013 0.0027 0.0013 0.9887 0.0009 0.0012 
       BCV47 17 0.0010 0.0012 0.0016 0.0013 0.0027 0.0013 0.9887 0.0009 0.0012 
       BCV48 17 0.0010 0.0012 0.0016 0.0013 0.0034 0.0013 0.9880 0.0009 0.0012 
       BCV49 17 0.0010 0.0012 0.0016 0.0014 0.0035 0.0013 0.9879 0.0009 0.0012 
       BCV50 17 0.0010 0.0012 0.0016 0.0013 0.0029 0.0013 0.9886 0.0009 0.0012 
       BCV51 17 0.0010 0.0012 0.0016 0.0013 0.0033 0.0013 0.9881 0.0009 0.0012 
       BCV52 17 0.0010 0.0012 0.0016 0.0013 0.0028 0.0013 0.9886 0.0009 0.0012 
       BCV53 17 0.0010 0.0012 0.0016 0.0013 0.0028 0.0013 0.9885 0.0010 0.0012 
      SSBC01 17 0.0010 0.0012 0.0016 0.0013 0.0030 0.0013 0.9884 0.0009 0.0012 
      SSBC02 17 0.0010 0.0012 0.0016 0.0012 0.0035 0.0014 0.9880 0.0009 0.0012 
      SSBC03 17 0.0010 0.0012 0.0017 0.0014 0.0034 0.0013 0.9879 0.0009 0.0012 
      SSBC04 17 0.0010 0.0012 0.0017 0.0013 0.0029 0.0014 0.9884 0.0009 0.0012 
      SSBC05 17 0.0010 0.0012 0.0017 0.0013 0.0027 0.0013 0.9886 0.0009 0.0012 
      SSBC06 17 0.0010 0.0012 0.0017 0.0013 0.0029 0.0014 0.9883 0.0009 0.0012 
      SSBC07 17 0.0010 0.0012 0.0017 0.0013 0.0031 0.0013 0.9881 0.0010 0.0012 
       LCV01 17 0.0018 0.0008 0.0051 0.0375 0.8995 0.0013 0.0514 0.0009 0.0016 
       LCV02 17 0.0019 0.0008 0.0048 0.0369 0.8989 0.0013 0.0528 0.0009 0.0017 
