        TC01  1 0.0037 0.0023 0.9690 0.0015 0.0023 0.0050 0.0143 0.0019 
        TC02  1 0.0045 0.0025 0.9814 0.0026 0.0021 0.0019 0.0031 0.0020 
        TC03  1 0.0027 0.0032 0.9843 0.0011 0.0020 0.0025 0.0016 0.0027 
        TC04  1 0.0524 0.0312 0.8645 0.0126 0.0050 0.0301 0.0019 0.0024 
        TC05  1 0.0069 0.0025 0.9841 0.0010 0.0013 0.0010 0.0010 0.0021 
        TC06  1 0.0057 0.0948 0.8892 0.0026 0.0016 0.0029 0.0015 0.0017 
        TC07  1 0.0049 0.0028 0.9819 0.0007 0.0013 0.0013 0.0043 0.0027 
        TC08  1 0.0033 0.0023 0.9852 0.0031 0.0014 0.0010 0.0015 0.0023 
        TC09  1 0.0032 0.0568 0.8915 0.0428 0.0008 0.0015 0.0013 0.0020 
        TC10  1 0.0026 0.0290 0.9493 0.0008 0.0072 0.0011 0.0030 0.0071 
        TC11  1 0.0016 0.0015 0.9880 0.0009 0.0015 0.0014 0.0034 0.0017 
        TC12  1 0.0071 0.0120 0.9509 0.0042 0.0122 0.0055 0.0046 0.0036 
        TC13  1 0.0019 0.0039 0.9878 0.0014 0.0013 0.0010 0.0012 0.0015 
        TC14  1 0.0048 0.1061 0.8719 0.0028 0.0024 0.0044 0.0023 0.0055 
        TC15  1 0.0060 0.0549 0.9240 0.0047 0.0031 0.0026 0.0010 0.0037 
        TC16  1 0.0061 0.0722 0.8178 0.0930 0.0021 0.0023 0.0017 0.0048 
        TC17  1 0.0458 0.0777 0.8423 0.0057 0.0066 0.0045 0.0036 0.0138 
        TC18  1 0.0088 0.0050 0.9357 0.0010 0.0073 0.0329 0.0028 0.0066 
        TC19  1 0.0017 0.0037 0.9853 0.0038 0.0014 0.0010 0.0015 0.0016 
        TC20  1 0.0021 0.0037 0.9832 0.0024 0.0011 0.0035 0.0022 0.0018 
        TC21  1 0.1052 0.0041 0.8227 0.0019 0.0028 0.0246 0.0059 0.0328 
        TC22  1 0.0073 0.0034 0.9672 0.0020 0.0130 0.0016 0.0025 0.0030 
        TC23  1 0.0020 0.0034 0.9849 0.0011 0.0017 0.0016 0.0029 0.0023 
        TC24  1 0.0014 0.0021 0.9908 0.0009 0.0008 0.0007 0.0009 0.0023 
        TC25  1 0.0036 0.1357 0.8179 0.0012 0.0018 0.0228 0.0102 0.0067 
        TC26  1 0.0041 0.0264 0.9631 0.0011 0.0011 0.0011 0.0011 0.0019 
        TC27  1 0.0047 0.0084 0.9674 0.0009 0.0131 0.0015 0.0012 0.0027 
        TC28  1 0.0066 0.0280 0.9520 0.0011 0.0039 0.0039 0.0015 0.0030 
        TC29  1 0.0069 0.0310 0.9480 0.0023 0.0010 0.0041 0.0028 0.0039 
        TC30  1 0.0023 0.0043 0.9834 0.0040 0.0012 0.0011 0.0014 0.0022 
        TC31  1 0.0032 0.0018 0.9616 0.0017 0.0057 0.0100 0.0113 0.0046 
        TC32  1 0.0062 0.1265 0.8438 0.0016 0.0093 0.0019 0.0020 0.0087 
        TC33  1 0.0027 0.0035 0.9811 0.0008 0.0015 0.0016 0.0047 0.0041 
        TC34  1 0.0038 0.0776 0.9035 0.0014 0.0049 0.0013 0.0014 0.0061 
        TC35  1 0.0031 0.0083 0.9418 0.0182 0.0163 0.0046 0.0059 0.0019 
        TC36  1 0.0038 0.0032 0.9843 0.0016 0.0019 0.0014 0.0016 0.0022 
        TC37  1 0.0028 0.0012 0.9866 0.0014 0.0019 0.0016 0.0017 0.0028 
        TC38  1 0.0045 0.0289 0.9035 0.0350 0.0012 0.0222 0.0028 0.0019 
        TC39  1 0.0034 0.1473 0.8383 0.0039 0.0012 0.0024 0.0015 0.0020 
        TC40  1 0.0040 0.0400 0.9373 0.0014 0.0023 0.0019 0.0015 0.0115 
        TC41  1 0.0023 0.0020 0.9862 0.0008 0.0017 0.0012 0.0033 0.0025 
        TC42  1 0.0024 0.0065 0.9849 0.0015 0.0010 0.0009 0.0011 0.0017 
        TC43  1 0.0022 0.0048 0.9848 0.0013 0.0017 0.0018 0.0012 0.0023 
        TC44  1 0.0031 0.0121 0.9550 0.0185 0.0043 0.0014 0.0037 0.0019 
        TC45  1 0.0033 0.0019 0.9840 0.0009 0.0012 0.0063 0.0013 0.0012 
        TC46  1 0.0050 0.0028 0.9759 0.0009 0.0061 0.0050 0.0014 0.0029 
        TC47  1 0.0025 0.0074 0.9737 0.0052 0.0053 0.0018 0.0016 0.0024 
        TC48  1 0.0116 0.0061 0.9493 0.0012 0.0034 0.0076 0.0020 0.0188 
        TC49  1 0.0048 0.0028 0.9835 0.0008 0.0020 0.0015 0.0028 0.0019 
        TC50  1 0.0041 0.0022 0.9775 0.0016 0.0050 0.0028 0.0020 0.0049 
        TC51  1 0.0041 0.0161 0.9649 0.0038 0.0021 0.0021 0.0047 0.0022 
        TC52  1 0.0028 0.0047 0.9785 0.0010 0.0018 0.0049 0.0010 0.0053 
        TC53  1 0.0042 0.0053 0.9814 0.0023 0.0024 0.0009 0.0016 0.0019 
        TC54  1 0.0074 0.0109 0.9634 0.0013 0.0032 0.0024 0.0021 0.0093 
        TC55  1 0.0085 0.0341 0.9430 0.0009 0.0027 0.0034 0.0014 0.0059 
        TC56  1 0.0046 0.0052 0.9634 0.0018 0.0029 0.0106 0.0041 0.0074 
        TC57  1 0.0070 0.0027 0.9736 0.0023 0.0064 0.0017 0.0018 0.0045 
        TC58  1 0.0042 0.0042 0.9768 0.0016 0.0021 0.0015 0.0080 0.0015 
        TC59  1 0.0022 0.0027 0.9888 0.0009 0.0014 0.0009 0.0015 0.0017 
        TA01  2 0.0030 0.0058 0.9783 0.0070 0.0012 0.0010 0.0016 0.0021 
        TA02  2 0.0027 0.0023 0.9848 0.0019 0.0014 0.0014 0.0010 0.0047 
        TA03  2 0.0033 0.0038 0.9685 0.0103 0.0076 0.0014 0.0018 0.0033 
        TA04  2 0.0026 0.0105 0.6168 0.3615 0.0038 0.0012 0.0015 0.0022 
        TA05  2 0.0030 0.0019 0.9854 0.0022 0.0018 0.0018 0.0016 0.0023 
        TA06  2 0.0015 0.0065 0.9831 0.0027 0.0012 0.0010 0.0021 0.0018 
        TA07  2 0.0080 0.0034 0.8962 0.0822 0.0015 0.0014 0.0038 0.0034 
        TA08  2 0.0016 0.0113 0.9706 0.0042 0.0068 0.0022 0.0012 0.0020 
        TA09  2 0.0018 0.0045 0.9841 0.0042 0.0015 0.0009 0.0011 0.0018 
        TA10  2 0.0052 0.0047 0.9031 0.0028 0.0014 0.0012 0.0797 0.0017 
        TA11  2 0.0041 0.0096 0.9173 0.0077 0.0134 0.0038 0.0415 0.0025 
        TA12  2 0.0238 0.0021 0.9330 0.0019 0.0013 0.0012 0.0350 0.0019 
        TA13  2 0.0954 0.0188 0.8332 0.0158 0.0017 0.0014 0.0303 0.0034 
        TA14  2 0.0019 0.0055 0.9840 0.0031 0.0011 0.0008 0.0009 0.0028 
        TA15  2 0.0028 0.0055 0.9849 0.0015 0.0011 0.0008 0.0014 0.0019 
        TA16  2 0.0064 0.0189 0.9348 0.0111 0.0015 0.0011 0.0244 0.0017 
        TA17  2 0.0043 0.0037 0.9808 0.0010 0.0038 0.0011 0.0019 0.0034 
        TA18  2 0.0021 0.0020 0.9426 0.0015 0.0022 0.0010 0.0062 0.0424 
        TA19  2 0.0040 0.0061 0.8807 0.0141 0.0881 0.0011 0.0032 0.0028 
        TA20  2 0.0055 0.0039 0.9725 0.0010 0.0014 0.0017 0.0014 0.0127 
        TA21  2 0.0045 0.0204 0.9634 0.0026 0.0022 0.0017 0.0017 0.0034 
        TA22  2 0.0024 0.0115 0.9780 0.0010 0.0012 0.0011 0.0009 0.0039 
        TA23  2 0.0018 0.0145 0.9763 0.0022 0.0013 0.0009 0.0012 0.0018 
        TA24  2 0.0060 0.0025 0.9801 0.0013 0.0056 0.0011 0.0013 0.0021 
        TA25  2 0.0045 0.0051 0.7878 0.0013 0.0014 0.0010 0.1976 0.0013 
        TA26  2 0.0035 0.0371 0.9341 0.0112 0.0015 0.0058 0.0041 0.0027 
        TA27  2 0.0058 0.0031 0.9814 0.0022 0.0018 0.0009 0.0019 0.0030 
        TA28  2 0.0060 0.0034 0.9588 0.0039 0.0048 0.0073 0.0011 0.0147 
        TA29  2 0.0028 0.0161 0.9713 0.0012 0.0035 0.0012 0.0019 0.0019 
        TA30  2 0.0046 0.0647 0.7329 0.1844 0.0046 0.0024 0.0017 0.0046 
      BERM01  3 0.0016 0.9796 0.0011 0.0134 0.0009 0.0008 0.0012 0.0015 
      BERM02  3 0.0017 0.9885 0.0020 0.0034 0.0009 0.0009 0.0009 0.0017 
      BERM03  3 0.0016 0.9919 0.0011 0.0008 0.0010 0.0009 0.0013 0.0014 
      BERM04  3 0.0013 0.9916 0.0009 0.0014 0.0012 0.0010 0.0013 0.0013 
      BERM05  3 0.0018 0.9890 0.0009 0.0023 0.0013 0.0013 0.0015 0.0019 
      BERM06  3 0.0015 0.9855 0.0012 0.0074 0.0012 0.0010 0.0009 0.0013 
      BERM07  3 0.0017 0.9880 0.0014 0.0034 0.0015 0.0009 0.0017 0.0013 
      BERM08  3 0.0013 0.9903 0.0013 0.0032 0.0009 0.0011 0.0009 0.0010 
      BERM09  3 0.0016 0.5718 0.0041 0.4182 0.0011 0.0007 0.0011 0.0013 
      BERM10  3 0.0027 0.9863 0.0018 0.0033 0.0017 0.0016 0.0012 0.0014 
      BERM11  3 0.0015 0.9723 0.0017 0.0195 0.0011 0.0012 0.0013 0.0014 
      BERM12  3 0.0013 0.9542 0.0027 0.0011 0.0010 0.0177 0.0183 0.0036 
      BERM13  3 0.0020 0.9861 0.0013 0.0042 0.0026 0.0008 0.0016 0.0014 
      BERM14  3 0.0014 0.9890 0.0019 0.0032 0.0009 0.0008 0.0014 0.0014 
      CROC01  3 0.0043 0.9733 0.0016 0.0030 0.0044 0.0013 0.0024 0.0096 
      CROC02  3 0.0025 0.9864 0.0016 0.0016 0.0022 0.0018 0.0019 0.0019 
      CROC03  3 0.0020 0.9842 0.0014 0.0056 0.0017 0.0018 0.0013 0.0019 
      CROC04  3 0.0061 0.8827 0.1024 0.0016 0.0011 0.0008 0.0014 0.0039 
      CROC05  3 0.0021 0.9868 0.0012 0.0037 0.0011 0.0011 0.0022 0.0018 
      CROC06  3 0.0090 0.9305 0.0077 0.0034 0.0024 0.0016 0.0277 0.0177 
      CROC07  3 0.0032 0.9796 0.0034 0.0061 0.0023 0.0010 0.0017 0.0025 
      CROC08  3 0.0028 0.9512 0.0015 0.0020 0.0014 0.0029 0.0035 0.0348 
      CROC09  3 0.0022 0.9655 0.0010 0.0247 0.0008 0.0010 0.0010 0.0039 
      CROC10  3 0.0018 0.9421 0.0012 0.0499 0.0010 0.0010 0.0017 0.0013 
      CROC11  3 0.0021 0.9661 0.0009 0.0245 0.0008 0.0010 0.0010 0.0036 
     CROC110  3 0.0241 0.9400 0.0049 0.0225 0.0017 0.0009 0.0015 0.0044 
     CROC116  3 0.0051 0.9763 0.0044 0.0019 0.0018 0.0022 0.0017 0.0066 
      CROC12  3 0.0024 0.9904 0.0014 0.0016 0.0010 0.0010 0.0010 0.0013 
     CROC123  3 0.0014 0.9913 0.0012 0.0024 0.0007 0.0010 0.0007 0.0012 
      CROC13  3 0.0016 0.9903 0.0010 0.0011 0.0011 0.0018 0.0019 0.0012 
      CROC14  3 0.0068 0.9033 0.0022 0.0031 0.0008 0.0015 0.0804 0.0020 
      CROC15  3 0.0198 0.8825 0.0034 0.0010 0.0037 0.0092 0.0117 0.0686 
      CROC16  3 0.0025 0.9797 0.0009 0.0086 0.0012 0.0026 0.0019 0.0026 
      CROC17  3 0.0048 0.9307 0.0596 0.0009 0.0009 0.0010 0.0009 0.0011 
      CROC18  3 0.0046 0.9650 0.0032 0.0012 0.0121 0.0112 0.0010 0.0017 
      CROC19  3 0.0035 0.9829 0.0028 0.0030 0.0030 0.0013 0.0016 0.0020 
     CROC198  3 0.0018 0.9877 0.0011 0.0038 0.0013 0.0010 0.0018 0.0015 
      CROC20  3 0.0023 0.9877 0.0010 0.0025 0.0017 0.0014 0.0014 0.0019 
     CROC202  3 0.0018 0.9874 0.0011 0.0012 0.0014 0.0036 0.0021 0.0015 
      CROC21  3 0.0023 0.9871 0.0016 0.0039 0.0012 0.0011 0.0014 0.0015 
     CROC216  3 0.0110 0.9359 0.0188 0.0126 0.0023 0.0016 0.0013 0.0166 
      CROC22  3 0.0084 0.9408 0.0030 0.0043 0.0010 0.0014 0.0397 0.0014 
      CROC23  3 0.0035 0.9166 0.0103 0.0624 0.0015 0.0014 0.0015 0.0028 
      CROC24  3 0.0018 0.9825 0.0014 0.0089 0.0008 0.0017 0.0011 0.0018 
      CROC25  3 0.0014 0.9913 0.0012 0.0015 0.0009 0.0008 0.0013 0.0015 
     CROC259  3 0.0021 0.9688 0.0148 0.0036 0.0012 0.0014 0.0066 0.0016 
      CROC26  3 0.0015 0.9325 0.0579 0.0020 0.0012 0.0012 0.0018 0.0019 
      CROC27  3 0.0028 0.9406 0.0146 0.0332 0.0013 0.0012 0.0013 0.0050 
      CROC28  3 0.0017 0.9433 0.0035 0.0471 0.0007 0.0008 0.0012 0.0016 
      CROC29  3 0.0019 0.9903 0.0013 0.0012 0.0009 0.0010 0.0011 0.0023 
      CROC30  3 0.0040 0.9852 0.0021 0.0015 0.0015 0.0014 0.0014 0.0028 
      CROC31  3 0.0076 0.8485 0.0075 0.1295 0.0012 0.0013 0.0018 0.0027 
      CROC32  3 0.0016 0.9911 0.0013 0.0016 0.0011 0.0008 0.0014 0.0011 
      CROC33  3 0.0047 0.9559 0.0044 0.0024 0.0012 0.0012 0.0008 0.0295 
      CROC34  3 0.0018 0.9890 0.0015 0.0016 0.0016 0.0011 0.0015 0.0018 
      CROC35  3 0.0093 0.9673 0.0122 0.0066 0.0007 0.0017 0.0010 0.0012 
      CROC36  3 0.0017 0.9863 0.0010 0.0056 0.0010 0.0009 0.0017 0.0017 
      CROC57  3 0.0019 0.9891 0.0009 0.0016 0.0011 0.0011 0.0025 0.0018 
      CROC81  3 0.0021 0.9852 0.0012 0.0014 0.0013 0.0035 0.0015 0.0038 
      CROC84  3 0.0012 0.9792 0.0023 0.0041 0.0006 0.0054 0.0048 0.0023 
        FW01  3 0.0018 0.9899 0.0013 0.0015 0.0012 0.0017 0.0010 0.0016 
        FW02  3 0.0010 0.0012 0.0006 0.9939 0.0007 0.0007 0.0008 0.0010 
        FW03  3 0.0017 0.9907 0.0011 0.0016 0.0011 0.0015 0.0009 0.0015 
        FW04  3 0.0010 0.0012 0.0006 0.9939 0.0007 0.0007 0.0008 0.0010 
        FW05  3 0.0011 0.0012 0.0006 0.9939 0.0007 0.0007 0.0009 0.0010 
        FW06  3 0.0010 0.0012 0.0006 0.9939 0.0007 0.0007 0.0009 0.0010 
        FW07  3 0.0017 0.9906 0.0012 0.0016 0.0010 0.0015 0.0009 0.0015 
        FW08  3 0.0010 0.0012 0.0006 0.9940 0.0007 0.0007 0.0009 0.0010 
        FW09  3 0.0010 0.0013 0.0006 0.9939 0.0007 0.0007 0.0009 0.0010 
        FW10  3 0.0018 0.9902 0.0013 0.0016 0.0011 0.0014 0.0009 0.0018 
       FW100  3 0.0018 0.9897 0.0013 0.0021 0.0010 0.0015 0.0009 0.0017 
       FW101  3 0.0018 0.9903 0.0013 0.0015 0.0011 0.0014 0.0009 0.0017 
       FW102  3 0.0011 0.0013 0.0006 0.9938 0.0007 0.0007 0.0009 0.0010 
       FW103  3 0.0010 0.0012 0.0006 0.9939 0.0007 0.0007 0.0008 0.0010 
       FW104  3 0.0019 0.9897 0.0013 0.0017 0.0012 0.0017 0.0009 0.0016 
       FW105  3 0.0019 0.9899 0.0013 0.0016 0.0010 0.0015 0.0009 0.0017 
       FW106  3 0.0057 0.9286 0.0041 0.0426 0.0091 0.0034 0.0012 0.0053 
       FW107  3 0.0019 0.9897 0.0012 0.0016 0.0012 0.0017 0.0010 0.0017 
       FW108  3 0.0010 0.0012 0.0006 0.9939 0.0007 0.0007 0.0009 0.0010 
       FW109  3 0.0018 0.9901 0.0013 0.0016 0.0010 0.0016 0.0009 0.0017 
        FW11  3 0.0018 0.9897 0.0013 0.0021 0.0011 0.0015 0.0009 0.0016 
       FW110  3 0.0016 0.9907 0.0011 0.0015 0.0011 0.0015 0.0009 0.0015 
       FW111  3 0.0010 0.0012 0.0006 0.9939 0.0007 0.0007 0.0009 0.0010 
       FW112  3 0.0018 0.9899 0.0013 0.0020 0.0011 0.0015 0.0009 0.0016 
       FW113  3 0.0010 0.0012 0.0006 0.9939 0.0007 0.0007 0.0009 0.0010 
       FW114  3 0.0017 0.9902 0.0016 0.0015 0.0011 0.0014 0.0009 0.0015 
       FW115  3 0.0018 0.9901 0.0013 0.0015 0.0011 0.0015 0.0009 0.0018 
       FW116  3 0.0010 0.0013 0.0006 0.9939 0.0007 0.0007 0.0008 0.0010 
        FW12  3 0.0010 0.0012 0.0006 0.9939 0.0007 0.0007 0.0009 0.0010 
        FW13  3 0.0010 0.0013 0.0007 0.9938 0.0007 0.0007 0.0009 0.0010 
        FW14  3 0.0019 0.9897 0.0012 0.0016 0.0012 0.0018 0.0010 0.0016 
        FW15  3 0.0019 0.9897 0.0012 0.0016 0.0012 0.0017 0.0010 0.0016 
        FW16  3 0.0017 0.9903 0.0013 0.0016 0.0011 0.0015 0.0009 0.0017 
        FW17  3 0.0018 0.9903 0.0012 0.0015 0.0010 0.0015 0.0009 0.0017 
        FW18  3 0.0017 0.9898 0.0013 0.0021 0.0011 0.0015 0.0009 0.0016 
        FW19  3 0.0010 0.0012 0.0006 0.9940 0.0007 0.0007 0.0009 0.0010 
        FW20  3 0.0010 0.0012 0.0006 0.9939 0.0007 0.0007 0.0008 0.0010 
        FW21  3 0.0010 0.0012 0.0006 0.9940 0.0007 0.0007 0.0008 0.0010 
        FW22  3 0.0018 0.9896 0.0013 0.0022 0.0011 0.0015 0.0009 0.0016 
        FW23  3 0.0010 0.0012 0.0006 0.9940 0.0007 0.0007 0.0009 0.0010 
        FW24  3 0.0010 0.0012 0.0006 0.9939 0.0007 0.0007 0.0009 0.0010 
        FW25  3 0.0010 0.0012 0.0006 0.9939 0.0007 0.0007 0.0009 0.0010 
        FW26  3 0.0010 0.0012 0.0007 0.9939 0.0007 0.0007 0.0009 0.0010 
        FW27  3 0.0018 0.9901 0.0013 0.0016 0.0011 0.0015 0.0009 0.0017 
        FW28  3 0.0011 0.0012 0.0006 0.9939 0.0007 0.0007 0.0008 0.0010 
        FW29  3 0.0010 0.0013 0.0006 0.9938 0.0007 0.0007 0.0009 0.0010 
        FW30  3 0.0058 0.9312 0.0039 0.0409 0.0082 0.0036 0.0012 0.0053 
        FW32  3 0.0019 0.9898 0.0012 0.0015 0.0012 0.0018 0.0009 0.0016 
        FW33  3 0.0041 0.0082 0.0022 0.9792 0.0007 0.0007 0.0009 0.0041 
        FW34  3 0.0011 0.0012 0.0006 0.9939 0.0007 0.0007 0.0008 0.0010 
        FW35  3 0.0011 0.0013 0.0006 0.9938 0.0007 0.0007 0.0009 0.0010 
        FW36  3 0.0010 0.0012 0.0006 0.9939 0.0007 0.0007 0.0009 0.0010 
        FW37  3 0.0019 0.9902 0.0013 0.0015 0.0011 0.0015 0.0009 0.0017 
        FW51  3 0.0011 0.0012 0.0006 0.9939 0.0007 0.0007 0.0008 0.0010 
        FW52  3 0.0017 0.9901 0.0013 0.0016 0.0011 0.0015 0.0009 0.0018 
        FW53  3 0.0010 0.0012 0.0006 0.9938 0.0007 0.0007 0.0009 0.0010 
        FW54  3 0.0017 0.9907 0.0012 0.0015 0.0011 0.0015 0.0009 0.0015 
        FW55  3 0.0010 0.0012 0.0006 0.9939 0.0007 0.0007 0.0008 0.0010 
        FW56  3 0.0010 0.0012 0.0006 0.9939 0.0007 0.0007 0.0009 0.0010 
        FW57  3 0.0010 0.0012 0.0006 0.9939 0.0007 0.0007 0.0009 0.0010 
        FW78  3 0.0010 0.0012 0.0006 0.9939 0.0007 0.0007 0.0009 0.0010 
        FW79  3 0.0010 0.0013 0.0006 0.9939 0.0007 0.0007 0.0008 0.0010 
        FW80  3 0.0010 0.0012 0.0006 0.9939 0.0007 0.0007 0.0009 0.0010 
        FW81  3 0.0017 0.9906 0.0011 0.0016 0.0011 0.0016 0.0009 0.0015 
        FW82  3 0.0018 0.9902 0.0013 0.0016 0.0011 0.0015 0.0009 0.0017 
        FW83  3 0.0019 0.9899 0.0013 0.0015 0.0012 0.0017 0.0009 0.0016 
        FW84  3 0.0010 0.0012 0.0006 0.9939 0.0007 0.0007 0.0009 0.0010 
        FW85  3 0.0028 0.9829 0.0025 0.0021 0.0011 0.0049 0.0009 0.0028 
        FW86  3 0.0018 0.9896 0.0013 0.0021 0.0011 0.0016 0.0009 0.0017 
        FW87  3 0.0018 0.9899 0.0012 0.0021 0.0011 0.0015 0.0009 0.0016 
        FW88  3 0.0010 0.0012 0.0006 0.9939 0.0007 0.0007 0.0009 0.0010 
        FW89  3 0.0010 0.0013 0.0006 0.9938 0.0007 0.0007 0.0009 0.0010 
        FW90  3 0.0010 0.0012 0.0006 0.9939 0.0007 0.0007 0.0008 0.0010 
        FW91  3 0.0017 0.9902 0.0013 0.0016 0.0011 0.0015 0.0009 0.0017 
        FW92  3 0.0010 0.0012 0.0006 0.9939 0.0007 0.0007 0.0009 0.0010 
        FW93  3 0.0010 0.0013 0.0006 0.9938 0.0007 0.0007 0.0009 0.0010 
        FW94  3 0.0018 0.9903 0.0013 0.0015 0.0011 0.0015 0.0009 0.0017 
        FW95  3 0.0010 0.0012 0.0006 0.9939 0.0007 0.0007 0.0008 0.0010 
        FW96  3 0.0010 0.0013 0.0006 0.9939 0.0007 0.0007 0.0009 0.0010 
        FW97  3 0.0028 0.9734 0.0014 0.0080 0.0054 0.0020 0.0039 0.0031 
        FW98  3 0.0017 0.9907 0.0012 0.0015 0.0010 0.0015 0.0009 0.0015 
        FW99  3 0.0010 0.0013 0.0006 0.9939 0.0007 0.0007 0.0008 0.0010 
       Cal01  3 0.0029 0.7246 0.0018 0.2618 0.0009 0.0013 0.0016 0.0050 
       Cal02  3 0.0023 0.9889 0.0011 0.0028 0.0010 0.0012 0.0012 0.0014 
       Cal03  3 0.0015 0.9817 0.0010 0.0115 0.0009 0.0010 0.0007 0.0017 
       Cal04  3 0.0028 0.9871 0.0015 0.0007 0.0032 0.0017 0.0012 0.0019 
       Cal05  3 0.0011 0.9889 0.0023 0.0042 0.0008 0.0008 0.0007 0.0011 
       Cal06  3 0.0038 0.9834 0.0035 0.0032 0.0009 0.0011 0.0018 0.0023 
       Cal07  3 0.0014 0.9743 0.0065 0.0143 0.0007 0.0007 0.0009 0.0012 
       Cal08  3 0.0033 0.9692 0.0020 0.0127 0.0029 0.0017 0.0045 0.0037 
       Cal09  3 0.0052 0.9524 0.0238 0.0124 0.0012 0.0025 0.0012 0.0013 
       Cal10  3 0.0027 0.9891 0.0015 0.0011 0.0011 0.0012 0.0009 0.0023 
       Cal11  3 0.0029 0.9594 0.0029 0.0051 0.0030 0.0011 0.0234 0.0023 
      Cal197  3 0.0036 0.6750 0.0021 0.3152 0.0008 0.0008 0.0008 0.0017 
      Cal198  3 0.0035 0.8998 0.0291 0.0035 0.0016 0.0008 0.0010 0.0607 
      Cal199  3 0.0014 0.9787 0.0009 0.0039 0.0096 0.0012 0.0011 0.0031 
      Cal200  3 0.0045 0.9392 0.0031 0.0439 0.0007 0.0015 0.0020 0.0051 
      Cal201  3 0.0020 0.9544 0.0029 0.0366 0.0007 0.0007 0.0012 0.0015 
      Cal202  3 0.0133 0.9423 0.0017 0.0060 0.0056 0.0077 0.0013 0.0222 
      Cal203  3 0.0017 0.9896 0.0010 0.0012 0.0012 0.0011 0.0024 0.0018 
      Cal204  3 0.0020 0.9889 0.0013 0.0016 0.0012 0.0014 0.0014 0.0023 
      Cal205  3 0.0020 0.9894 0.0013 0.0024 0.0011 0.0010 0.0008 0.0021 
      Cal206  3 0.0020 0.9881 0.0010 0.0037 0.0012 0.0016 0.0011 0.0013 
      Cal207  3 0.0016 0.9809 0.0019 0.0034 0.0007 0.0008 0.0009 0.0097 
      Cal208  3 0.0019 0.9895 0.0010 0.0017 0.0015 0.0010 0.0015 0.0018 
      Cal209  3 0.0014 0.9834 0.0011 0.0099 0.0010 0.0011 0.0010 0.0011 
      Cal210  3 0.0015 0.9792 0.0009 0.0038 0.0093 0.0012 0.0011 0.0031 
      Cal211  3 0.0017 0.9663 0.0015 0.0262 0.0009 0.0008 0.0010 0.0016 
      Cal212  3 0.0019 0.9871 0.0012 0.0045 0.0012 0.0009 0.0009 0.0023 
      Cal213  3 0.0049 0.8930 0.0193 0.0096 0.0013 0.0010 0.0007 0.0701 
      Cal214  3 0.0061 0.9707 0.0011 0.0006 0.0158 0.0012 0.0011 0.0034 
      Cal215  3 0.0023 0.9783 0.0013 0.0102 0.0024 0.0021 0.0017 0.0018 
      Cal216  3 0.0016 0.9673 0.0021 0.0240 0.0007 0.0010 0.0012 0.0020 
      Cal217  3 0.0017 0.9852 0.0016 0.0074 0.0007 0.0007 0.0012 0.0014 
      Cal218  3 0.0018 0.9696 0.0013 0.0226 0.0011 0.0009 0.0009 0.0017 
      Cal219  3 0.0024 0.9829 0.0013 0.0082 0.0016 0.0009 0.0014 0.0013 
      Cal220  3 0.0038 0.9639 0.0019 0.0047 0.0174 0.0009 0.0040 0.0036 
      Cal221  3 0.0016 0.9872 0.0011 0.0045 0.0021 0.0009 0.0009 0.0017 
      Cal222  3 0.0015 0.9881 0.0011 0.0023 0.0029 0.0010 0.0011 0.0020 
      Cal223  3 0.0046 0.9327 0.0441 0.0054 0.0028 0.0012 0.0031 0.0060 
      Cal224  3 0.0022 0.9076 0.0021 0.0011 0.0016 0.0075 0.0026 0.0754 
       Cal33  3 0.0027 0.9901 0.0012 0.0018 0.0010 0.0010 0.0009 0.0013 
       Cal34  3 0.0020 0.9877 0.0024 0.0012 0.0009 0.0014 0.0010 0.0033 
       Cal35  3 0.0017 0.9904 0.0019 0.0020 0.0008 0.0009 0.0009 0.0014 
       Cal37  3 0.0085 0.9813 0.0037 0.0018 0.0009 0.0010 0.0009 0.0019 
       Cal38  3 0.0017 0.6992 0.0014 0.2935 0.0012 0.0007 0.0011 0.0012 
       Cal39  3 0.0015 0.9808 0.0013 0.0105 0.0014 0.0020 0.0013 0.0012 
       Cal40  3 0.0015 0.9829 0.0010 0.0105 0.0009 0.0011 0.0010 0.0011 
       Cal41  3 0.0013 0.9905 0.0011 0.0030 0.0009 0.0009 0.0010 0.0011 
       Cal42  3 0.0020 0.9889 0.0009 0.0029 0.0010 0.0012 0.0017 0.0014 
       Cal43  3 0.0021 0.9898 0.0014 0.0019 0.0013 0.0008 0.0011 0.0015 
       Cal44  3 0.0020 0.9690 0.0014 0.0107 0.0101 0.0011 0.0014 0.0043 
        BW41  3 0.0032 0.9531 0.0018 0.0036 0.0025 0.0303 0.0015 0.0041 
        BW42  3 0.0043 0.9876 0.0017 0.0012 0.0017 0.0010 0.0012 0.0014 
        BW44  3 0.0017 0.9891 0.0022 0.0020 0.0012 0.0008 0.0013 0.0016 
        BW45  3 0.0012 0.9835 0.0016 0.0102 0.0008 0.0007 0.0010 0.0010 
        BW46  3 0.0020 0.9904 0.0010 0.0018 0.0011 0.0010 0.0010 0.0016 
        BW47  3 0.0031 0.9351 0.0084 0.0149 0.0163 0.0193 0.0009 0.0021 
        BW48  3 0.0038 0.9780 0.0021 0.0060 0.0028 0.0024 0.0025 0.0024 
        BW49  3 0.0020 0.9727 0.0062 0.0144 0.0009 0.0008 0.0016 0.0014 
        BW50  3 0.0018 0.9895 0.0011 0.0031 0.0009 0.0010 0.0011 0.0014 
        BW51  3 0.0015 0.9599 0.0109 0.0236 0.0011 0.0008 0.0011 0.0012 
        BW52  3 0.0017 0.9876 0.0012 0.0017 0.0010 0.0009 0.0045 0.0013 
        BW53  3 0.0069 0.9726 0.0039 0.0023 0.0053 0.0011 0.0009 0.0070 
        BW54  3 0.0037 0.8804 0.0050 0.0051 0.0921 0.0041 0.0014 0.0081 
        BW55  3 0.0017 0.9894 0.0011 0.0017 0.0012 0.0010 0.0020 0.0019 
        BW56  3 0.0017 0.9891 0.0014 0.0023 0.0008 0.0021 0.0011 0.0015 
        BW57  3 0.0019 0.9877 0.0017 0.0034 0.0008 0.0010 0.0010 0.0025 
        BW58  3 0.0017 0.9901 0.0017 0.0020 0.0014 0.0010 0.0010 0.0012 
        BW59  3 0.0025 0.9326 0.0016 0.0593 0.0010 0.0009 0.0010 0.0011 
        BW60  3 0.0015 0.9915 0.0013 0.0011 0.0009 0.0010 0.0011 0.0017 
        BW61  3 0.0132 0.8958 0.0027 0.0194 0.0011 0.0647 0.0016 0.0015 
        BW62  3 0.0021 0.9869 0.0015 0.0026 0.0017 0.0016 0.0010 0.0026 
        BW63  3 0.0094 0.9304 0.0245 0.0029 0.0062 0.0017 0.0011 0.0239 
        BW64  3 0.0016 0.9867 0.0012 0.0062 0.0010 0.0008 0.0010 0.0014 
        BW65  3 0.0077 0.9658 0.0036 0.0034 0.0035 0.0050 0.0022 0.0088 
        BW66  3 0.0016 0.9832 0.0035 0.0035 0.0011 0.0017 0.0036 0.0018 
        BW67  3 0.0013 0.8182 0.0013 0.1752 0.0008 0.0008 0.0010 0.0014 
        BW68  3 0.0033 0.9838 0.0026 0.0027 0.0016 0.0026 0.0010 0.0024 
        BW69  3 0.0018 0.9481 0.0011 0.0014 0.0016 0.0434 0.0012 0.0014 
        BW70  3 0.0021 0.9388 0.0022 0.0505 0.0017 0.0009 0.0015 0.0023 
        BW71  3 0.0014 0.9504 0.0014 0.0427 0.0009 0.0008 0.0014 0.0010 
        BW72  3 0.0078 0.9643 0.0028 0.0050 0.0030 0.0047 0.0032 0.0091 
        BW73  3 0.0208 0.9217 0.0037 0.0053 0.0017 0.0187 0.0267 0.0014 
        BW74  3 0.0033 0.9838 0.0027 0.0041 0.0020 0.0012 0.0014 0.0016 
        BW75  3 0.0108 0.9526 0.0081 0.0082 0.0023 0.0010 0.0142 0.0028 
        BW76  3 0.0021 0.9837 0.0013 0.0045 0.0017 0.0027 0.0015 0.0026 
        BW77  3 0.0072 0.8501 0.0111 0.1215 0.0017 0.0021 0.0013 0.0049 
        BW78  3 0.0013 0.9902 0.0024 0.0011 0.0013 0.0010 0.0013 0.0013 
        BW79  3 0.0060 0.9813 0.0021 0.0060 0.0011 0.0010 0.0013 0.0012 
        BW80  3 0.0030 0.9879 0.0012 0.0029 0.0012 0.0010 0.0010 0.0018 
        BW81  3 0.0016 0.9911 0.0017 0.0014 0.0009 0.0011 0.0010 0.0013 
       BWS05  3 0.0054 0.9643 0.0028 0.0093 0.0045 0.0084 0.0027 0.0027 
       BWS06  3 0.0017 0.9850 0.0013 0.0056 0.0023 0.0011 0.0013 0.0019 
       BWS07  3 0.0258 0.9378 0.0038 0.0289 0.0009 0.0007 0.0007 0.0014 
       BWS08  3 0.0036 0.9603 0.0099 0.0030 0.0016 0.0118 0.0040 0.0058 
       BWS09  3 0.0014 0.9615 0.0011 0.0316 0.0008 0.0008 0.0009 0.0018 
       BWS10  3 0.0024 0.9687 0.0021 0.0066 0.0018 0.0014 0.0013 0.0156 
       BWS11  3 0.0020 0.9900 0.0011 0.0025 0.0011 0.0009 0.0011 0.0013 
       BWS12  3 0.0022 0.9879 0.0016 0.0019 0.0014 0.0009 0.0024 0.0016 
       BWS13  3 0.0017 0.9892 0.0010 0.0010 0.0011 0.0008 0.0013 0.0039 
       BWS14  3 0.0023 0.9902 0.0013 0.0016 0.0012 0.0012 0.0008 0.0014 
       BWS15  3 0.0050 0.9731 0.0027 0.0038 0.0047 0.0017 0.0049 0.0041 
       BWS16  3 0.0016 0.9818 0.0104 0.0010 0.0019 0.0010 0.0010 0.0013 
       BWS17  3 0.0018 0.9881 0.0014 0.0015 0.0013 0.0022 0.0014 0.0023 
       BWS18  3 0.0038 0.9501 0.0025 0.0053 0.0046 0.0011 0.0009 0.0318 
       BWS19  3 0.0119 0.9514 0.0021 0.0120 0.0043 0.0113 0.0011 0.0059 
       BWS20  3 0.0014 0.9871 0.0050 0.0023 0.0007 0.0009 0.0011 0.0015 
       BWS21  3 0.0139 0.9133 0.0040 0.0014 0.0313 0.0016 0.0018 0.0327 
       BWS22  3 0.0020 0.9742 0.0012 0.0162 0.0009 0.0011 0.0010 0.0033 
       BWS23  3 0.0035 0.9590 0.0021 0.0029 0.0022 0.0014 0.0009 0.0281 
       BWS24  3 0.0106 0.9751 0.0033 0.0021 0.0021 0.0012 0.0016 0.0041 
       BWS25  3 0.0114 0.9808 0.0010 0.0012 0.0009 0.0027 0.0010 0.0012 
       BWS26  3 0.0026 0.9888 0.0017 0.0014 0.0010 0.0013 0.0018 0.0015 
       BWS27  3 0.0032 0.9871 0.0040 0.0017 0.0011 0.0008 0.0009 0.0012 
       BWS28  3 0.0050 0.9802 0.0019 0.0023 0.0034 0.0021 0.0013 0.0038 
       BWS29  3 0.0023 0.9859 0.0019 0.0016 0.0017 0.0022 0.0021 0.0022 
       BWS30  3 0.0019 0.9017 0.0014 0.0895 0.0010 0.0011 0.0011 0.0023 
       BWS31  3 0.0023 0.9806 0.0060 0.0032 0.0011 0.0043 0.0009 0.0017 
       BWS32  3 0.0035 0.9837 0.0034 0.0037 0.0013 0.0010 0.0016 0.0018 
       BWS33  3 0.0032 0.9835 0.0013 0.0014 0.0033 0.0025 0.0015 0.0033 
       BWS34  3 0.0022 0.9867 0.0016 0.0014 0.0014 0.0014 0.0019 0.0033 
       BWS35  3 0.0028 0.9803 0.0020 0.0014 0.0081 0.0014 0.0020 0.0021 
       BWS36  3 0.0013 0.9896 0.0011 0.0023 0.0010 0.0009 0.0026 0.0011 
       BWS37  3 0.0018 0.9874 0.0018 0.0024 0.0012 0.0029 0.0010 0.0015 
       BWS38  3 0.0030 0.9764 0.0029 0.0092 0.0020 0.0012 0.0029 0.0024 
       BWS39  3 0.0015 0.7551 0.0019 0.2369 0.0011 0.0009 0.0011 0.0015 
       BWS40  3 0.0017 0.9882 0.0011 0.0021 0.0017 0.0011 0.0027 0.0015 
       BWN01  3 0.0015 0.9882 0.0025 0.0023 0.0012 0.0014 0.0013 0.0015 
       BWN02  3 0.0016 0.8720 0.0777 0.0442 0.0014 0.0010 0.0009 0.0013 
       BWN03  3 0.0058 0.9703 0.0015 0.0023 0.0045 0.0058 0.0030 0.0068 
       BWN04  3 0.0017 0.9756 0.0035 0.0108 0.0008 0.0011 0.0049 0.0016 
        NC01  4 0.0283 0.0664 0.8771 0.0214 0.0012 0.0009 0.0016 0.0029 
        NC02  4 0.0037 0.0107 0.9620 0.0153 0.0014 0.0026 0.0022 0.0022 
        NC03  4 0.0034 0.0024 0.9835 0.0029 0.0008 0.0009 0.0010 0.0051 
        NC04  4 0.0031 0.0050 0.9841 0.0024 0.0012 0.0011 0.0013 0.0018 
        NC05  4 0.0358 0.0160 0.9284 0.0022 0.0027 0.0021 0.0028 0.0100 
        NC06  4 0.0037 0.0211 0.9446 0.0093 0.0016 0.0172 0.0009 0.0016 
        NC07  4 0.0021 0.0077 0.9823 0.0027 0.0015 0.0010 0.0012 0.0015 
        NC08  4 0.0026 0.0114 0.8800 0.0982 0.0010 0.0019 0.0021 0.0027 
        NC09  4 0.0026 0.0070 0.9759 0.0062 0.0019 0.0011 0.0022 0.0033 
        NC10  4 0.0020 0.1782 0.7439 0.0710 0.0008 0.0009 0.0016 0.0016 
        NC11  4 0.0061 0.0334 0.9472 0.0026 0.0028 0.0020 0.0029 0.0029 
        NC12  4 0.0029 0.0068 0.9816 0.0012 0.0011 0.0035 0.0010 0.0019 
        NC13  4 0.0041 0.0047 0.9729 0.0024 0.0027 0.0008 0.0009 0.0115 
        NC14  4 0.0135 0.0098 0.9618 0.0085 0.0012 0.0013 0.0019 0.0021 
        NC15  4 0.0033 0.0082 0.9764 0.0032 0.0024 0.0019 0.0017 0.0028 
        NC16  4 0.0187 0.0188 0.9474 0.0092 0.0018 0.0010 0.0016 0.0017 
        NC18  4 0.0039 0.0072 0.9700 0.0078 0.0011 0.0012 0.0066 0.0022 
        NC19  4 0.0018 0.0023 0.9901 0.0016 0.0008 0.0010 0.0008 0.0016 
        NC20  4 0.0028 0.0511 0.8319 0.0929 0.0020 0.0056 0.0072 0.0065 
        NC21  4 0.0059 0.0066 0.8814 0.0910 0.0012 0.0012 0.0010 0.0118 
        NC22  4 0.0014 0.0397 0.9193 0.0219 0.0011 0.0124 0.0021 0.0022 
        NC23  4 0.0047 0.0143 0.9554 0.0180 0.0011 0.0010 0.0029 0.0028 
        NC24  4 0.0019 0.0032 0.9875 0.0012 0.0013 0.0015 0.0021 0.0014 
      SAND01  4 0.0013 0.0023 0.0013 0.9909 0.0012 0.0008 0.0010 0.0014 
      SAND02  4 0.0023 0.0058 0.0011 0.9776 0.0011 0.0096 0.0011 0.0015 
      SAND03  4 0.0010 0.0021 0.0008 0.9926 0.0008 0.0007 0.0008 0.0010 
      SAND04  4 0.0015 0.0017 0.0011 0.9914 0.0010 0.0011 0.0009 0.0014 
      SAND05  4 0.0014 0.0020 0.0010 0.9915 0.0010 0.0009 0.0010 0.0013 
      SAND06  4 0.0019 0.0022 0.0017 0.9900 0.0009 0.0011 0.0009 0.0014 
      SAND07  4 0.0012 0.0025 0.0011 0.9903 0.0013 0.0008 0.0016 0.0012 
      SAND08  4 0.0015 0.0044 0.0088 0.9804 0.0009 0.0016 0.0012 0.0012 
      SAND09  4 0.0047 0.0903 0.0366 0.8558 0.0052 0.0020 0.0018 0.0036 
      SAND10  4 0.0028 0.0045 0.0105 0.9686 0.0046 0.0060 0.0015 0.0015 
      SAND11  4 0.0016 0.0030 0.0010 0.9897 0.0010 0.0011 0.0011 0.0016 
      SAND12  4 0.0013 0.0017 0.0011 0.9915 0.0009 0.0009 0.0012 0.0014 
      SAND13  4 0.0028 0.0044 0.0113 0.9679 0.0044 0.0062 0.0015 0.0015 
      SAND14  4 0.0034 0.0076 0.0043 0.9631 0.0030 0.0139 0.0021 0.0027 
      SAND15  4 0.0013 0.0022 0.0011 0.9909 0.0009 0.0008 0.0008 0.0019 
      SAND16  4 0.0096 0.0044 0.0133 0.9649 0.0038 0.0010 0.0008 0.0022 
      SAND17  4 0.0013 0.0035 0.0011 0.9899 0.0010 0.0009 0.0010 0.0012 
      SAND18  4 0.0012 0.0023 0.0011 0.9917 0.0008 0.0009 0.0009 0.0012 
      SAND19  4 0.0012 0.0019 0.0009 0.9925 0.0009 0.0008 0.0007 0.0012 
      SAND20  4 0.0012 0.0027 0.0037 0.9879 0.0011 0.0007 0.0016 0.0012 
      SAND21  4 0.0013 0.0040 0.0015 0.9889 0.0011 0.0009 0.0013 0.0011 
      SAND22  4 0.0013 0.0079 0.0036 0.9835 0.0009 0.0006 0.0009 0.0012 
      SAND23  4 0.0015 0.0036 0.0009 0.9899 0.0009 0.0012 0.0008 0.0013 
      SAND24  4 0.0021 0.9886 0.0014 0.0013 0.0012 0.0025 0.0011 0.0018 
      SAND25  4 0.0040 0.0018 0.0041 0.9828 0.0028 0.0012 0.0012 0.0020 
      SAND26  4 0.0011 0.0016 0.0015 0.9920 0.0008 0.0010 0.0008 0.0012 
      SAND27  4 0.0029 0.0244 0.1618 0.8008 0.0015 0.0017 0.0030 0.0040 
      SAND28  4 0.0013 0.0025 0.0011 0.9909 0.0008 0.0011 0.0010 0.0013 
      SAND29  4 0.0013 0.0020 0.0009 0.9921 0.0008 0.0008 0.0009 0.0012 
      SAND30  4 0.0014 0.0062 0.0027 0.9852 0.0008 0.0007 0.0010 0.0020 
      SAND31  4 0.0014 0.0015 0.0017 0.9907 0.0009 0.0007 0.0016 0.0015 
      SAND32  4 0.0028 0.0040 0.0591 0.9248 0.0026 0.0043 0.0009 0.0015 
      SAND33  4 0.0015 0.0044 0.0018 0.9845 0.0024 0.0015 0.0020 0.0019 
      SAND34  4 0.0013 0.0026 0.0013 0.9908 0.0008 0.0009 0.0008 0.0015 
      SAND35  4 0.0010 0.0014 0.0008 0.9934 0.0008 0.0007 0.0009 0.0010 
      SAND36  4 0.0017 0.0093 0.0016 0.9835 0.0009 0.0010 0.0009 0.0012 
      SAND37  4 0.0015 0.0095 0.0022 0.9828 0.0009 0.0009 0.0009 0.0014 
      SAND38  4 0.0017 0.0034 0.0024 0.9874 0.0013 0.0010 0.0015 0.0014 
      SAND39  4 0.0016 0.0037 0.0093 0.9813 0.0008 0.0011 0.0010 0.0014 
      SAND40  4 0.0035 0.0051 0.0020 0.9755 0.0013 0.0062 0.0024 0.0039 
      SAND41  4 0.0018 0.0039 0.0015 0.9870 0.0009 0.0021 0.0011 0.0016 
      SAND42  4 0.0022 0.0073 0.0018 0.9803 0.0023 0.0018 0.0020 0.0023 
      SAND43  4 0.0028 0.2504 0.0076 0.7306 0.0023 0.0019 0.0017 0.0027 
      SAND44  4 0.0011 0.0016 0.0011 0.9920 0.0008 0.0007 0.0015 0.0011 
       Hon01  5 0.0022 0.0010 0.9873 0.0008 0.0035 0.0015 0.0018 0.0018 
       Hon02  5 0.0023 0.0054 0.9767 0.0092 0.0008 0.0014 0.0011 0.0030 
       Hon03  5 0.0062 0.0021 0.8501 0.0319 0.0018 0.0218 0.0321 0.0540 
       Hon04  5 0.0025 0.0015 0.9875 0.0014 0.0019 0.0011 0.0016 0.0026 
       Hon05  5 0.0021 0.0018 0.9886 0.0010 0.0011 0.0018 0.0019 0.0018 
       Hon06  5 0.0017 0.0011 0.9904 0.0010 0.0025 0.0008 0.0013 0.0013 
       Hon07  5 0.0017 0.0014 0.9893 0.0009 0.0013 0.0014 0.0020 0.0020 
       Hon08  5 0.0023 0.0019 0.9889 0.0010 0.0013 0.0009 0.0011 0.0026 
       Hon09  5 0.0016 0.0024 0.8325 0.1541 0.0010 0.0017 0.0032 0.0036 
       Hon10  5 0.0024 0.0017 0.9636 0.0010 0.0043 0.0036 0.0204 0.0031 
       Hon11  5 0.0536 0.0071 0.9189 0.0014 0.0111 0.0021 0.0028 0.0029 
       Hon12  5 0.0015 0.0035 0.9619 0.0201 0.0013 0.0019 0.0037 0.0062 
       Hon13  5 0.0023 0.0017 0.9889 0.0008 0.0010 0.0018 0.0017 0.0019 
       Hon14  5 0.0030 0.0014 0.9672 0.0008 0.0010 0.0139 0.0027 0.0099 
       Hon15  5 0.0020 0.0009 0.9855 0.0012 0.0028 0.0012 0.0012 0.0051 
       Hon16  5 0.0022 0.0019 0.9891 0.0009 0.0014 0.0010 0.0011 0.0025 
       Hon17  5 0.0022 0.0013 0.9905 0.0009 0.0013 0.0008 0.0014 0.0014 
       Hon18  5 0.0023 0.0161 0.9284 0.0467 0.0012 0.0009 0.0013 0.0030 
       Hon19  5 0.0021 0.0018 0.9771 0.0009 0.0017 0.0010 0.0071 0.0082 
       Hon20  5 0.0071 0.0016 0.9801 0.0007 0.0049 0.0010 0.0025 0.0021 
      ERIN01  6 0.0013 0.0008 0.0006 0.0005 0.0010 0.0010 0.9935 0.0013 
      ERIN02  6 0.0013 0.0008 0.0006 0.0005 0.0010 0.0011 0.9934 0.0013 
      ERIN03  6 0.0013 0.0008 0.0006 0.0005 0.0010 0.0010 0.9935 0.0012 
      ERIN04  6 0.0013 0.0008 0.0006 0.0005 0.0010 0.0011 0.9934 0.0013 
      ERIN05  6 0.0013 0.0008 0.0006 0.0005 0.0010 0.0010 0.9934 0.0013 
      ERIN06  6 0.0013 0.0008 0.0006 0.0005 0.0010 0.0010 0.9935 0.0013 
      ERIN07  6 0.0013 0.0008 0.0006 0.0005 0.0010 0.0010 0.9934 0.0013 
      ERIN08  6 0.0013 0.0008 0.0006 0.0005 0.0010 0.0010 0.9936 0.0013 
      ERIN09  6 0.0013 0.0008 0.0006 0.0005 0.0010 0.0010 0.9935 0.0013 
      ERIN10  6 0.0013 0.0008 0.0006 0.0005 0.0010 0.0010 0.9934 0.0012 
      ERIN11  6 0.0069 0.0008 0.0018 0.0005 0.0010 0.0010 0.9867 0.0013 
      ERIN12  6 0.0013 0.0008 0.0006 0.0005 0.0010 0.0010 0.9934 0.0013 
      ERIN13  6 0.0014 0.0008 0.0006 0.0005 0.0010 0.0010 0.9934 0.0012 
      ERIN14  6 0.0013 0.0008 0.0006 0.0005 0.0010 0.0010 0.9935 0.0013 
      ERIN15  6 0.0013 0.0008 0.0006 0.0005 0.0010 0.0010 0.9935 0.0013 
      ERIN16  6 0.0015 0.0008 0.0006 0.0005 0.0010 0.0010 0.9933 0.0013 
      ERIN17  6 0.0013 0.0008 0.0006 0.0005 0.0010 0.0010 0.9935 0.0013 
      ERIN18  6 0.0013 0.0008 0.0006 0.0005 0.0010 0.0010 0.9935 0.0013 
      ERIN19  6 0.0013 0.0008 0.0006 0.0005 0.0010 0.0010 0.9934 0.0013 
      ERIN20  6 0.0013 0.0008 0.0006 0.0005 0.0010 0.0010 0.9935 0.0012 
      ERIN21  6 0.0013 0.0008 0.0006 0.0005 0.0010 0.0010 0.9934 0.0013 
      ERIN22  6 0.0013 0.0008 0.0006 0.0005 0.0010 0.0010 0.9935 0.0013 
      ERIN23  6 0.0013 0.0008 0.0006 0.0005 0.0011 0.0010 0.9935 0.0012 
      ERIN24  6 0.0013 0.0008 0.0006 0.0005 0.0010 0.0010 0.9935 0.0013 
      ERIN25  6 0.0013 0.0008 0.0006 0.0005 0.0010 0.0011 0.9933 0.0013 
      ERIN26  6 0.0014 0.0008 0.0006 0.0005 0.0010 0.0010 0.9935 0.0012 
      ERIN27  6 0.0013 0.0008 0.0006 0.0005 0.0010 0.0010 0.9935 0.0013 
      ERIN28  6 0.0013 0.0008 0.0006 0.0005 0.0010 0.0010 0.9934 0.0013 
      ERIN29  6 0.0013 0.0008 0.0006 0.0005 0.0010 0.0011 0.9934 0.0013 
      ERIN30  6 0.0013 0.0008 0.0006 0.0005 0.0010 0.0010 0.9934 0.0013 
      ERIN31  6 0.0013 0.0008 0.0006 0.0005 0.0010 0.0011 0.9935 0.0013 
      ERIN32  6 0.0013 0.0008 0.0006 0.0005 0.0010 0.0010 0.9935 0.0013 
      ERIN33  6 0.0013 0.0008 0.0006 0.0005 0.0010 0.0010 0.9935 0.0013 
      ERIN34  6 0.0013 0.0008 0.0006 0.0005 0.0010 0.0010 0.9935 0.0013 
      ERIN35  6 0.0013 0.0008 0.0006 0.0005 0.0010 0.0010 0.9935 0.0013 
      ERIN38  6 0.0013 0.0008 0.0006 0.0005 0.0010 0.0010 0.9935 0.0013 
      ERIN39  6 0.0013 0.0008 0.0006 0.0005 0.0010 0.0010 0.9934 0.0013 
      ERIN40  6 0.0013 0.0008 0.0006 0.0005 0.0010 0.0010 0.9935 0.0013 
      ERIN41  6 0.0013 0.0008 0.0006 0.0005 0.0010 0.0010 0.9935 0.0013 
      ERIN42  6 0.0013 0.0008 0.0006 0.0005 0.0010 0.0010 0.9935 0.0013 
      ERIN43  6 0.0013 0.0008 0.0006 0.0005 0.0010 0.0010 0.9935 0.0013 
      ERIN44  6 0.0013 0.0008 0.0006 0.0005 0.0010 0.0010 0.9934 0.0013 
      ERIN45  6 0.0013 0.0008 0.0006 0.0005 0.0010 0.0010 0.9934 0.0013 
      ERIN46  6 0.0013 0.0008 0.0006 0.0005 0.0010 0.0010 0.9935 0.0013 
      ERIN47  6 0.0013 0.0008 0.0006 0.0005 0.0010 0.0010 0.9935 0.0013 
       FDS01  6 0.0013 0.0008 0.0006 0.0005 0.0010 0.0010 0.9934 0.0013 
       FDS02  6 0.0013 0.0008 0.0006 0.0005 0.0010 0.0010 0.9934 0.0013 
       FDS03  6 0.0015 0.0008 0.0006 0.0005 0.0010 0.0010 0.9933 0.0012 
       FDS04  6 0.0013 0.0008 0.0006 0.0005 0.0010 0.0010 0.9935 0.0013 
       FDS05  6 0.0013 0.0008 0.0006 0.0005 0.0010 0.0010 0.9935 0.0013 
       FDS06  6 0.0013 0.0008 0.0006 0.0005 0.0010 0.0010 0.9935 0.0013 
       FDS07  6 0.0013 0.0008 0.0006 0.0005 0.0010 0.0010 0.9935 0.0013 
       FDS08  6 0.0013 0.0008 0.0006 0.0005 0.0010 0.0010 0.9935 0.0013 
       FDS09  6 0.0013 0.0008 0.0006 0.0005 0.0010 0.0010 0.9934 0.0013 
       FDS10  6 0.0013 0.0008 0.0006 0.0005 0.0010 0.0011 0.9934 0.0013 
       FDS11  6 0.0013 0.0008 0.0006 0.0005 0.0010 0.0010 0.9935 0.0013 
       FDS12  6 0.0015 0.0008 0.0006 0.0005 0.0010 0.0010 0.9932 0.0013 
       FDS13  6 0.0013 0.0009 0.0006 0.0005 0.0010 0.0010 0.9934 0.0013 
       FDS14  6 0.0013 0.0008 0.0006 0.0005 0.0010 0.0010 0.9934 0.0013 
       FDS15  6 0.0013 0.0008 0.0006 0.0005 0.0010 0.0010 0.9935 0.0013 
       FDS16  6 0.0013 0.0008 0.0006 0.0005 0.0010 0.0010 0.9934 0.0013 
       FDS17  6 0.0013 0.0008 0.0006 0.0005 0.0010 0.0010 0.9935 0.0013 
       FDS18  6 0.0015 0.0008 0.0006 0.0005 0.0010 0.0011 0.9931 0.0013 
       EPP01  6 0.0015 0.0008 0.0006 0.0005 0.9919 0.0012 0.0016 0.0018 
       EPP02  6 0.0015 0.0009 0.0006 0.0005 0.9920 0.0011 0.0017 0.0018 
       EPP03  6 0.0016 0.0009 0.0006 0.0005 0.9918 0.0013 0.0016 0.0019 
       EPP04  6 0.0015 0.0008 0.0006 0.0005 0.9921 0.0012 0.0016 0.0017 
       EPP05  6 0.0016 0.0009 0.0006 0.0005 0.9919 0.0012 0.0016 0.0017 
       EPP06  6 0.0015 0.0009 0.0006 0.0005 0.9921 0.0011 0.0016 0.0018 
       EPP07  6 0.0015 0.0008 0.0006 0.0005 0.9921 0.0011 0.0016 0.0018 
       EPP08  6 0.0015 0.0009 0.0006 0.0005 0.9922 0.0011 0.0015 0.0017 
       EPP09  6 0.0015 0.0008 0.0006 0.0005 0.9921 0.0012 0.0016 0.0018 
       EPP10  6 0.0015 0.0009 0.0006 0.0005 0.9921 0.0012 0.0016 0.0017 
       EPP11  6 0.0016 0.0008 0.0006 0.0005 0.9921 0.0011 0.0016 0.0017 
       EPP12  6 0.0015 0.0008 0.0006 0.0005 0.9920 0.0011 0.0016 0.0018 
       EPP13  6 0.0015 0.0009 0.0006 0.0005 0.9921 0.0011 0.0016 0.0017 
       EPP14  6 0.0015 0.0008 0.0006 0.0005 0.9920 0.0012 0.0016 0.0017 
       EPP15  6 0.0015 0.0009 0.0007 0.0008 0.9916 0.0012 0.0015 0.0017 
       EPP16  6 0.0015 0.0008 0.0006 0.0005 0.9921 0.0011 0.0016 0.0018 
       EPP17  6 0.0015 0.0009 0.0006 0.0005 0.9921 0.0011 0.0016 0.0018 
       EPP18  6 0.0015 0.0009 0.0006 0.0005 0.9921 0.0011 0.0015 0.0018 
       EPP19  6 0.0016 0.0009 0.0006 0.0005 0.9917 0.0012 0.0017 0.0018 
       EPP20  6 0.0015 0.0009 0.0006 0.0005 0.9918 0.0013 0.0016 0.0018 
       EPP21  6 0.0017 0.0008 0.0006 0.0005 0.9907 0.0011 0.0026 0.0019 
       EPP22  6 0.0015 0.0009 0.0006 0.0005 0.9921 0.0011 0.0016 0.0017 
       EPP23  6 0.0099 0.0008 0.0006 0.0005 0.9620 0.0011 0.0016 0.0234 
       EPP24  6 0.0015 0.0009 0.0006 0.0005 0.9922 0.0011 0.0015 0.0017 
       EPP25  6 0.0016 0.0009 0.0006 0.0005 0.9920 0.0011 0.0016 0.0018 
       EPP26  6 0.0016 0.0009 0.0006 0.0005 0.9920 0.0011 0.0015 0.0017 
       EPP27  6 0.0015 0.0009 0.0006 0.0005 0.9918 0.0013 0.0016 0.0018 
       EPP28  6 0.0015 0.0008 0.0006 0.0005 0.9921 0.0012 0.0016 0.0018 
       EPP29  6 0.0015 0.0008 0.0006 0.0005 0.9921 0.0011 0.0016 0.0018 
       EPP30  6 0.0015 0.0008 0.0006 0.0005 0.9920 0.0011 0.0016 0.0018 
       EPP31  6 0.0016 0.0009 0.0006 0.0005 0.9918 0.0012 0.0015 0.0018 
       EPP32  6 0.0015 0.0009 0.0006 0.0005 0.9920 0.0012 0.0016 0.0018 
       EPP33  6 0.0016 0.0009 0.0006 0.0005 0.9920 0.0012 0.0016 0.0017 
       EPP34  6 0.0016 0.0009 0.0006 0.0005 0.9919 0.0012 0.0016 0.0017 
       EPP35  6 0.0020 0.0009 0.0022 0.0008 0.9686 0.0013 0.0014 0.0228 
       EPP36  6 0.0015 0.0009 0.0006 0.0005 0.9920 0.0011 0.0017 0.0018 
       EPP37  6 0.0066 0.0068 0.0007 0.0005 0.9642 0.0013 0.0016 0.0183 
       EPP38  6 0.0016 0.0009 0.0006 0.0005 0.9918 0.0013 0.0016 0.0018 
       EPP39  6 0.0015 0.0008 0.0006 0.0005 0.9920 0.0012 0.0016 0.0018 
       EPP40  6 0.0015 0.0008 0.0006 0.0005 0.9920 0.0011 0.0016 0.0018 
       EPP41  6 0.0015 0.0009 0.0006 0.0005 0.9920 0.0012 0.0016 0.0018 
       EPP42  6 0.0015 0.0009 0.0006 0.0005 0.9921 0.0011 0.0016 0.0018 
       EPP43  6 0.0015 0.0009 0.0006 0.0005 0.9922 0.0011 0.0015 0.0017 
        ES68  6 0.1159 0.0042 0.0115 0.0007 0.4065 0.0120 0.4473 0.0020 
       ENW44  6 0.0015 0.0008 0.0006 0.0005 0.9921 0.0012 0.0016 0.0017 
       ENW45  6 0.0014 0.0009 0.0006 0.0005 0.9920 0.0011 0.0016 0.0018 
       ENW46  6 0.0015 0.0008 0.0006 0.0005 0.9921 0.0011 0.0016 0.0018 
       ENW48  6 0.0015 0.0009 0.0006 0.0005 0.9921 0.0011 0.0016 0.0018 
       ENW49  6 0.0015 0.0009 0.0006 0.0005 0.9921 0.0011 0.0016 0.0018 
       ENW50  6 0.0015 0.0008 0.0006 0.0005 0.9920 0.0012 0.0016 0.0018 
       ENW51  6 0.0030 0.0013 0.0008 0.0007 0.3795 0.0016 0.6107 0.0023 
       ENW52  6 0.0015 0.0008 0.0006 0.0005 0.9921 0.0011 0.0016 0.0018 
       ENW53  6 0.0029 0.0013 0.0008 0.0007 0.3800 0.0016 0.6104 0.0023 
       ENW54  6 0.0029 0.0013 0.0008 0.0008 0.3789 0.0016 0.6114 0.0023 
       ENW55  6 0.0029 0.0013 0.0008 0.0007 0.3799 0.0016 0.6104 0.0024 
       ENW56  6 0.0027 0.0013 0.0008 0.0008 0.3805 0.0015 0.6100 0.0024 
       ENW57  6 0.0029 0.0013 0.0008 0.0007 0.3798 0.0016 0.6106 0.0022 
       ENE58  6 0.0063 0.0034 0.0009 0.0024 0.4044 0.0044 0.5694 0.0088 
       ENE59  6 0.0030 0.0015 0.0008 0.0007 0.3837 0.0016 0.6063 0.0024 
       ENE60  6 0.0029 0.0013 0.0008 0.0007 0.3803 0.0016 0.6099 0.0024 
       ENE61  6 0.0059 0.0034 0.0009 0.0025 0.4047 0.0048 0.5693 0.0085 
       ENE62  6 0.0029 0.0014 0.0008 0.0007 0.3797 0.0016 0.6107 0.0023 
       ENE63  6 0.0031 0.0014 0.0008 0.0007 0.3840 0.0017 0.6059 0.0024 
       ENE64  6 0.0060 0.0036 0.0009 0.0025 0.4050 0.0047 0.5691 0.0083 
       ENE65  6 0.0030 0.0013 0.0008 0.0007 0.3801 0.0015 0.6103 0.0022 
       ENE66  6 0.0030 0.0013 0.0008 0.0007 0.3798 0.0016 0.6105 0.0023 
       ENE67  6 0.0030 0.0014 0.0008 0.0007 0.3836 0.0016 0.6064 0.0024 
         CC1  7 0.0072 0.0028 0.0015 0.0020 0.1933 0.0385 0.4044 0.3504 
        CC10  7 0.0081 0.0024 0.0013 0.0017 0.2001 0.0038 0.4654 0.3171 
        CC11  7 0.0174 0.0012 0.0015 0.0024 0.3035 0.0077 0.5549 0.1114 
        CC12  7 0.2739 0.0014 0.0014 0.0006 0.0112 0.0032 0.5310 0.1773 
        CC13  7 0.0068 0.0028 0.0015 0.0022 0.1930 0.0374 0.4042 0.3520 
        CC14  7 0.0070 0.0028 0.0015 0.0022 0.1914 0.0367 0.4053 0.3530 
        CC15  7 0.0256 0.0109 0.0062 0.0022 0.1765 0.0354 0.4067 0.3364 
        CC16  7 0.0072 0.0011 0.0040 0.0005 0.3164 0.1355 0.4550 0.0802 
        CC17  7 0.0082 0.0030 0.0014 0.0018 0.1924 0.0042 0.4475 0.3415 
         CC2  7 0.0070 0.0029 0.0015 0.0020 0.1924 0.0375 0.4044 0.3523 
         CC3  7 0.0255 0.0046 0.0019 0.0019 0.2646 0.0421 0.3999 0.2594 
         CC4  7 0.4669 0.0209 0.0587 0.0012 0.3751 0.0337 0.0079 0.0356 
         CC5  7 0.0036 0.0012 0.0009 0.0005 0.3713 0.0070 0.6103 0.0053 
         CC6  7 0.0037 0.0012 0.0010 0.0005 0.3745 0.0082 0.6050 0.0059 
         CC7  7 0.0036 0.0012 0.0009 0.0005 0.3711 0.0072 0.6105 0.0050 
         CC8  7 0.0036 0.0012 0.0009 0.0005 0.3721 0.0067 0.6098 0.0051 
         CC9  7 0.0038 0.0012 0.0010 0.0005 0.3753 0.0078 0.6043 0.0060 
       BUN01  8 0.7035 0.0016 0.0011 0.0006 0.0037 0.0136 0.0014 0.2746 
       BUN02  8 0.7721 0.0021 0.0019 0.0009 0.0273 0.1765 0.0143 0.0048 
       BUN03  8 0.9539 0.0015 0.0024 0.0007 0.0064 0.0012 0.0056 0.0283 
       BUN04  8 0.9385 0.0019 0.0010 0.0011 0.0136 0.0018 0.0362 0.0058 
       BUN05  8 0.5732 0.0515 0.0010 0.0009 0.0029 0.0080 0.0092 0.3532 
       BUN06  8 0.9438 0.0012 0.0027 0.0006 0.0020 0.0059 0.0150 0.0287 
       BUN07  8 0.9052 0.0011 0.0021 0.0005 0.0031 0.0017 0.0012 0.0849 
       SOB01  8 0.9880 0.0018 0.0008 0.0006 0.0022 0.0018 0.0022 0.0027 
       SOB02  8 0.8562 0.0059 0.0876 0.0009 0.0032 0.0049 0.0212 0.0203 
       SOB03  8 0.9773 0.0020 0.0008 0.0013 0.0030 0.0023 0.0080 0.0054 
       SOB04  8 0.9403 0.0074 0.0388 0.0016 0.0011 0.0056 0.0026 0.0025 
       SOB05  8 0.8338 0.0015 0.0009 0.0006 0.0027 0.0026 0.1544 0.0035 
       SOB06  8 0.8694 0.0045 0.0023 0.0006 0.0020 0.1068 0.0098 0.0046 
       SOB07  8 0.7165 0.0012 0.0032 0.0008 0.0041 0.2009 0.0627 0.0105 
       SOB08  8 0.9778 0.0024 0.0009 0.0009 0.0028 0.0101 0.0018 0.0033 
       SOB09  8 0.8856 0.0488 0.0160 0.0101 0.0153 0.0058 0.0147 0.0036 
       SOB10  8 0.9612 0.0014 0.0010 0.0006 0.0106 0.0055 0.0155 0.0041 
       SOB11  8 0.8164 0.0022 0.1263 0.0008 0.0035 0.0063 0.0061 0.0383 
       OSR01  8 0.8586 0.0025 0.0295 0.0037 0.0150 0.0012 0.0104 0.0792 
       OSR02  8 0.6356 0.0014 0.0015 0.0005 0.0039 0.3440 0.0017 0.0114 
       OSR03  8 0.6354 0.0014 0.0014 0.0005 0.0038 0.3446 0.0018 0.0110 
       OSR04  8 0.6308 0.0012 0.0015 0.0009 0.0074 0.1820 0.0029 0.1732 
       OSR05  8 0.6353 0.0015 0.0014 0.0005 0.0034 0.3449 0.0017 0.0113 
       OSR06  8 0.9874 0.0012 0.0028 0.0009 0.0018 0.0012 0.0019 0.0028 
       OSR07  8 0.5804 0.0023 0.0019 0.0029 0.3974 0.0080 0.0020 0.0050 
       OSR08  8 0.5808 0.0023 0.0019 0.0029 0.3974 0.0078 0.0019 0.0050 
       OSR09  8 0.8588 0.0014 0.0044 0.0010 0.0438 0.0019 0.0825 0.0061 
      Lion01  8 0.6943 0.0011 0.0027 0.0056 0.2830 0.0021 0.0035 0.0077 
      Lion02  8 0.8046 0.0014 0.0017 0.0012 0.0029 0.0026 0.0030 0.1827 
      Lion03  8 0.7771 0.0011 0.0011 0.0007 0.0019 0.0037 0.0016 0.2128 
      Lion04  8 0.9603 0.0023 0.0017 0.0009 0.0161 0.0021 0.0040 0.0125 
      Lion05  8 0.9438 0.0062 0.0055 0.0033 0.0177 0.0056 0.0152 0.0025 
      Lion06  8 0.9121 0.0073 0.0067 0.0036 0.0486 0.0058 0.0135 0.0024 
        TW01  8 0.9723 0.0012 0.0011 0.0007 0.0025 0.0021 0.0028 0.0175 
        TW02  8 0.6741 0.0338 0.0013 0.0007 0.0043 0.0252 0.0121 0.2485 
        TW03  8 0.9758 0.0013 0.0010 0.0007 0.0024 0.0021 0.0028 0.0139 
        TW04  8 0.9727 0.0012 0.0010 0.0007 0.0025 0.0022 0.0027 0.0170 
        CF01  8 0.0036 0.0011 0.0009 0.0007 0.9859 0.0023 0.0020 0.0034 
        CF02  8 0.4898 0.0022 0.0010 0.0008 0.0358 0.2790 0.0011 0.1903 
        CF03  8 0.0039 0.0012 0.0009 0.0007 0.9857 0.0023 0.0020 0.0033 
        CF04  8 0.6119 0.0111 0.0055 0.0012 0.2616 0.0028 0.0022 0.1038 
        CF05  8 0.0055 0.0014 0.0011 0.0007 0.9844 0.0026 0.0013 0.0030 
        CF06  8 0.0054 0.0015 0.0012 0.0007 0.9846 0.0024 0.0013 0.0029 
        CF07  8 0.6896 0.0359 0.0043 0.0171 0.0018 0.0011 0.0016 0.2486 
        CF08  8 0.0054 0.0015 0.0012 0.0007 0.9844 0.0026 0.0013 0.0028 
        CF09  8 0.0038 0.0012 0.0009 0.0008 0.9857 0.0023 0.0020 0.0034 
        CF10  8 0.1055 0.0147 0.0055 0.0007 0.8671 0.0025 0.0011 0.0028 
        CF11  8 0.6641 0.0017 0.0022 0.0036 0.3116 0.0092 0.0034 0.0042 
        CF12  8 0.0037 0.0011 0.0009 0.0007 0.9858 0.0023 0.0020 0.0034 
        CF13  8 0.0051 0.0016 0.0011 0.0007 0.9848 0.0025 0.0014 0.0028 
        CF14  8 0.6120 0.0111 0.0056 0.0012 0.2621 0.0028 0.0020 0.1033 
        CF15  8 0.6382 0.0042 0.0026 0.0010 0.3458 0.0013 0.0018 0.0051 
        CF16  8 0.0038 0.0012 0.0010 0.0007 0.9855 0.0022 0.0021 0.0035 
        CF17  8 0.0040 0.0012 0.0010 0.0007 0.9848 0.0026 0.0020 0.0037 
        CF18  8 0.6111 0.0104 0.0052 0.0011 0.2628 0.0029 0.0020 0.1045 
        CF19  8 0.9636 0.0078 0.0064 0.0039 0.0057 0.0052 0.0036 0.0038 
        CF20  8 0.0056 0.0015 0.0011 0.0007 0.9842 0.0026 0.0013 0.0029 
        CF21  8 0.0053 0.0015 0.0012 0.0007 0.9845 0.0026 0.0013 0.0029 
        CF22  8 0.0056 0.0015 0.0012 0.0007 0.9843 0.0024 0.0013 0.0029 
        CF23  8 0.0050 0.0015 0.0012 0.0007 0.9849 0.0025 0.0014 0.0028 
        CF24  8 0.0036 0.0011 0.0009 0.0007 0.9859 0.0023 0.0021 0.0033 
        CF25  8 0.0040 0.0012 0.0009 0.0007 0.9855 0.0022 0.0020 0.0035 
        CF26  8 0.4928 0.0021 0.0010 0.0009 0.0375 0.2768 0.0011 0.1877 
        CF27  8 0.0056 0.0015 0.0011 0.0007 0.9845 0.0024 0.0013 0.0028 
        CF28  8 0.7103 0.0047 0.0028 0.0016 0.2688 0.0012 0.0020 0.0087 
        CF29  8 0.0037 0.0011 0.0009 0.0007 0.9858 0.0023 0.0020 0.0034 
        CF30  8 0.9622 0.0022 0.0017 0.0010 0.0149 0.0022 0.0039 0.0119 
        CF31  8 0.0038 0.0012 0.0009 0.0007 0.9858 0.0022 0.0020 0.0033 
        CF32  8 0.7387 0.0012 0.0014 0.0009 0.2316 0.0167 0.0018 0.0077 
        CF33  8 0.0053 0.0015 0.0589 0.0007 0.9272 0.0024 0.0013 0.0026 
        CF34  8 0.0052 0.0015 0.0012 0.0007 0.9847 0.0023 0.0013 0.0030 
        CF35  8 0.6397 0.0042 0.0027 0.0010 0.3440 0.0014 0.0019 0.0051 
        CF36  8 0.9893 0.0012 0.0009 0.0006 0.0016 0.0019 0.0024 0.0021 
        BP01  8 0.9455 0.0019 0.0012 0.0009 0.0071 0.0081 0.0322 0.0031 
        BP02  8 0.8836 0.0014 0.0010 0.0009 0.0028 0.0013 0.0020 0.1069 
        BP03  8 0.9881 0.0017 0.0008 0.0005 0.0013 0.0021 0.0019 0.0034 
        BP04  8 0.7838 0.0020 0.0009 0.0007 0.1904 0.0065 0.0053 0.0103 
        BP06  8 0.9754 0.0015 0.0010 0.0008 0.0112 0.0042 0.0028 0.0030 
        BP07  8 0.9454 0.0168 0.0023 0.0198 0.0014 0.0022 0.0080 0.0041 
        BP08  8 0.9642 0.0015 0.0009 0.0009 0.0209 0.0038 0.0042 0.0036 
        BP09  8 0.9788 0.0030 0.0020 0.0013 0.0019 0.0080 0.0024 0.0026 
        BP10  8 0.9880 0.0015 0.0009 0.0007 0.0016 0.0010 0.0037 0.0025 
        BP11  8 0.9913 0.0013 0.0007 0.0005 0.0011 0.0016 0.0016 0.0020 
        BP12  8 0.8789 0.0013 0.0011 0.0006 0.0025 0.1119 0.0016 0.0021 
        BP14  8 0.9071 0.0028 0.0021 0.0015 0.0735 0.0039 0.0047 0.0045 
        BP16  8 0.9890 0.0012 0.0008 0.0007 0.0014 0.0015 0.0028 0.0026 
        BP17  8 0.9838 0.0021 0.0008 0.0006 0.0011 0.0018 0.0077 0.0022 
        BP18  8 0.9878 0.0015 0.0009 0.0007 0.0016 0.0010 0.0038 0.0027 
        BP19  8 0.9883 0.0018 0.0011 0.0010 0.0018 0.0017 0.0023 0.0019 
        BP20  8 0.9877 0.0015 0.0009 0.0007 0.0016 0.0010 0.0039 0.0026 
   BP2007-01  8 0.9914 0.0013 0.0007 0.0005 0.0010 0.0015 0.0016 0.0020 
   BP2007-02  8 0.9891 0.0012 0.0008 0.0008 0.0020 0.0019 0.0017 0.0026 
   BP2007-03  8 0.6856 0.0011 0.0010 0.0046 0.0017 0.0081 0.0023 0.2956 
   BP2007-04  8 0.9884 0.0017 0.0011 0.0010 0.0022 0.0014 0.0020 0.0021 
   BP2007-05  8 0.8290 0.0012 0.1104 0.0009 0.0035 0.0441 0.0079 0.0029 
   BP2007-06  8 0.9347 0.0015 0.0013 0.0007 0.0045 0.0147 0.0391 0.0036 
   BP2007-07  8 0.9881 0.0018 0.0009 0.0005 0.0014 0.0021 0.0019 0.0033 
   BP2007-08  8 0.9682 0.0022 0.0013 0.0082 0.0012 0.0068 0.0077 0.0045 
   BP2007-09  8 0.9690 0.0022 0.0012 0.0080 0.0012 0.0064 0.0075 0.0045 
   BP2007-10  8 0.9882 0.0018 0.0009 0.0005 0.0014 0.0022 0.0018 0.0033 
   BP2007-11  8 0.9908 0.0015 0.0007 0.0006 0.0011 0.0018 0.0014 0.0022 
   BP2007-12  8 0.9531 0.0013 0.0007 0.0008 0.0031 0.0079 0.0032 0.0299 
   BP2007-13  8 0.9682 0.0021 0.0012 0.0083 0.0012 0.0063 0.0082 0.0045 
   BP2007-14  8 0.8902 0.0243 0.0119 0.0134 0.0288 0.0024 0.0015 0.0275 
   BP2007-15  8 0.9436 0.0013 0.0010 0.0007 0.0464 0.0030 0.0022 0.0018 
   BP2007-16  8 0.8999 0.0021 0.0013 0.0020 0.0307 0.0024 0.0011 0.0604 
   BP2007-17  8 0.9647 0.0015 0.0009 0.0009 0.0205 0.0037 0.0042 0.0037 
   BP2007-18  8 0.9365 0.0248 0.0074 0.0181 0.0033 0.0023 0.0011 0.0065 
   BP2007-19  8 0.7874 0.0019 0.0009 0.0007 0.1862 0.0069 0.0050 0.0111 
   BP2007-20  8 0.7847 0.0019 0.0009 0.0007 0.1892 0.0067 0.0049 0.0110 
   BP2007-21  8 0.9910 0.0013 0.0007 0.0006 0.0014 0.0014 0.0014 0.0021 
   BP2007-22  8 0.9907 0.0015 0.0007 0.0006 0.0010 0.0019 0.0014 0.0022 
   BP2007-23  8 0.9913 0.0013 0.0007 0.0005 0.0010 0.0016 0.0015 0.0020 
   BP2007-24  8 0.9594 0.0027 0.0023 0.0014 0.0078 0.0080 0.0107 0.0078 
   BP2007-25  8 0.9894 0.0012 0.0008 0.0008 0.0021 0.0020 0.0016 0.0021 
   BP2007-26  8 0.8787 0.0013 0.0011 0.0006 0.0023 0.1123 0.0017 0.0020 
   BP2007-27  8 0.9879 0.0015 0.0009 0.0007 0.0017 0.0010 0.0038 0.0026 
   BP2007-28  8 0.9908 0.0014 0.0007 0.0006 0.0010 0.0019 0.0014 0.0021 
   BP2007-29  8 0.9911 0.0014 0.0008 0.0006 0.0014 0.0013 0.0014 0.0020 
   BP2007-30  8 0.7286 0.0014 0.0008 0.0010 0.2552 0.0060 0.0028 0.0042 
   BP2007-31  8 0.9858 0.0012 0.0011 0.0007 0.0037 0.0024 0.0025 0.0027 
   BP2007-32  8 0.6910 0.0030 0.0227 0.0023 0.2362 0.0013 0.0050 0.0385 
   BP2007-33  8 0.9909 0.0015 0.0007 0.0006 0.0011 0.0018 0.0014 0.0021 
   BP2007-34  8 0.7525 0.0016 0.0009 0.0008 0.0093 0.0446 0.1816 0.0088 
   BP2007-35  8 0.7849 0.0020 0.0009 0.0007 0.1883 0.0070 0.0054 0.0109 
   BP2007-36  8 0.9893 0.0012 0.0007 0.0008 0.0021 0.0020 0.0017 0.0022 
   BP2007-37  8 0.8906 0.0115 0.0450 0.0392 0.0047 0.0033 0.0029 0.0029 
   BP2007-38  8 0.9881 0.0018 0.0008 0.0005 0.0014 0.0021 0.0019 0.0035 
   BP2007-39  8 0.9426 0.0012 0.0010 0.0007 0.0472 0.0032 0.0022 0.0018 
   BP2007-40  8 0.9614 0.0017 0.0010 0.0010 0.0219 0.0050 0.0036 0.0045 
        BP21  8 0.9894 0.0013 0.0007 0.0007 0.0022 0.0019 0.0017 0.0021 
        BP22  8 0.9751 0.0012 0.0010 0.0006 0.0028 0.0092 0.0031 0.0070 
        BP23  8 0.9620 0.0012 0.0009 0.0005 0.0080 0.0220 0.0028 0.0026 
        BP24  8 0.9689 0.0012 0.0009 0.0006 0.0036 0.0091 0.0030 0.0129 
        BP25  8 0.9894 0.0012 0.0008 0.0008 0.0021 0.0019 0.0016 0.0022 
        BP26  8 0.9893 0.0013 0.0007 0.0008 0.0022 0.0020 0.0016 0.0021 
        BP27  8 0.9572 0.0022 0.0012 0.0086 0.0012 0.0178 0.0074 0.0045 
        BP28  8 0.9758 0.0012 0.0009 0.0006 0.0028 0.0086 0.0031 0.0069 
        BP29  8 0.9881 0.0016 0.0007 0.0006 0.0015 0.0014 0.0028 0.0034 
        BP30  8 0.9893 0.0013 0.0008 0.0008 0.0023 0.0021 0.0014 0.0021 
      NNKB01  8 0.9786 0.0031 0.0020 0.0009 0.0042 0.0019 0.0070 0.0023 
      NNKB02  8 0.9752 0.0024 0.0011 0.0029 0.0081 0.0024 0.0016 0.0064 
      NNKN01  8 0.7111 0.0018 0.0577 0.0019 0.0016 0.0043 0.0014 0.2202 
         SR1  9 0.6987 0.0012 0.0010 0.0007 0.0023 0.2902 0.0023 0.0036 
        SR10  9 0.6683 0.0044 0.0293 0.0008 0.2773 0.0022 0.0068 0.0110 
        SR11  9 0.6954 0.0014 0.0010 0.0005 0.0117 0.0479 0.0023 0.2399 
        SR12  9 0.6981 0.0013 0.0010 0.0007 0.0022 0.2910 0.0024 0.0034 
        SR13  9 0.5586 0.0105 0.0103 0.0032 0.2006 0.1167 0.0228 0.0774 
        SR15  9 0.8718 0.0021 0.0026 0.0023 0.0049 0.0020 0.1076 0.0066 
        SR16  9 0.9299 0.0021 0.0022 0.0005 0.0047 0.0060 0.0026 0.0520 
        SR17  9 0.1825 0.0077 0.0176 0.0007 0.7270 0.0026 0.0029 0.0591 
        SR18  9 0.9628 0.0021 0.0013 0.0012 0.0047 0.0130 0.0071 0.0077 
        SR19  9 0.8019 0.0014 0.0364 0.0006 0.0046 0.1093 0.0014 0.0444 
         SR2  9 0.6969 0.0014 0.0009 0.0005 0.0116 0.0461 0.0024 0.2401 
        SR20  9 0.4477 0.0013 0.0015 0.0006 0.4848 0.0016 0.0358 0.0267 
        SR21  9 0.7372 0.0014 0.0011 0.0009 0.0399 0.2116 0.0035 0.0044 
        SR22  9 0.5439 0.0010 0.0011 0.0007 0.0035 0.4353 0.0022 0.0123 
        SR23  9 0.7934 0.0021 0.0014 0.0026 0.0198 0.1721 0.0040 0.0045 
        SR24  9 0.7931 0.0018 0.0028 0.0013 0.0649 0.0090 0.0048 0.1222 
        SR25  9 0.8575 0.0015 0.0031 0.0008 0.0064 0.0468 0.0037 0.0803 
        SR26  9 0.7270 0.0018 0.0139 0.0008 0.1089 0.0092 0.0731 0.0652 
        SR27  9 0.8580 0.0016 0.0013 0.0006 0.0020 0.1300 0.0024 0.0040 
        SR28  9 0.7036 0.0016 0.0015 0.0007 0.0025 0.0027 0.0013 0.2862 
        SR29  9 0.7173 0.0021 0.0036 0.0011 0.2251 0.0250 0.0031 0.0227 
         SR3  9 0.5121 0.0016 0.0009 0.0005 0.0026 0.0133 0.0016 0.4674 
        SR30  9 0.9751 0.0010 0.0010 0.0006 0.0034 0.0049 0.0106 0.0034 
         SR5  9 0.7732 0.0014 0.0014 0.0008 0.0305 0.1092 0.0464 0.0371 
         SR6  9 0.8824 0.0015 0.0014 0.0008 0.0120 0.0210 0.0165 0.0645 
         SR7  9 0.4979 0.0014 0.0016 0.0006 0.4776 0.0044 0.0124 0.0041 
         SR8  9 0.6396 0.0015 0.0010 0.0005 0.0073 0.0602 0.0016 0.2883 
         SR9  9 0.4835 0.0015 0.0015 0.0006 0.4935 0.0057 0.0090 0.0048 
       HAM01 10 0.9765 0.0012 0.0008 0.0005 0.0024 0.0114 0.0020 0.0053 
       HAM02 10 0.6637 0.0055 0.0021 0.0008 0.0043 0.0061 0.0020 0.3154 
       HAM03 10 0.9768 0.0012 0.0008 0.0005 0.0024 0.0109 0.0020 0.0054 
       HAM07 10 0.8785 0.0031 0.0020 0.0029 0.0044 0.0915 0.0023 0.0152 
       HAM08 10 0.6761 0.0012 0.0018 0.0006 0.0303 0.0034 0.0016 0.2851 
       HAM09 10 0.9116 0.0120 0.0215 0.0010 0.0458 0.0022 0.0039 0.0020 
       HAM10 10 0.7750 0.0018 0.0027 0.0040 0.0707 0.0056 0.0170 0.1231 
      CRWL01 10 0.9803 0.0014 0.0010 0.0009 0.0062 0.0038 0.0030 0.0034 
      CRWL02 10 0.9631 0.0013 0.0010 0.0008 0.0234 0.0047 0.0026 0.0031 
      CRWL03 10 0.8903 0.0015 0.0026 0.0006 0.0851 0.0066 0.0101 0.0031 
      CRWL04 10 0.9809 0.0016 0.0009 0.0008 0.0072 0.0018 0.0041 0.0028 
      CRWL05 10 0.9861 0.0014 0.0010 0.0011 0.0014 0.0019 0.0052 0.0020 
      CRWL06 10 0.9754 0.0014 0.0009 0.0007 0.0069 0.0045 0.0030 0.0073 
      CRWL07 10 0.9859 0.0014 0.0011 0.0009 0.0015 0.0026 0.0016 0.0051 
      CRWL08 10 0.9790 0.0015 0.0010 0.0008 0.0048 0.0015 0.0018 0.0097 
      CRWL09 10 0.9771 0.0012 0.0065 0.0006 0.0016 0.0047 0.0023 0.0060 
      CRWL10 10 0.9515 0.0016 0.0014 0.0007 0.0022 0.0136 0.0014 0.0276 
      CRWL11 10 0.8882 0.0025 0.0025 0.0016 0.0424 0.0369 0.0043 0.0216 
      CRWL12 10 0.7570 0.0036 0.0010 0.0008 0.2255 0.0018 0.0028 0.0076 
      CRWL13 10 0.9710 0.0014 0.0009 0.0006 0.0144 0.0021 0.0020 0.0077 
      CRWL14 10 0.9768 0.0024 0.0015 0.0009 0.0035 0.0018 0.0041 0.0090 
      CRWL15 10 0.9334 0.0008 0.0010 0.0007 0.0293 0.0021 0.0090 0.0237 
      CRWL16 10 0.9417 0.0023 0.0016 0.0009 0.0049 0.0022 0.0044 0.0419 
      CRWL17 10 0.9316 0.0024 0.0024 0.0015 0.0153 0.0127 0.0050 0.0291 
      CRWL18 10 0.9827 0.0012 0.0011 0.0006 0.0017 0.0046 0.0022 0.0060 
      CRWL19 10 0.9829 0.0012 0.0011 0.0005 0.0016 0.0047 0.0021 0.0059 
      CRWL20 10 0.9845 0.0011 0.0010 0.0008 0.0025 0.0035 0.0026 0.0041 
      CRWL21 10 0.7620 0.0019 0.0088 0.0006 0.0040 0.0035 0.0016 0.2177 
       MES01 11 0.0022 0.0009 0.0007 0.0006 0.0013 0.9913 0.0013 0.0019 
       MES02 11 0.0021 0.0009 0.0008 0.0006 0.0014 0.9911 0.0013 0.0019 
       MES03 11 0.0016 0.0009 0.0010 0.0008 0.0190 0.9341 0.0412 0.0015 
       MES04 11 0.0021 0.0009 0.0008 0.0006 0.0013 0.9911 0.0013 0.0018 
       MES05 11 0.0017 0.0009 0.0007 0.0005 0.0023 0.9911 0.0013 0.0014 
       MES06 11 0.0022 0.0009 0.0007 0.0005 0.0012 0.9914 0.0013 0.0019 
       MES07 11 0.0021 0.0009 0.0007 0.0006 0.0012 0.9913 0.0013 0.0020 
       MES08 11 0.0021 0.0009 0.0007 0.0006 0.0012 0.9913 0.0013 0.0019 
       MES09 11 0.0021 0.0009 0.0007 0.0006 0.0012 0.9913 0.0013 0.0019 
       MES10 11 0.0021 0.0010 0.0008 0.0006 0.0014 0.9911 0.0013 0.0019 
       MES11 11 0.0080 0.0009 0.0047 0.0006 0.0014 0.9812 0.0013 0.0018 
       MES12 11 0.0021 0.0009 0.0007 0.0006 0.0012 0.9913 0.0013 0.0020 
       MES13 11 0.0022 0.0009 0.0007 0.0006 0.0012 0.9913 0.0013 0.0019 
       MES14 11 0.0014 0.0009 0.0006 0.0005 0.0011 0.9928 0.0013 0.0015 
       MES15 11 0.0020 0.0094 0.0011 0.0264 0.0011 0.9573 0.0012 0.0015 
       MES16 11 0.0021 0.0009 0.0008 0.0005 0.0014 0.9911 0.0013 0.0019 
       MES17 11 0.0022 0.0009 0.0007 0.0006 0.0012 0.9912 0.0014 0.0019 
       MES18 11 0.0021 0.0009 0.0006 0.0006 0.0012 0.9912 0.0013 0.0020 
       MES19 11 0.0021 0.0008 0.0007 0.0006 0.0012 0.9913 0.0013 0.0020 
       MES20 11 0.0021 0.0008 0.0006 0.0005 0.0012 0.9914 0.0014 0.0019 
       MES21 11 0.0014 0.0009 0.0006 0.0005 0.0011 0.9928 0.0014 0.0015 
       MES22 11 0.0022 0.0009 0.0007 0.0006 0.0012 0.9913 0.0013 0.0019 
       SAX01 11 0.0016 0.0009 0.0006 0.0005 0.0010 0.9926 0.0012 0.0016 
       SAX02 11 0.0014 0.0008 0.0006 0.0005 0.0010 0.9930 0.0012 0.0014 
       SAX03 11 0.0021 0.0009 0.0008 0.0019 0.0010 0.9874 0.0012 0.0046 
       SAX04 11 0.0232 0.0011 0.0016 0.0005 0.0018 0.8780 0.0013 0.0926 
       SAX05 11 0.0023 0.0009 0.0007 0.0005 0.0016 0.9910 0.0013 0.0017 
       SAX06 11 0.0022 0.0008 0.0006 0.0005 0.0016 0.9911 0.0013 0.0017 
       SAX07 11 0.0016 0.0009 0.0006 0.0005 0.0010 0.9929 0.0012 0.0013 
       SAX08 11 0.0121 0.0009 0.0014 0.0005 0.0314 0.9470 0.0012 0.0055 
       SAX09 11 0.0013 0.0009 0.0006 0.0005 0.0010 0.9931 0.0012 0.0014 
       SAX10 11 0.0021 0.0008 0.0008 0.0005 0.0821 0.9086 0.0013 0.0039 
       SAX11 11 0.0024 0.0009 0.0007 0.0005 0.0016 0.9528 0.0013 0.0399 
       SAX12 11 0.0014 0.0008 0.0006 0.0005 0.0011 0.9929 0.0012 0.0014 
       SAX13 11 0.0015 0.0008 0.0006 0.0005 0.0009 0.9933 0.0011 0.0014 
       SAX14 11 0.0024 0.0009 0.0007 0.0005 0.0014 0.9913 0.0013 0.0016 
       SAX15 11 0.0107 0.0009 0.0050 0.0005 0.0119 0.9486 0.0012 0.0212 
       SAX16 11 0.0015 0.0009 0.0006 0.0005 0.0010 0.9926 0.0013 0.0016 
       SAX17 11 0.0016 0.0009 0.0006 0.0005 0.0011 0.9929 0.0011 0.0013 
       SAX18 11 0.0016 0.0009 0.0006 0.0005 0.0011 0.9929 0.0012 0.0013 
       SAX19 11 0.0058 0.0009 0.0010 0.0005 0.0025 0.9869 0.0011 0.0014 
       IRP01 11 0.0014 0.0008 0.0006 0.0005 0.0011 0.9929 0.0011 0.0015 
       IRP02 11 0.0014 0.0009 0.0006 0.0005 0.0011 0.9927 0.0011 0.0017 
       IRP03 11 0.0014 0.0009 0.0006 0.0005 0.0011 0.9926 0.0012 0.0018 
       IRP04 11 0.0014 0.0009 0.0006 0.0005 0.0011 0.9925 0.0011 0.0019 
       IRP05 11 0.0014 0.0009 0.0006 0.0005 0.0011 0.9925 0.0012 0.0018 
       IRP06 11 0.0014 0.0009 0.0006 0.0005 0.0011 0.9930 0.0011 0.0014 
       IRP07 11 0.0014 0.0009 0.0006 0.0005 0.0012 0.9925 0.0012 0.0019 
       IRP08 11 0.0014 0.0009 0.0005 0.0005 0.0011 0.9929 0.0012 0.0015 
       IRP09 11 0.0014 0.0009 0.0006 0.0005 0.0011 0.9926 0.0012 0.0018 
       IRP10 11 0.0014 0.0009 0.0006 0.0005 0.0011 0.9929 0.0012 0.0014 
       IRP11 11 0.0014 0.0009 0.0006 0.0005 0.0011 0.9930 0.0011 0.0014 
       IRP12 11 0.0014 0.0008 0.0006 0.0005 0.0011 0.9931 0.0011 0.0014 
       IRP13 11 0.0014 0.0009 0.0006 0.0005 0.0011 0.9929 0.0011 0.0015 
       IRP14 11 0.0014 0.0009 0.0006 0.0005 0.0011 0.9926 0.0011 0.0018 
       IRP15 11 0.0014 0.0009 0.0006 0.0005 0.0011 0.9926 0.0012 0.0018 
       IRP16 11 0.0077 0.0011 0.0009 0.0006 0.9818 0.0040 0.0011 0.0027 
     IRP16-2 11 0.0075 0.0011 0.0009 0.0006 0.9819 0.0040 0.0011 0.0028 
       IRP17 11 0.0014 0.0009 0.0006 0.0005 0.0012 0.9926 0.0012 0.0018 
       MRT01 11 0.0016 0.0009 0.0006 0.0005 0.0011 0.9929 0.0011 0.0015 
       MRT02 11 0.0014 0.0009 0.0006 0.0005 0.0011 0.9929 0.0013 0.0015 
       MRT03 11 0.0014 0.0008 0.0006 0.0005 0.0011 0.9930 0.0011 0.0015 
       MRT04 11 0.0015 0.0009 0.0006 0.0005 0.0009 0.9930 0.0011 0.0015 
       MRT05 11 0.0015 0.0009 0.0006 0.0005 0.0010 0.9929 0.0011 0.0015 
       MRT06 11 0.0014 0.0008 0.0006 0.0005 0.0010 0.9931 0.0011 0.0015 
       MRT07 11 0.0014 0.0008 0.0006 0.0005 0.0011 0.9928 0.0013 0.0015 
       MRT08 11 0.0020 0.0010 0.0006 0.0005 0.0023 0.9911 0.0011 0.0015 
       MRT09 11 0.0015 0.0009 0.0006 0.0005 0.0011 0.9928 0.0012 0.0015 
       MRT10 11 0.0014 0.0009 0.0006 0.0005 0.0011 0.9929 0.0012 0.0015 
       MRT11 11 0.0014 0.0008 0.0006 0.0005 0.0011 0.9929 0.0012 0.0015 
       MRT12 11 0.0015 0.0009 0.0005 0.0005 0.0010 0.9930 0.0012 0.0014 
       MRT13 11 0.0062 0.0009 0.0006 0.0005 0.0328 0.9357 0.0012 0.0222 
       MRT14 11 0.0015 0.0008 0.0006 0.0005 0.0010 0.9930 0.0011 0.0015 
       MRT15 11 0.0015 0.0009 0.0006 0.0005 0.0010 0.9928 0.0012 0.0015 
       MRT16 11 0.0015 0.0008 0.0006 0.0004 0.0011 0.9930 0.0011 0.0015 
       MRT17 11 0.0014 0.0008 0.0006 0.0005 0.0011 0.9931 0.0011 0.0015 
       MRT18 11 0.0015 0.0009 0.0006 0.0005 0.0012 0.9927 0.0012 0.0015 
       MRT19 11 0.0015 0.0008 0.0006 0.0005 0.0010 0.9930 0.0011 0.0016 
       MRT20 11 0.0014 0.0008 0.0006 0.0005 0.0011 0.9929 0.0012 0.0015 
       MRT21 11 0.0015 0.0009 0.0006 0.0005 0.0010 0.9929 0.0011 0.0015 
       MRT22 11 0.0015 0.0008 0.0006 0.0005 0.0009 0.9929 0.0012 0.0016 
       MRT23 11 0.0015 0.0009 0.0006 0.0005 0.0010 0.9929 0.0011 0.0015 
       MRT24 11 0.0014 0.0009 0.0006 0.0005 0.0011 0.9929 0.0012 0.0015 
       MRT25 11 0.0015 0.0009 0.0006 0.0005 0.0010 0.9929 0.0012 0.0015 
       MRT26 11 0.0016 0.0009 0.0006 0.0005 0.0010 0.9928 0.0012 0.0016 
       MRT27 11 0.0016 0.0009 0.0006 0.0005 0.0010 0.9929 0.0011 0.0016 
       MRT28 11 0.0014 0.0009 0.0005 0.0005 0.0012 0.9927 0.0013 0.0015 
       MRT29 11 0.0016 0.0009 0.0006 0.0005 0.0010 0.9928 0.0012 0.0016 
       MRT30 11 0.0014 0.0008 0.0006 0.0005 0.0011 0.9930 0.0011 0.0016 
       MRT31 11 0.0015 0.0009 0.0006 0.0005 0.0010 0.9929 0.0011 0.0015 
       MRT32 11 0.0015 0.0009 0.0005 0.0005 0.0010 0.9929 0.0011 0.0015 
       MRT33 11 0.0020 0.0009 0.0007 0.0010 0.0011 0.9901 0.0012 0.0030 
        LK01 10 0.8830 0.0040 0.0009 0.0169 0.0856 0.0028 0.0010 0.0057 
        LK02 10 0.9639 0.0010 0.0015 0.0006 0.0030 0.0036 0.0212 0.0052 
        LK05 10 0.9878 0.0015 0.0008 0.0009 0.0022 0.0015 0.0015 0.0038 
        LK06 10 0.9319 0.0019 0.0017 0.0007 0.0025 0.0190 0.0138 0.0286 
        LK07 10 0.9661 0.0025 0.0038 0.0040 0.0014 0.0177 0.0015 0.0030 
     LK07-01 10 0.9878 0.0014 0.0008 0.0009 0.0022 0.0015 0.0015 0.0039 
     LK07-02 10 0.9664 0.0027 0.0012 0.0143 0.0026 0.0017 0.0029 0.0082 
     LK07-03 10 0.8991 0.0015 0.0039 0.0009 0.0034 0.0016 0.0105 0.0792 
     LK07-04 10 0.9820 0.0011 0.0010 0.0008 0.0018 0.0009 0.0010 0.0114 
     LK07-05 10 0.9854 0.0015 0.0010 0.0007 0.0031 0.0032 0.0015 0.0035 
     LK07-06 10 0.9665 0.0017 0.0027 0.0014 0.0015 0.0213 0.0021 0.0027 
        LK08 10 0.9785 0.0014 0.0008 0.0006 0.0018 0.0038 0.0023 0.0107 
        LK09 10 0.9871 0.0012 0.0011 0.0007 0.0018 0.0014 0.0014 0.0053 
        LK11 10 0.9758 0.0049 0.0069 0.0026 0.0015 0.0015 0.0024 0.0043 
        LK12 10 0.9799 0.0010 0.0016 0.0008 0.0058 0.0019 0.0059 0.0030 
        LK13 10 0.9609 0.0034 0.0064 0.0029 0.0014 0.0027 0.0022 0.0201 
        LK14 10 0.9834 0.0018 0.0012 0.0017 0.0020 0.0023 0.0029 0.0048 
        LK15 10 0.9895 0.0010 0.0011 0.0006 0.0015 0.0019 0.0014 0.0029 
        LK16 10 0.9837 0.0017 0.0012 0.0007 0.0010 0.0017 0.0039 0.0061 
        LK17 10 0.9876 0.0012 0.0008 0.0006 0.0022 0.0037 0.0016 0.0023 
        LK18 10 0.9782 0.0013 0.0009 0.0006 0.0012 0.0093 0.0015 0.0070 
        LK19 10 0.9680 0.0017 0.0027 0.0012 0.0015 0.0199 0.0021 0.0028 
        LK20 10 0.9852 0.0012 0.0009 0.0006 0.0038 0.0014 0.0015 0.0052 
        LK21 10 0.9562 0.0020 0.0020 0.0021 0.0012 0.0013 0.0316 0.0036 
        LK22 10 0.9856 0.0013 0.0009 0.0007 0.0042 0.0028 0.0013 0.0033 
        LK23 10 0.9833 0.0022 0.0016 0.0018 0.0010 0.0017 0.0056 0.0029 
        LK24 10 0.8511 0.0018 0.0035 0.0010 0.0234 0.0029 0.0013 0.1149 
        LK25 10 0.7392 0.0013 0.0013 0.0009 0.2311 0.0169 0.0017 0.0076 
       LMC01 10 0.5838 0.0012 0.0009 0.0006 0.0020 0.0014 0.0090 0.4010 
       LMC02 10 0.8293 0.0010 0.0007 0.0006 0.0025 0.0014 0.0076 0.1569 
       LMC03 10 0.8311 0.0009 0.0008 0.0006 0.0027 0.0090 0.0021 0.1529 
       LMC04 10 0.9383 0.0037 0.0145 0.0023 0.0126 0.0030 0.0103 0.0152 
        UM01 10 0.8402 0.0476 0.0642 0.0008 0.0209 0.0010 0.0214 0.0038 
        UM02 10 0.7917 0.0014 0.0019 0.0007 0.0276 0.0012 0.1343 0.0413 
        UM03 10 0.6880 0.0016 0.0012 0.0008 0.0122 0.0011 0.1281 0.1670 
        UM04 10 0.8773 0.0019 0.0015 0.0012 0.0295 0.0016 0.0126 0.0744 
        UM05 10 0.9454 0.0047 0.0237 0.0018 0.0040 0.0016 0.0024 0.0165 
        UM06 10 0.7357 0.0867 0.0083 0.0178 0.0195 0.0014 0.0310 0.0996 
        UM07 10 0.9474 0.0041 0.0038 0.0009 0.0225 0.0018 0.0126 0.0069 
        UM08 10 0.9109 0.0687 0.0024 0.0042 0.0019 0.0025 0.0020 0.0074 
        UM09 10 0.8333 0.0785 0.0424 0.0072 0.0292 0.0029 0.0042 0.0023 
        UM10 10 0.9421 0.0048 0.0234 0.0017 0.0040 0.0015 0.0025 0.0201 
       PLT01 10 0.8468 0.0016 0.0012 0.0006 0.0715 0.0591 0.0109 0.0082 
       PLT02 10 0.9730 0.0100 0.0025 0.0045 0.0032 0.0025 0.0020 0.0022 
       PLT03 10 0.9867 0.0012 0.0012 0.0005 0.0017 0.0035 0.0015 0.0035 
        DC01 10 0.9774 0.0026 0.0066 0.0020 0.0023 0.0019 0.0017 0.0054 
        DC02 10 0.9667 0.0025 0.0033 0.0026 0.0162 0.0028 0.0032 0.0028 
        DC03 10 0.9384 0.0019 0.0426 0.0008 0.0018 0.0014 0.0023 0.0108 
        DC04 10 0.9153 0.0307 0.0149 0.0034 0.0187 0.0072 0.0016 0.0081 
        DC05 10 0.9729 0.0017 0.0021 0.0006 0.0011 0.0075 0.0020 0.0120 
        DC06 10 0.9694 0.0057 0.0025 0.0054 0.0029 0.0025 0.0035 0.0081 
        DC07 10 0.9100 0.0028 0.0053 0.0057 0.0470 0.0022 0.0185 0.0086 
        DC08 10 0.9843 0.0014 0.0013 0.0010 0.0023 0.0019 0.0011 0.0068 
        DC09 10 0.8608 0.1051 0.0069 0.0179 0.0020 0.0036 0.0016 0.0021 
        DC10 10 0.7896 0.0125 0.1089 0.0027 0.0694 0.0033 0.0034 0.0102 
        DC11 10 0.9640 0.0053 0.0032 0.0024 0.0163 0.0029 0.0033 0.0027 
        DC12 10 0.9807 0.0027 0.0014 0.0057 0.0014 0.0015 0.0018 0.0048 
        DC13 10 0.8454 0.0016 0.0036 0.0010 0.0013 0.1411 0.0014 0.0047 
        DC14 10 0.9141 0.0324 0.0143 0.0034 0.0191 0.0073 0.0015 0.0078 
        DC15 10 0.9533 0.0020 0.0022 0.0046 0.0287 0.0020 0.0021 0.0051 
        DC16 10 0.8539 0.0113 0.0017 0.0335 0.0878 0.0035 0.0032 0.0051 
        DC17 10 0.9787 0.0019 0.0016 0.0011 0.0045 0.0028 0.0041 0.0053 
        DC18 10 0.8589 0.0033 0.1259 0.0006 0.0026 0.0023 0.0019 0.0045 
        DC19 10 0.8972 0.0016 0.0014 0.0017 0.0076 0.0021 0.0077 0.0807 
        DC20 10 0.6116 0.0019 0.0010 0.0021 0.1387 0.1205 0.0042 0.1200 
        DC21 10 0.9889 0.0020 0.0016 0.0009 0.0017 0.0011 0.0016 0.0023 
        DC22 10 0.8036 0.0301 0.0487 0.0024 0.0287 0.0015 0.0711 0.0139 
        DC23 10 0.9640 0.0025 0.0012 0.0016 0.0161 0.0037 0.0065 0.0044 
        DC24 10 0.8583 0.0034 0.1265 0.0007 0.0024 0.0023 0.0019 0.0046 
        DC25 10 0.9350 0.0018 0.0021 0.0009 0.0057 0.0014 0.0019 0.0513 
        DC26 10 0.9808 0.0027 0.0014 0.0058 0.0014 0.0017 0.0018 0.0045 
        PC02 12 0.0080 0.0011 0.0010 0.0006 0.9812 0.0042 0.0011 0.0029 
        PC03 12 0.0075 0.0011 0.0009 0.0006 0.9815 0.0045 0.0011 0.0028 
        PC04 12 0.0074 0.0011 0.0009 0.0006 0.9821 0.0040 0.0011 0.0028 
        PC05 12 0.0076 0.0011 0.0009 0.0006 0.9815 0.0043 0.0011 0.0028 
        PC06 12 0.0082 0.0011 0.0009 0.0006 0.9811 0.0041 0.0011 0.0028 
        PC07 12 0.6989 0.0014 0.0009 0.0005 0.1721 0.1217 0.0027 0.0019 
        PC08 12 0.0077 0.0011 0.0009 0.0006 0.9818 0.0039 0.0011 0.0028 
        PC09 12 0.0075 0.0012 0.0009 0.0006 0.9815 0.0043 0.0011 0.0029 
        PC10 12 0.0061 0.0011 0.0009 0.0006 0.9833 0.0038 0.0011 0.0031 
        PC11 12 0.0072 0.0011 0.0009 0.0006 0.9823 0.0040 0.0011 0.0028 
        PC12 12 0.0072 0.0011 0.0009 0.0006 0.9822 0.0040 0.0011 0.0029 
        PC13 12 0.0079 0.0011 0.0009 0.0006 0.9817 0.0039 0.0011 0.0027 
        PC14 12 0.0075 0.0011 0.0009 0.0006 0.9818 0.0042 0.0011 0.0028 
        PC01 12 0.0074 0.0011 0.0010 0.0006 0.9816 0.0042 0.0011 0.0029 
      Nuke10 13 0.0061 0.0012 0.0009 0.0005 0.0014 0.0955 0.0012 0.8932 
      Nuke11 13 0.0039 0.0015 0.0008 0.0007 0.0021 0.1615 0.0012 0.8284 
      Nuke12 13 0.0083 0.0015 0.0012 0.0009 0.2896 0.0031 0.0014 0.6941 
      Nuke13 13 0.0073 0.0012 0.0012 0.0008 0.0016 0.1041 0.0052 0.8786 
      Nuke01 13 0.0104 0.0011 0.0010 0.0006 0.0021 0.1499 0.0044 0.8305 
      Nuke02 13 0.0089 0.0016 0.0013 0.0009 0.2887 0.0030 0.0013 0.6944 
      Nuke03 13 0.0037 0.0014 0.0009 0.0008 0.0303 0.1598 0.0010 0.8022 
      Nuke04 13 0.0028 0.0011 0.0008 0.0006 0.0013 0.0833 0.0010 0.9092 
      Nuke05 13 0.0052 0.0012 0.0007 0.0006 0.0016 0.0937 0.0012 0.8958 
      Nuke06 13 0.0178 0.0024 0.0025 0.0006 0.0015 0.1669 0.0022 0.8062 
      Nuke07 13 0.0083 0.0019 0.0010 0.0007 0.0063 0.0131 0.0011 0.9677 
      Nuke08 13 0.0030 0.0011 0.0009 0.0005 0.0020 0.0032 0.0013 0.9880 
      Nuke09 13 0.0033 0.0013 0.0010 0.0007 0.0024 0.0044 0.0012 0.9857 
       Rad01 13 0.0664 0.0011 0.0018 0.0008 0.0693 0.0028 0.0081 0.8497 
       Rad02 13 0.0033 0.0012 0.0010 0.0006 0.0014 0.3240 0.0015 0.6670 
       Rad03 13 0.0062 0.0011 0.0013 0.0006 0.0050 0.0924 0.0036 0.8899 
       Rad04 13 0.0028 0.0010 0.0009 0.0006 0.0018 0.2382 0.0019 0.7528 
       Rad05 13 0.0064 0.0711 0.0013 0.0005 0.0018 0.0068 0.0012 0.9108 
       Rad06 13 0.0022 0.0010 0.0009 0.0006 0.0465 0.0021 0.0013 0.9455 
       Rad07 13 0.0063 0.0018 0.0009 0.0006 0.0035 0.0258 0.0013 0.9598 
       Rad08 13 0.0744 0.0017 0.0138 0.0030 0.0689 0.1193 0.0334 0.6855 
       Rad09 13 0.0047 0.0011 0.0016 0.0009 0.0333 0.2090 0.0179 0.7316 
       Rad10 13 0.0035 0.0013 0.0009 0.0007 0.0027 0.1757 0.0011 0.8142 
       Rad11 13 0.0045 0.0014 0.0009 0.0006 0.2094 0.0154 0.0018 0.7660 
       Rad12 13 0.0041 0.0011 0.0011 0.0006 0.0301 0.1208 0.0012 0.8411 
       Rad13 13 0.0028 0.0011 0.0010 0.0005 0.0164 0.0029 0.0013 0.9739 
       Rad14 13 0.0029 0.0010 0.0010 0.0006 0.0018 0.2388 0.0019 0.7520 
       Rad15 13 0.0151 0.0015 0.0012 0.0009 0.0113 0.0359 0.0718 0.8624 
       Rad16 13 0.0031 0.0011 0.0009 0.0005 0.0020 0.0030 0.0013 0.9880 
       HTB16 14 0.9065 0.0060 0.0083 0.0007 0.0089 0.0049 0.0028 0.0619 
       HTB17 14 0.7559 0.0032 0.0031 0.0221 0.0585 0.1521 0.0012 0.0039 
       HTB18 14 0.4495 0.0033 0.0020 0.0015 0.0048 0.0065 0.1025 0.4299 
       HTB19 14 0.9668 0.0048 0.0013 0.0009 0.0018 0.0015 0.0011 0.0218 
       HTB20 14 0.6636 0.1044 0.0023 0.0051 0.0496 0.1543 0.0012 0.0195 
       HTB21 14 0.8463 0.0075 0.0051 0.0048 0.0035 0.0030 0.0184 0.1114 
       HTB22 14 0.9475 0.0019 0.0023 0.0009 0.0035 0.0253 0.0030 0.0156 
       HTB23 14 0.8500 0.0026 0.0015 0.0010 0.0040 0.0072 0.0032 0.1306 
       HTB11 14 0.9247 0.0041 0.0047 0.0041 0.0336 0.0027 0.0186 0.0075 
       HTB12 14 0.8958 0.0018 0.0021 0.0039 0.0063 0.0015 0.0505 0.0381 
       HTB13 14 0.8649 0.0016 0.0022 0.0022 0.0057 0.0015 0.0503 0.0717 
       HTB14 14 0.9179 0.0021 0.0614 0.0008 0.0039 0.0031 0.0019 0.0089 
       HTB15 14 0.8518 0.0316 0.0112 0.0035 0.0036 0.0031 0.0170 0.0782 
       Nel01 15 0.2979 0.0020 0.0024 0.0007 0.0095 0.0008 0.0027 0.6840 
       Nel02 15 0.0196 0.0084 0.2318 0.0008 0.0156 0.0099 0.0031 0.7108 
       Nel03 15 0.2973 0.0020 0.0027 0.0007 0.0090 0.0008 0.0027 0.6848 
       Nel04 15 0.2981 0.0020 0.0025 0.0007 0.0086 0.0008 0.0026 0.6846 
       Nel05 15 0.2964 0.0015 0.0014 0.0007 0.0021 0.0012 0.0067 0.6900 
       Nel06 15 0.2970 0.0015 0.0013 0.0007 0.0022 0.0012 0.0067 0.6894 
       Nel07 15 0.2962 0.0015 0.0013 0.0007 0.0020 0.0012 0.0070 0.6901 
       Nel08 15 0.3156 0.0058 0.0111 0.0063 0.0035 0.0014 0.0018 0.6545 
       Nel09 15 0.2967 0.0015 0.0013 0.0007 0.0022 0.0012 0.0070 0.6894 
       Nel10 15 0.4358 0.0034 0.0027 0.0005 0.0107 0.0027 0.0041 0.5401 
       Nel11 15 0.2981 0.0020 0.0025 0.0007 0.0089 0.0008 0.0026 0.6843 
       Nel12 15 0.2963 0.0015 0.0013 0.0006 0.0022 0.0012 0.0069 0.6899 
       Nel13 15 0.2868 0.0030 0.0031 0.0048 0.0143 0.0008 0.0024 0.6847 
       Nel14 15 0.2964 0.0015 0.0013 0.0007 0.0020 0.0012 0.0067 0.6902 
         EI1 16 0.0034 0.0015 0.0010 0.0027 0.0017 0.0019 0.0011 0.9868 
        EI10 16 0.0031 0.0014 0.0010 0.0010 0.0015 0.0017 0.0011 0.9893 
        EI11 16 0.0032 0.0012 0.0008 0.0012 0.0018 0.0017 0.0010 0.9889 
        EI12 16 0.0033 0.0016 0.0008 0.0034 0.0021 0.0019 0.0012 0.9858 
         EI2 16 0.0617 0.0010 0.0010 0.0006 0.0016 0.0018 0.0011 0.9312 
         EI3 16 0.0031 0.0016 0.0008 0.0033 0.0020 0.0019 0.0011 0.9862 
         EI4 16 0.0032 0.0012 0.0008 0.0013 0.0018 0.0017 0.0010 0.9890 
         EI5 16 0.0030 0.0018 0.0009 0.0033 0.0019 0.0018 0.0011 0.9862 
         EI6 16 0.0032 0.0013 0.0010 0.0010 0.0015 0.0017 0.0010 0.9892 
         EI7 16 0.0891 0.0092 0.0013 0.0011 0.0018 0.0016 0.0010 0.8949 
         EI8 16 0.0040 0.0197 0.0023 0.0409 0.0017 0.0016 0.0011 0.9286 
         EI9 16 0.0040 0.0013 0.0010 0.0016 0.0019 0.0018 0.0011 0.9872 
        OL01 17 0.0022 0.0012 0.0007 0.0006 0.0013 0.0022 0.0018 0.9901 
        OL02 17 0.0734 0.0014 0.0014 0.0007 0.0024 0.0063 0.0154 0.8990 
        OL03 17 0.0022 0.0011 0.0007 0.0006 0.0013 0.0023 0.0017 0.9901 
        OL04 17 0.0023 0.0011 0.0007 0.0006 0.0013 0.0022 0.0017 0.9901 
        OL06 17 0.0022 0.0011 0.0007 0.0006 0.0013 0.0023 0.0017 0.9900 
       OSP01 17 0.0022 0.0011 0.0007 0.0006 0.0013 0.0021 0.0016 0.9904 
       OSP02 17 0.0022 0.0011 0.0007 0.0006 0.0013 0.0022 0.0018 0.9901 
       OSP03 17 0.0022 0.0012 0.0007 0.0006 0.0013 0.0022 0.0017 0.9901 
       OSP04 17 0.0023 0.0012 0.0007 0.0006 0.0012 0.0022 0.0018 0.9899 
       OSP05 17 0.0023 0.0011 0.0006 0.0006 0.0012 0.0021 0.0017 0.9904 
       OSP06 17 0.0022 0.0011 0.0007 0.0006 0.0013 0.0023 0.0017 0.9902 
       OSP07 17 0.0023 0.0011 0.0007 0.0006 0.0012 0.0022 0.0017 0.9903 
       OSP10 17 0.0023 0.0011 0.0007 0.0006 0.0012 0.0022 0.0017 0.9901 
       OSP11 17 0.0022 0.0011 0.0007 0.0006 0.0013 0.0022 0.0017 0.9902 
       OSP12 17 0.0023 0.0012 0.0007 0.0006 0.0013 0.0022 0.0017 0.9901 
       OSP13 17 0.0022 0.0012 0.0007 0.0006 0.0013 0.0022 0.0017 0.9901 
       OSP14 17 0.0023 0.0012 0.0007 0.0006 0.0013 0.0022 0.0017 0.9902 
        OY02 17 0.0028 0.0017 0.0014 0.0008 0.0058 0.0042 0.0017 0.9815 
        OY04 17 0.0039 0.0015 0.0011 0.0008 0.0037 0.0055 0.0013 0.9822 
        OY05 17 0.3658 0.0048 0.0045 0.0006 0.0088 0.0017 0.0012 0.6126 
        OY06 17 0.3497 0.0029 0.0063 0.0007 0.0019 0.0013 0.0019 0.6353 
        OY07 17 0.0029 0.0029 0.0020 0.0018 0.1276 0.0071 0.0102 0.8454 
        OY08 17 0.0030 0.0029 0.0021 0.0019 0.1255 0.0066 0.0097 0.8484 
        OY10 17 0.0604 0.0027 0.0103 0.0078 0.0046 0.0300 0.0192 0.8650 
        OY12 17 0.0990 0.0345 0.0038 0.0007 0.0051 0.0040 0.0015 0.8514 
        OY15 17 0.2992 0.0028 0.0110 0.0007 0.0066 0.0013 0.0017 0.6767 
        OY16 17 0.0244 0.0606 0.4248 0.0009 0.0010 0.0014 0.0314 0.4554 
        OY20 17 0.3030 0.0047 0.0021 0.0006 0.0043 0.0043 0.0015 0.6794 
        OY26 17 0.0693 0.0039 0.0018 0.0008 0.0025 0.0060 0.0013 0.9145 
        OY27 17 0.4582 0.0022 0.0057 0.0006 0.0019 0.0018 0.0057 0.5239 
       RHL02 17 0.6005 0.0012 0.0008 0.0005 0.0569 0.0215 0.0014 0.3171 
       RHL03 17 0.6484 0.0012 0.0008 0.0005 0.0119 0.0171 0.0014 0.3187 
       RHL05 17 0.6470 0.0012 0.0008 0.0005 0.0128 0.0173 0.0014 0.3189 
       RHL06 17 0.6125 0.0012 0.0008 0.0005 0.0287 0.0125 0.0014 0.3424 
       RHL07 17 0.6791 0.0012 0.0008 0.0005 0.0076 0.0142 0.0013 0.2955 
       RHL09 17 0.6466 0.0012 0.0008 0.0005 0.0125 0.0168 0.0014 0.3201 
       RHL11 17 0.6780 0.0012 0.0008 0.0005 0.0080 0.0141 0.0013 0.2962 
       RHL12 17 0.5559 0.0012 0.0008 0.0005 0.0046 0.0080 0.0014 0.4276 
       RHL13 17 0.6476 0.0012 0.0008 0.0005 0.0118 0.0166 0.0014 0.3201 
       RHL14 17 0.6470 0.0012 0.0008 0.0005 0.0125 0.0171 0.0014 0.3195 
       MOON1 17 0.3675 0.0012 0.0028 0.0005 0.0175 0.0057 0.0011 0.6036 
       Cre01 17 0.0021 0.0010 0.0007 0.0005 0.0019 0.0012 0.0011 0.9914 
       Cre02 17 0.0022 0.0009 0.0007 0.0005 0.0016 0.0012 0.0014 0.9914 
       Cre03 17 0.0022 0.0009 0.0007 0.0005 0.0016 0.0013 0.0014 0.9913 
       Cre04 17 0.0022 0.0009 0.0007 0.0005 0.0017 0.0012 0.0014 0.9913 
       Cre05 17 0.0023 0.0009 0.0007 0.0005 0.0017 0.0012 0.0014 0.9912 
       Cre06 17 0.0023 0.0008 0.0007 0.0005 0.0036 0.0011 0.0010 0.9899 
       Cre07 17 0.0023 0.0009 0.0007 0.0005 0.0016 0.0012 0.0014 0.9912 
       Cre08 17 0.0028 0.0009 0.0007 0.0005 0.0028 0.0026 0.0013 0.9885 
       Cre09 17 0.0023 0.0008 0.0007 0.0006 0.0034 0.0011 0.0010 0.9901 
       Cre10 17 0.0022 0.0009 0.0007 0.0005 0.0020 0.0011 0.0013 0.9914 
       Cre11 17 0.0021 0.0009 0.0007 0.0005 0.0016 0.0013 0.0014 0.9915 
       SSN31 17 0.0023 0.0009 0.0007 0.0005 0.0021 0.0024 0.0013 0.9897 
       SSN32 17 0.0023 0.0008 0.0006 0.0005 0.0034 0.0011 0.0010 0.9901 
       SSN33 17 0.0020 0.0009 0.0008 0.0005 0.0025 0.0023 0.0011 0.9901 
       SSN34 17 0.0025 0.0008 0.0007 0.0006 0.0035 0.0011 0.0010 0.9898 
       SSN35 17 0.0022 0.0009 0.0007 0.0005 0.0016 0.0013 0.0014 0.9914 
       SSN36 17 0.0022 0.0009 0.0007 0.0005 0.0016 0.0012 0.0014 0.9914 
       SSN38 17 0.2200 0.0011 0.0021 0.0006 0.0217 0.0017 0.0020 0.7509 
       SSN39 17 0.0024 0.0009 0.0007 0.0005 0.0015 0.0011 0.0013 0.9917 
       SSN40 17 0.0018 0.0008 0.0007 0.0005 0.0014 0.0020 0.0012 0.9917 
       SSN41 17 0.0023 0.0009 0.0007 0.0005 0.0014 0.0011 0.0013 0.9918 
       BCV44 17 0.0019 0.0009 0.0007 0.0005 0.0018 0.0024 0.0018 0.9900 
       BCV45 17 0.0017 0.0009 0.0007 0.0005 0.0017 0.0025 0.0018 0.9903 
       BCV46 17 0.0017 0.0009 0.0007 0.0005 0.0017 0.0023 0.0019 0.9903 
       BCV47 17 0.0017 0.0009 0.0007 0.0005 0.0018 0.0023 0.0018 0.9902 
       BCV48 17 0.0018 0.0008 0.0007 0.0005 0.0017 0.0024 0.0018 0.9902 
       BCV49 17 0.0017 0.0009 0.0007 0.0005 0.0017 0.0024 0.0019 0.9902 
       BCV50 17 0.0017 0.0009 0.0007 0.0005 0.0018 0.0024 0.0018 0.9901 
       BCV51 17 0.0017 0.0009 0.0007 0.0005 0.0017 0.0023 0.0018 0.9903 
       BCV52 17 0.0018 0.0009 0.0007 0.0005 0.0017 0.0025 0.0019 0.9901 
       BCV53 17 0.0017 0.0009 0.0007 0.0005 0.0017 0.0024 0.0019 0.9902 
      SSBC01 17 0.0018 0.0009 0.0007 0.0005 0.0018 0.0024 0.0018 0.9901 
      SSBC02 17 0.0018 0.0009 0.0007 0.0005 0.0018 0.0023 0.0019 0.9902 
      SSBC03 17 0.0017 0.0009 0.0007 0.0005 0.0018 0.0023 0.0019 0.9902 
      SSBC04 17 0.0017 0.0009 0.0007 0.0005 0.0018 0.0024 0.0020 0.9900 
      SSBC05 17 0.0017 0.0009 0.0007 0.0005 0.0017 0.0024 0.0017 0.9904 
      SSBC06 17 0.0018 0.0009 0.0007 0.0005 0.0018 0.0022 0.0018 0.9903 
      SSBC07 17 0.0018 0.0009 0.0007 0.0005 0.0017 0.0023 0.0018 0.9903 
       LCV01 17 0.0052 0.0009 0.0009 0.0010 0.0019 0.0011 0.0020 0.9870 
       LCV02 17 0.0049 0.0010 0.0009 0.0010 0.0020 0.0011 0.0019 0.9872 
