        TC01  1 0.0011 0.0010 0.0031 0.0007 0.0015 0.0098 0.0029 0.0113 0.9655 0.0030 
        TC02  1 0.0011 0.0010 0.0047 0.0011 0.0023 0.0028 0.0034 0.0026 0.9786 0.0026 
        TC03  1 0.0009 0.0008 0.0029 0.0012 0.0011 0.0026 0.0041 0.0027 0.9800 0.0038 
        TC04  1 0.0015 0.0041 0.0576 0.0011 0.0137 0.0136 0.0336 0.0073 0.8636 0.0039 
        TC05  1 0.0010 0.0011 0.0086 0.0011 0.0010 0.0013 0.0033 0.0022 0.9787 0.0016 
        TC06  1 0.0016 0.0026 0.0051 0.0008 0.0024 0.0032 0.0848 0.0020 0.8956 0.0018 
        TC07  1 0.0007 0.0037 0.0039 0.0013 0.0008 0.0027 0.0056 0.0017 0.9783 0.0014 
        TC08  1 0.0013 0.0016 0.0036 0.0015 0.0032 0.0014 0.0032 0.0019 0.9809 0.0015 
        TC09  1 0.0012 0.0010 0.0036 0.0007 0.0265 0.0016 0.0395 0.0016 0.9228 0.0015 
        TC10  1 0.0015 0.0014 0.0021 0.0006 0.0008 0.0027 0.0127 0.0042 0.8910 0.0831 
        TC11  1 0.0118 0.0008 0.0020 0.0016 0.0009 0.0029 0.0023 0.0014 0.9739 0.0025 
        TC12  1 0.0009 0.0029 0.0057 0.0013 0.0029 0.0051 0.0102 0.0091 0.9498 0.0121 
        TC13  1 0.0016 0.0011 0.0021 0.0007 0.0015 0.0014 0.0049 0.0014 0.9835 0.0017 
        TC14  1 0.0021 0.0013 0.0051 0.0033 0.0029 0.0054 0.0824 0.0034 0.8904 0.0036 
        TC15  1 0.0020 0.0012 0.0051 0.0012 0.0045 0.0020 0.0302 0.0026 0.9473 0.0040 
        TC16  1 0.0021 0.0013 0.0053 0.0023 0.0669 0.0022 0.0619 0.0084 0.8477 0.0019 
        TC17  1 0.0029 0.0034 0.0321 0.0064 0.0050 0.0064 0.0733 0.0198 0.8434 0.0072 
        TC18  1 0.0275 0.0014 0.0094 0.0038 0.0010 0.0209 0.0067 0.0021 0.9038 0.0233 
        TC19  1 0.0036 0.0008 0.0021 0.0009 0.0115 0.0016 0.0051 0.0016 0.9708 0.0020 
        TC20  1 0.0010 0.0010 0.0026 0.0010 0.0024 0.0027 0.0043 0.0046 0.9789 0.0013 
        TC21  1 0.0083 0.0009 0.1110 0.0109 0.0021 0.0406 0.0062 0.0029 0.8137 0.0034 
        TC22  1 0.0346 0.0022 0.0056 0.0010 0.0020 0.0023 0.0052 0.0105 0.9139 0.0227 
        TC23  1 0.0018 0.0007 0.0022 0.0013 0.0011 0.0040 0.0049 0.0039 0.9759 0.0042 
        TC24  1 0.0008 0.0006 0.0016 0.0012 0.0009 0.0010 0.0029 0.0013 0.9884 0.0014 
        TC25  1 0.0032 0.0010 0.0040 0.0022 0.0012 0.0478 0.0786 0.0035 0.8556 0.0029 
        TC26  1 0.0008 0.0013 0.0037 0.0011 0.0011 0.0014 0.0239 0.0022 0.9631 0.0015 
        TC27  1 0.0015 0.0009 0.0041 0.0019 0.0009 0.0018 0.0104 0.0017 0.9520 0.0248 
        TC28  1 0.0012 0.0034 0.0056 0.0013 0.0011 0.0038 0.0274 0.0035 0.9496 0.0031 
        TC29  1 0.0018 0.0010 0.0082 0.0034 0.0024 0.0042 0.0319 0.0017 0.9436 0.0017 
        TC30  1 0.0041 0.0010 0.0030 0.0009 0.0034 0.0015 0.0061 0.0016 0.9764 0.0020 
        TC31  1 0.0147 0.0012 0.0035 0.0021 0.0018 0.0238 0.0033 0.0054 0.9361 0.0082 
        TC32  1 0.0319 0.0168 0.0061 0.0011 0.0015 0.0022 0.0718 0.0030 0.8639 0.0016 
        TC33  1 0.0016 0.0011 0.0033 0.0027 0.0009 0.0041 0.0049 0.0025 0.9762 0.0028 
        TC34  1 0.0013 0.0035 0.0036 0.0042 0.0019 0.0018 0.0624 0.0055 0.9110 0.0048 
        TC35  1 0.0012 0.0041 0.0037 0.0011 0.0144 0.0070 0.0102 0.0048 0.9457 0.0079 
        TC36  1 0.0017 0.0008 0.0037 0.0009 0.0017 0.0018 0.0046 0.0023 0.9797 0.0028 
        TC37  1 0.0279 0.0019 0.0033 0.0030 0.0017 0.0022 0.0021 0.0025 0.9535 0.0019 
        TC38  1 0.0012 0.0008 0.0055 0.0010 0.0396 0.0186 0.0280 0.0025 0.9009 0.0019 
        TC39  1 0.0025 0.0014 0.0032 0.0011 0.0033 0.0023 0.1974 0.0020 0.7851 0.0017 
        TC40  1 0.0021 0.0026 0.0039 0.0086 0.0013 0.0024 0.0272 0.0024 0.9451 0.0044 
        TC41  1 0.0066 0.0015 0.0021 0.0012 0.0009 0.0016 0.0032 0.0130 0.9683 0.0015 
        TC42  1 0.0012 0.0006 0.0026 0.0008 0.0016 0.0011 0.0088 0.0019 0.9795 0.0019 
        TC43  1 0.0016 0.0012 0.0024 0.0012 0.0016 0.0020 0.0070 0.0016 0.9790 0.0024 
        TC44  1 0.0008 0.0013 0.0028 0.0008 0.0116 0.0026 0.0117 0.0030 0.9596 0.0058 
        TC45  1 0.0024 0.0011 0.0057 0.0006 0.0014 0.0044 0.0036 0.0039 0.9757 0.0013 
        TC46  1 0.0024 0.0020 0.0047 0.0013 0.0010 0.0033 0.0037 0.0145 0.9503 0.0169 
        TC47  1 0.0013 0.0013 0.0023 0.0011 0.0040 0.0027 0.0102 0.0042 0.9661 0.0067 
        TC48  1 0.0034 0.0012 0.0106 0.0083 0.0012 0.0047 0.0073 0.0095 0.9509 0.0031 
        TC49  1 0.0018 0.0021 0.0050 0.0013 0.0008 0.0022 0.0045 0.0028 0.9781 0.0014 
        TC50  1 0.0016 0.0021 0.0044 0.0023 0.0015 0.0035 0.0031 0.0023 0.9705 0.0088 
        TC51  1 0.0008 0.0013 0.0040 0.0010 0.0034 0.0039 0.0128 0.0022 0.9680 0.0026 
        TC52  1 0.0010 0.0007 0.0028 0.0010 0.0010 0.0024 0.0056 0.0072 0.9734 0.0048 
        TC53  1 0.0014 0.0010 0.0040 0.0008 0.0021 0.0011 0.0065 0.0057 0.9739 0.0036 
        TC54  1 0.0018 0.0011 0.0089 0.0276 0.0013 0.0033 0.0106 0.0030 0.9379 0.0045 
        TC55  1 0.0055 0.0014 0.0099 0.0022 0.0010 0.0033 0.0338 0.0027 0.9364 0.0037 
        TC56  1 0.0020 0.0023 0.0052 0.0119 0.0019 0.0083 0.0065 0.0026 0.9555 0.0038 
        TC57  1 0.0026 0.0025 0.0086 0.0028 0.0027 0.0024 0.0046 0.0035 0.9626 0.0077 
        TC58  1 0.0011 0.0017 0.0036 0.0008 0.0015 0.0075 0.0067 0.0046 0.9693 0.0032 
        TC59  1 0.0007 0.0009 0.0022 0.0009 0.0009 0.0013 0.0037 0.0016 0.9859 0.0018 
        TA01  2 0.0016 0.0015 0.0030 0.0013 0.0045 0.0017 0.0072 0.0016 0.9757 0.0019 
        TA02  2 0.0013 0.0012 0.0028 0.0025 0.0016 0.0017 0.0032 0.0017 0.9820 0.0019 
        TA03  2 0.0011 0.0035 0.0033 0.0017 0.0122 0.0019 0.0045 0.0021 0.9625 0.0072 
        TA04  2 0.0009 0.0018 0.0022 0.0009 0.3241 0.0016 0.0128 0.0023 0.6500 0.0032 
        TA05  2 0.0010 0.0010 0.0031 0.0013 0.0027 0.0019 0.0028 0.0019 0.9825 0.0020 
        TA06  2 0.0015 0.0010 0.0016 0.0007 0.0021 0.0016 0.0064 0.0021 0.9813 0.0017 
        TA07  2 0.0007 0.0008 0.0052 0.0016 0.0405 0.0021 0.0041 0.0019 0.9407 0.0024 
        TA08  2 0.0005 0.0008 0.0018 0.0012 0.0027 0.0020 0.0087 0.0010 0.9693 0.0119 
        TA09  2 0.0011 0.0009 0.0020 0.0010 0.0055 0.0012 0.0054 0.0022 0.9785 0.0022 
        TA10  2 0.0007 0.0030 0.0065 0.0009 0.0020 0.0156 0.0050 0.0048 0.9598 0.0017 
        TA11  2 0.0009 0.0045 0.0040 0.0012 0.0057 0.0159 0.0087 0.0194 0.9343 0.0054 
        TA12  2 0.0011 0.0176 0.0073 0.0012 0.0015 0.0027 0.0028 0.0461 0.9184 0.0013 
        TA13  2 0.0010 0.0034 0.0868 0.0016 0.0197 0.0052 0.0261 0.0059 0.8479 0.0025 
        TA14  2 0.0008 0.0009 0.0021 0.0013 0.0030 0.0010 0.0072 0.0011 0.9808 0.0019 
        TA15  2 0.0008 0.0011 0.0028 0.0009 0.0014 0.0012 0.0064 0.0013 0.9827 0.0014 
        TA16  2 0.0008 0.0013 0.0065 0.0008 0.0119 0.0065 0.0207 0.0023 0.9471 0.0020 
        TA17  2 0.0007 0.0044 0.0035 0.0017 0.0009 0.0013 0.0041 0.0040 0.9763 0.0031 
        TA18  2 0.0191 0.0913 0.0021 0.0009 0.0018 0.0021 0.0031 0.0036 0.8744 0.0016 
        TA19  2 0.0060 0.0022 0.0042 0.0012 0.0130 0.0027 0.0089 0.0054 0.8853 0.0711 
        TA20  2 0.0011 0.0015 0.0093 0.0074 0.0009 0.0031 0.0045 0.0020 0.9684 0.0018 
        TA21  2 0.0010 0.0023 0.0048 0.0041 0.0024 0.0020 0.0231 0.0019 0.9559 0.0025 
        TA22  2 0.0031 0.0017 0.0023 0.0027 0.0011 0.0013 0.0123 0.0018 0.9723 0.0014 
        TA23  2 0.0014 0.0011 0.0019 0.0011 0.0022 0.0013 0.0156 0.0014 0.9725 0.0015 
        TA24  2 0.0007 0.0021 0.0053 0.0010 0.0013 0.0015 0.0032 0.0020 0.9772 0.0057 
        TA25  2 0.0007 0.0052 0.0112 0.0006 0.0012 0.0657 0.0057 0.0091 0.8990 0.0015 
        TA26  2 0.0014 0.0009 0.0034 0.0018 0.0108 0.0096 0.0561 0.0027 0.9108 0.0026 
        TA27  2 0.0021 0.0018 0.0059 0.0015 0.0019 0.0014 0.0043 0.0025 0.9755 0.0030 
        TA28  2 0.0024 0.0047 0.0053 0.0060 0.0026 0.0054 0.0039 0.0056 0.9600 0.0039 
        TA29  2 0.0011 0.0013 0.0030 0.0009 0.0012 0.0015 0.0221 0.0025 0.9629 0.0035 
        TA30  2 0.0015 0.0009 0.0047 0.0025 0.1505 0.0023 0.0585 0.0024 0.7704 0.0063 
      BERM01  3 0.0008 0.0009 0.0017 0.0008 0.0149 0.0012 0.9744 0.0012 0.0028 0.0012 
      BERM02  3 0.0017 0.0008 0.0018 0.0009 0.0038 0.0012 0.9819 0.0012 0.0055 0.0011 
      BERM03  3 0.0007 0.0006 0.0020 0.0008 0.0009 0.0013 0.9884 0.0014 0.0025 0.0014 
      BERM04  3 0.0005 0.0006 0.0015 0.0007 0.0016 0.0015 0.9883 0.0011 0.0023 0.0019 
      BERM05  3 0.0006 0.0008 0.0020 0.0010 0.0026 0.0018 0.9848 0.0022 0.0021 0.0021 
      BERM06  3 0.0008 0.0010 0.0017 0.0006 0.0083 0.0012 0.9803 0.0016 0.0031 0.0014 
      BERM07  3 0.0007 0.0008 0.0019 0.0008 0.0038 0.0015 0.9831 0.0017 0.0036 0.0020 
      BERM08  3 0.0005 0.0006 0.0015 0.0006 0.0038 0.0013 0.9859 0.0010 0.0036 0.0012 
      BERM09  3 0.0017 0.0007 0.0016 0.0007 0.4150 0.0010 0.5640 0.0030 0.0112 0.0011 
      BERM10  3 0.0010 0.0007 0.0033 0.0007 0.0040 0.0017 0.9792 0.0021 0.0050 0.0023 
      BERM11  3 0.0007 0.0008 0.0017 0.0008 0.0222 0.0017 0.9653 0.0011 0.0043 0.0014 
      BERM12  3 0.0008 0.0030 0.0014 0.0007 0.0012 0.0118 0.9479 0.0222 0.0077 0.0032 
      BERM13  3 0.0010 0.0012 0.0021 0.0008 0.0048 0.0014 0.9795 0.0042 0.0033 0.0017 
      BERM14  3 0.0005 0.0006 0.0016 0.0006 0.0035 0.0013 0.9826 0.0014 0.0062 0.0016 
      CROC01  3 0.0017 0.0015 0.0042 0.0046 0.0033 0.0022 0.9624 0.0055 0.0046 0.0099 
      CROC02  3 0.0007 0.0011 0.0024 0.0010 0.0018 0.0023 0.9747 0.0096 0.0047 0.0015 
      CROC03  3 0.0009 0.0010 0.0023 0.0011 0.0063 0.0020 0.9790 0.0016 0.0034 0.0025 
      CROC04  3 0.0025 0.0007 0.0045 0.0007 0.0016 0.0012 0.8552 0.0029 0.1274 0.0033 
      CROC05  3 0.0011 0.0008 0.0024 0.0011 0.0043 0.0020 0.9824 0.0017 0.0028 0.0015 
      CROC06  3 0.0008 0.0021 0.0096 0.0071 0.0037 0.0206 0.8989 0.0081 0.0465 0.0026 
      CROC07  3 0.0045 0.0041 0.0031 0.0012 0.0070 0.0016 0.9665 0.0035 0.0062 0.0024 
      CROC08  3 0.0017 0.0009 0.0036 0.0237 0.0023 0.0062 0.9528 0.0025 0.0035 0.0028 
      CROC09  3 0.0010 0.0007 0.0026 0.0023 0.0274 0.0013 0.9600 0.0010 0.0023 0.0015 
      CROC10  3 0.0019 0.0008 0.0020 0.0006 0.0570 0.0017 0.9306 0.0012 0.0028 0.0014 
      CROC11  3 0.0010 0.0007 0.0026 0.0024 0.0274 0.0012 0.9598 0.0011 0.0023 0.0014 
     CROC110  3 0.0017 0.0010 0.0294 0.0021 0.0217 0.0015 0.9232 0.0024 0.0142 0.0027 
     CROC116  3 0.0032 0.0048 0.0054 0.0018 0.0020 0.0025 0.9633 0.0024 0.0102 0.0044 
      CROC12  3 0.0009 0.0014 0.0025 0.0008 0.0017 0.0012 0.9853 0.0013 0.0037 0.0012 
     CROC123  3 0.0008 0.0006 0.0016 0.0006 0.0026 0.0011 0.9875 0.0009 0.0032 0.0011 
      CROC13  3 0.0006 0.0006 0.0018 0.0008 0.0012 0.0025 0.9870 0.0014 0.0024 0.0016 
      CROC14  3 0.0007 0.0007 0.0200 0.0021 0.0032 0.0623 0.8986 0.0013 0.0100 0.0010 
      CROC15  3 0.0029 0.0007 0.0357 0.0129 0.0011 0.0096 0.8876 0.0093 0.0074 0.0329 
      CROC16  3 0.0006 0.0010 0.0026 0.0014 0.0094 0.0031 0.9755 0.0017 0.0023 0.0025 
      CROC17  3 0.0373 0.0007 0.0041 0.0006 0.0010 0.0012 0.9112 0.0010 0.0418 0.0011 
      CROC18  3 0.0024 0.0046 0.0033 0.0009 0.0014 0.0063 0.9528 0.0204 0.0064 0.0016 
      CROC19  3 0.0009 0.0010 0.0038 0.0010 0.0034 0.0017 0.9729 0.0033 0.0085 0.0034 
     CROC198  3 0.0008 0.0006 0.0020 0.0009 0.0044 0.0016 0.9833 0.0016 0.0027 0.0020 
      CROC20  3 0.0005 0.0015 0.0025 0.0010 0.0027 0.0019 0.9835 0.0020 0.0026 0.0018 
     CROC202  3 0.0007 0.0007 0.0019 0.0008 0.0014 0.0046 0.9825 0.0027 0.0027 0.0020 
      CROC21  3 0.0009 0.0007 0.0027 0.0009 0.0040 0.0016 0.9820 0.0015 0.0043 0.0014 
     CROC216  3 0.0040 0.0027 0.0072 0.0028 0.0144 0.0021 0.9254 0.0059 0.0306 0.0050 
      CROC22  3 0.0029 0.0007 0.0077 0.0007 0.0044 0.0017 0.9285 0.0464 0.0057 0.0013 
      CROC23  3 0.0036 0.0012 0.0039 0.0015 0.0659 0.0020 0.9001 0.0018 0.0179 0.0020 
      CROC24  3 0.0006 0.0007 0.0022 0.0011 0.0109 0.0018 0.9766 0.0013 0.0037 0.0013 
      CROC25  3 0.0010 0.0007 0.0016 0.0008 0.0017 0.0013 0.9872 0.0014 0.0030 0.0014 
     CROC259  3 0.0021 0.0008 0.0022 0.0009 0.0043 0.0058 0.9479 0.0012 0.0329 0.0018 
      CROC26  3 0.0010 0.0007 0.0017 0.0011 0.0024 0.0018 0.8986 0.0016 0.0890 0.0022 
      CROC27  3 0.0047 0.0010 0.0027 0.0030 0.0155 0.0015 0.9375 0.0019 0.0299 0.0023 
      CROC28  3 0.0008 0.0007 0.0018 0.0009 0.0484 0.0014 0.9332 0.0010 0.0105 0.0014 
      CROC29  3 0.0008 0.0007 0.0023 0.0014 0.0014 0.0014 0.9858 0.0012 0.0033 0.0017 
      CROC30  3 0.0011 0.0023 0.0037 0.0015 0.0017 0.0018 0.9766 0.0031 0.0063 0.0019 
      CROC31  3 0.0040 0.0069 0.0062 0.0009 0.1004 0.0019 0.8606 0.0017 0.0156 0.0018 
      CROC32  3 0.0007 0.0006 0.0018 0.0006 0.0018 0.0013 0.9867 0.0017 0.0036 0.0012 
      CROC33  3 0.0012 0.0009 0.0045 0.0201 0.0028 0.0012 0.9537 0.0015 0.0118 0.0023 
      CROC34  3 0.0009 0.0014 0.0018 0.0011 0.0018 0.0016 0.9839 0.0017 0.0037 0.0021 
      CROC35  3 0.0011 0.0006 0.0090 0.0006 0.0066 0.0018 0.9401 0.0009 0.0384 0.0009 
      CROC36  3 0.0012 0.0007 0.0020 0.0008 0.0062 0.0016 0.9821 0.0013 0.0026 0.0015 
      CROC57  3 0.0006 0.0008 0.0021 0.0011 0.0016 0.0021 0.9860 0.0017 0.0023 0.0017 
      CROC81  3 0.0010 0.0009 0.0024 0.0026 0.0014 0.0030 0.9807 0.0034 0.0029 0.0016 
      CROC84  3 0.0006 0.0014 0.0012 0.0006 0.0041 0.0041 0.9752 0.0049 0.0062 0.0017 
        FW01  3 0.0006 0.0007 0.0021 0.0009 0.0017 0.0016 0.9855 0.0020 0.0032 0.0017 
        FW02  3 0.0005 0.0005 0.0012 0.0005 0.9911 0.0009 0.0019 0.0009 0.0015 0.0010 
        FW03  3 0.0006 0.0006 0.0019 0.0008 0.0017 0.0015 0.9865 0.0017 0.0031 0.0017 
        FW04  3 0.0005 0.0005 0.0012 0.0005 0.9911 0.0009 0.0019 0.0009 0.0015 0.0010 
        FW05  3 0.0005 0.0005 0.0012 0.0005 0.9911 0.0009 0.0019 0.0009 0.0015 0.0010 
        FW06  3 0.0005 0.0005 0.0011 0.0005 0.9909 0.0009 0.0020 0.0009 0.0016 0.0010 
        FW07  3 0.0006 0.0006 0.0018 0.0008 0.0016 0.0015 0.9867 0.0016 0.0032 0.0017 
        FW08  3 0.0005 0.0005 0.0011 0.0005 0.9911 0.0009 0.0019 0.0009 0.0015 0.0010 
        FW09  3 0.0005 0.0005 0.0012 0.0005 0.9910 0.0009 0.0019 0.0009 0.0015 0.0010 
        FW10  3 0.0006 0.0006 0.0020 0.0009 0.0015 0.0015 0.9862 0.0016 0.0035 0.0016 
       FW100  3 0.0006 0.0006 0.0019 0.0009 0.0022 0.0014 0.9855 0.0016 0.0036 0.0015 
       FW101  3 0.0006 0.0006 0.0021 0.0009 0.0016 0.0015 0.9859 0.0016 0.0035 0.0017 
       FW102  3 0.0005 0.0005 0.0012 0.0005 0.9910 0.0010 0.0019 0.0009 0.0016 0.0010 
       FW103  3 0.0005 0.0005 0.0012 0.0005 0.9911 0.0009 0.0019 0.0009 0.0015 0.0010 
       FW104  3 0.0006 0.0007 0.0020 0.0009 0.0017 0.0016 0.9855 0.0020 0.0033 0.0017 
       FW105  3 0.0006 0.0006 0.0020 0.0009 0.0016 0.0015 0.9861 0.0016 0.0033 0.0016 
       FW106  3 0.0023 0.0131 0.0066 0.0026 0.0455 0.0027 0.9089 0.0040 0.0104 0.0039 
       FW107  3 0.0006 0.0007 0.0021 0.0009 0.0016 0.0017 0.9856 0.0019 0.0033 0.0017 
       FW108  3 0.0005 0.0005 0.0012 0.0005 0.9910 0.0009 0.0020 0.0009 0.0016 0.0010 
       FW109  3 0.0006 0.0006 0.0021 0.0009 0.0017 0.0015 0.9859 0.0016 0.0035 0.0016 
        FW11  3 0.0006 0.0007 0.0020 0.0010 0.0020 0.0015 0.9856 0.0016 0.0036 0.0015 
       FW110  3 0.0006 0.0006 0.0019 0.0008 0.0017 0.0015 0.9865 0.0016 0.0031 0.0016 
       FW111  3 0.0005 0.0005 0.0011 0.0005 0.9911 0.0009 0.0019 0.0009 0.0015 0.0010 
       FW112  3 0.0006 0.0006 0.0020 0.0009 0.0023 0.0014 0.9853 0.0017 0.0037 0.0015 
       FW113  3 0.0005 0.0005 0.0011 0.0005 0.9911 0.0009 0.0019 0.0009 0.0016 0.0010 
       FW114  3 0.0007 0.0007 0.0019 0.0008 0.0016 0.0014 0.9853 0.0016 0.0044 0.0017 
       FW115  3 0.0006 0.0007 0.0021 0.0009 0.0016 0.0015 0.9858 0.0016 0.0034 0.0017 
       FW116  3 0.0005 0.0005 0.0012 0.0005 0.9910 0.0009 0.0019 0.0009 0.0015 0.0010 
        FW12  3 0.0005 0.0005 0.0011 0.0005 0.9912 0.0009 0.0018 0.0009 0.0015 0.0010 
        FW13  3 0.0005 0.0005 0.0012 0.0005 0.9909 0.0009 0.0020 0.0009 0.0016 0.0010 
        FW14  3 0.0006 0.0007 0.0021 0.0009 0.0017 0.0016 0.9856 0.0020 0.0032 0.0017 
        FW15  3 0.0006 0.0007 0.0021 0.0009 0.0017 0.0017 0.9855 0.0021 0.0032 0.0017 
        FW16  3 0.0006 0.0006 0.0020 0.0009 0.0017 0.0015 0.9860 0.0016 0.0035 0.0016 
        FW17  3 0.0006 0.0006 0.0021 0.0010 0.0018 0.0015 0.9856 0.0017 0.0035 0.0016 
        FW18  3 0.0006 0.0007 0.0020 0.0010 0.0022 0.0015 0.9854 0.0015 0.0036 0.0015 
        FW19  3 0.0005 0.0005 0.0012 0.0005 0.9910 0.0009 0.0019 0.0009 0.0016 0.0010 
        FW20  3 0.0005 0.0005 0.0011 0.0005 0.9911 0.0009 0.0019 0.0009 0.0015 0.0010 
        FW21  3 0.0005 0.0005 0.0012 0.0005 0.9910 0.0009 0.0019 0.0009 0.0015 0.0010 
        FW22  3 0.0006 0.0007 0.0020 0.0009 0.0023 0.0014 0.9853 0.0017 0.0036 0.0015 
        FW23  3 0.0005 0.0005 0.0012 0.0005 0.9910 0.0009 0.0019 0.0009 0.0015 0.0010 
        FW24  3 0.0005 0.0005 0.0011 0.0005 0.9910 0.0009 0.0020 0.0009 0.0015 0.0010 
        FW25  3 0.0005 0.0005 0.0011 0.0005 0.9912 0.0009 0.0019 0.0009 0.0015 0.0010 
        FW26  3 0.0005 0.0005 0.0011 0.0005 0.9911 0.0009 0.0019 0.0009 0.0015 0.0010 
        FW27  3 0.0006 0.0006 0.0020 0.0010 0.0016 0.0015 0.9861 0.0016 0.0035 0.0016 
        FW28  3 0.0005 0.0005 0.0011 0.0005 0.9910 0.0009 0.0019 0.0009 0.0016 0.0010 
        FW29  3 0.0005 0.0005 0.0011 0.0005 0.9911 0.0009 0.0019 0.0009 0.0015 0.0010 
        FW30  3 0.0025 0.0126 0.0067 0.0026 0.0441 0.0026 0.9112 0.0039 0.0102 0.0038 
        FW32  3 0.0006 0.0007 0.0021 0.0009 0.0017 0.0017 0.9853 0.0020 0.0033 0.0017 
        FW33  3 0.0077 0.0005 0.0037 0.0005 0.9724 0.0009 0.0093 0.0009 0.0031 0.0010 
        FW34  3 0.0005 0.0005 0.0012 0.0005 0.9910 0.0009 0.0019 0.0009 0.0015 0.0010 
        FW35  3 0.0005 0.0005 0.0012 0.0005 0.9911 0.0009 0.0019 0.0009 0.0015 0.0010 
        FW36  3 0.0005 0.0005 0.0011 0.0005 0.9911 0.0010 0.0019 0.0009 0.0015 0.0010 
        FW37  3 0.0006 0.0006 0.0021 0.0009 0.0016 0.0015 0.9861 0.0016 0.0033 0.0016 
        FW51  3 0.0005 0.0005 0.0011 0.0005 0.9912 0.0009 0.0019 0.0009 0.0016 0.0010 
        FW52  3 0.0006 0.0006 0.0020 0.0010 0.0016 0.0015 0.9861 0.0016 0.0035 0.0016 
        FW53  3 0.0005 0.0005 0.0012 0.0005 0.9910 0.0009 0.0019 0.0009 0.0015 0.0010 
        FW54  3 0.0006 0.0006 0.0019 0.0007 0.0018 0.0015 0.9866 0.0017 0.0031 0.0016 
        FW55  3 0.0005 0.0005 0.0012 0.0005 0.9911 0.0010 0.0019 0.0009 0.0015 0.0010 
        FW56  3 0.0005 0.0005 0.0012 0.0005 0.9910 0.0009 0.0019 0.0009 0.0016 0.0010 
        FW57  3 0.0005 0.0005 0.0012 0.0005 0.9912 0.0009 0.0019 0.0009 0.0015 0.0010 
        FW78  3 0.0005 0.0005 0.0011 0.0005 0.9910 0.0009 0.0019 0.0009 0.0015 0.0010 
        FW79  3 0.0005 0.0005 0.0011 0.0005 0.9910 0.0009 0.0020 0.0009 0.0016 0.0010 
        FW80  3 0.0005 0.0005 0.0012 0.0005 0.9910 0.0009 0.0020 0.0009 0.0015 0.0010 
        FW81  3 0.0005 0.0006 0.0019 0.0008 0.0017 0.0015 0.9867 0.0016 0.0032 0.0016 
        FW82  3 0.0006 0.0006 0.0020 0.0009 0.0016 0.0015 0.9860 0.0016 0.0035 0.0016 
        FW83  3 0.0006 0.0007 0.0021 0.0009 0.0016 0.0017 0.9856 0.0020 0.0032 0.0017 
        FW84  3 0.0005 0.0005 0.0012 0.0005 0.9911 0.0009 0.0019 0.0009 0.0015 0.0010 
        FW85  3 0.0006 0.0006 0.0033 0.0008 0.0021 0.0024 0.9758 0.0016 0.0083 0.0045 
        FW86  3 0.0006 0.0007 0.0019 0.0009 0.0022 0.0015 0.9855 0.0016 0.0035 0.0015 
        FW87  3 0.0006 0.0007 0.0020 0.0009 0.0022 0.0015 0.9855 0.0016 0.0036 0.0015 
        FW88  3 0.0005 0.0005 0.0012 0.0005 0.9910 0.0009 0.0019 0.0009 0.0015 0.0010 
        FW89  3 0.0005 0.0005 0.0011 0.0005 0.9912 0.0009 0.0019 0.0009 0.0015 0.0010 
        FW90  3 0.0005 0.0005 0.0012 0.0005 0.9911 0.0009 0.0019 0.0009 0.0015 0.0010 
        FW91  3 0.0006 0.0006 0.0020 0.0009 0.0016 0.0015 0.9861 0.0016 0.0035 0.0016 
        FW92  3 0.0005 0.0005 0.0011 0.0005 0.9910 0.0009 0.0019 0.0009 0.0015 0.0010 
        FW93  3 0.0005 0.0005 0.0012 0.0005 0.9910 0.0010 0.0019 0.0009 0.0015 0.0010 
        FW94  3 0.0006 0.0006 0.0021 0.0010 0.0017 0.0015 0.9858 0.0017 0.0035 0.0016 
        FW95  3 0.0005 0.0005 0.0012 0.0005 0.9910 0.0009 0.0019 0.0009 0.0016 0.0010 
        FW96  3 0.0005 0.0005 0.0012 0.0005 0.9911 0.0009 0.0019 0.0009 0.0015 0.0010 
        FW97  3 0.0011 0.0012 0.0031 0.0020 0.0092 0.0035 0.9635 0.0080 0.0043 0.0041 
        FW98  3 0.0006 0.0006 0.0018 0.0007 0.0017 0.0015 0.9867 0.0016 0.0032 0.0016 
        FW99  3 0.0005 0.0005 0.0011 0.0005 0.9911 0.0009 0.0019 0.0009 0.0015 0.0010 
       Cal01  3 0.0007 0.0009 0.0031 0.0041 0.2618 0.0018 0.7191 0.0017 0.0050 0.0018 
       Cal02  3 0.0011 0.0012 0.0025 0.0007 0.0029 0.0016 0.9844 0.0014 0.0028 0.0013 
       Cal03  3 0.0005 0.0008 0.0017 0.0008 0.0128 0.0011 0.9772 0.0012 0.0025 0.0014 
       Cal04  3 0.0006 0.0009 0.0035 0.0010 0.0007 0.0017 0.9798 0.0022 0.0046 0.0048 
       Cal05  3 0.0037 0.0006 0.0012 0.0005 0.0050 0.0010 0.9828 0.0009 0.0031 0.0012 
       Cal06  3 0.0010 0.0021 0.0042 0.0011 0.0037 0.0020 0.9713 0.0012 0.0119 0.0015 
       Cal07  3 0.0026 0.0006 0.0014 0.0006 0.0193 0.0010 0.9623 0.0012 0.0100 0.0010 
       Cal08  3 0.0018 0.0011 0.0038 0.0019 0.0143 0.0035 0.9587 0.0035 0.0048 0.0066 
       Cal09  3 0.0129 0.0007 0.0047 0.0008 0.0143 0.0017 0.9346 0.0015 0.0272 0.0015 
       Cal10  3 0.0006 0.0008 0.0033 0.0014 0.0012 0.0014 0.9842 0.0014 0.0039 0.0018 
       Cal11  3 0.0015 0.0019 0.0035 0.0013 0.0062 0.0060 0.9630 0.0046 0.0086 0.0035 
      Cal197  3 0.0007 0.0008 0.0045 0.0013 0.3158 0.0010 0.6686 0.0011 0.0054 0.0009 
      Cal198  3 0.0046 0.0035 0.0029 0.0596 0.0041 0.0011 0.8862 0.0016 0.0340 0.0024 
      Cal199  3 0.0005 0.0032 0.0015 0.0014 0.0044 0.0014 0.9633 0.0047 0.0022 0.0174 
      Cal200  3 0.0006 0.0008 0.0044 0.0014 0.0356 0.0020 0.9404 0.0012 0.0093 0.0044 
      Cal201  3 0.0017 0.0006 0.0023 0.0007 0.0430 0.0011 0.9416 0.0011 0.0070 0.0012 
      Cal202  3 0.0024 0.0007 0.0171 0.0134 0.0058 0.0083 0.9364 0.0034 0.0034 0.0090 
      Cal203  3 0.0007 0.0007 0.0021 0.0009 0.0013 0.0021 0.9861 0.0015 0.0026 0.0019 
      Cal204  3 0.0015 0.0009 0.0020 0.0011 0.0018 0.0019 0.9844 0.0017 0.0032 0.0017 
      Cal205  3 0.0008 0.0013 0.0024 0.0010 0.0027 0.0011 0.9846 0.0010 0.0035 0.0018 
      Cal206  3 0.0006 0.0010 0.0023 0.0008 0.0042 0.0017 0.9841 0.0015 0.0025 0.0014 
      Cal207  3 0.0009 0.0071 0.0019 0.0022 0.0038 0.0011 0.9766 0.0012 0.0043 0.0009 
      Cal208  3 0.0007 0.0006 0.0024 0.0013 0.0019 0.0015 0.9854 0.0021 0.0023 0.0018 
      Cal209  3 0.0006 0.0006 0.0016 0.0006 0.0120 0.0013 0.9783 0.0012 0.0026 0.0012 
      Cal210  3 0.0005 0.0032 0.0015 0.0014 0.0043 0.0014 0.9636 0.0048 0.0023 0.0170 
      Cal211  3 0.0011 0.0010 0.0018 0.0006 0.0310 0.0011 0.9569 0.0013 0.0037 0.0016 
      Cal212  3 0.0007 0.0043 0.0020 0.0007 0.0050 0.0011 0.9785 0.0012 0.0033 0.0032 
      Cal213  3 0.0012 0.0015 0.0055 0.0119 0.0073 0.0011 0.8827 0.0020 0.0840 0.0028 
      Cal214  3 0.0005 0.0008 0.0073 0.0040 0.0007 0.0016 0.9436 0.0010 0.0030 0.0375 
      Cal215  3 0.0007 0.0007 0.0025 0.0011 0.0111 0.0025 0.9722 0.0026 0.0033 0.0033 
      Cal216  3 0.0021 0.0013 0.0017 0.0011 0.0264 0.0014 0.9598 0.0013 0.0038 0.0010 
      Cal217  3 0.0015 0.0006 0.0020 0.0008 0.0088 0.0010 0.9791 0.0010 0.0041 0.0011 
      Cal218  3 0.0006 0.0039 0.0019 0.0006 0.0262 0.0011 0.9583 0.0011 0.0038 0.0024 
      Cal219  3 0.0007 0.0010 0.0026 0.0007 0.0096 0.0014 0.9768 0.0019 0.0037 0.0016 
      Cal220  3 0.0030 0.0406 0.0040 0.0021 0.0047 0.0018 0.9334 0.0030 0.0041 0.0033 
      Cal221  3 0.0005 0.0013 0.0016 0.0011 0.0059 0.0011 0.9796 0.0033 0.0031 0.0025 
      Cal222  3 0.0006 0.0016 0.0015 0.0010 0.0026 0.0013 0.9809 0.0025 0.0031 0.0047 
      Cal223  3 0.0052 0.0015 0.0044 0.0041 0.0041 0.0021 0.8828 0.0033 0.0889 0.0035 
      Cal224  3 0.0034 0.0014 0.0023 0.0648 0.0014 0.0085 0.9051 0.0077 0.0031 0.0023 
       Cal33  3 0.0007 0.0009 0.0031 0.0006 0.0019 0.0012 0.9858 0.0013 0.0030 0.0014 
       Cal34  3 0.0065 0.0008 0.0023 0.0016 0.0013 0.0015 0.9782 0.0011 0.0054 0.0012 
       Cal35  3 0.0007 0.0008 0.0019 0.0006 0.0021 0.0011 0.9853 0.0010 0.0048 0.0015 
       Cal37  3 0.0019 0.0076 0.0078 0.0006 0.0018 0.0012 0.9674 0.0012 0.0085 0.0020 
       Cal38  3 0.0008 0.0009 0.0018 0.0006 0.2937 0.0010 0.6948 0.0011 0.0034 0.0017 
       Cal39  3 0.0009 0.0007 0.0016 0.0006 0.0116 0.0023 0.9751 0.0026 0.0030 0.0016 
       Cal40  3 0.0006 0.0006 0.0017 0.0006 0.0121 0.0013 0.9781 0.0011 0.0026 0.0012 
       Cal41  3 0.0006 0.0006 0.0015 0.0006 0.0035 0.0012 0.9865 0.0012 0.0030 0.0013 
       Cal42  3 0.0005 0.0006 0.0022 0.0007 0.0033 0.0017 0.9858 0.0016 0.0021 0.0015 
       Cal43  3 0.0010 0.0012 0.0023 0.0009 0.0022 0.0011 0.9850 0.0016 0.0033 0.0014 
       Cal44  3 0.0007 0.0733 0.0020 0.0014 0.0142 0.0015 0.8985 0.0018 0.0040 0.0025 
        BW41  3 0.0022 0.0010 0.0041 0.0025 0.0038 0.0324 0.9432 0.0038 0.0040 0.0031 
        BW42  3 0.0013 0.0009 0.0037 0.0008 0.0013 0.0014 0.9825 0.0021 0.0046 0.0015 
        BW44  3 0.0009 0.0012 0.0020 0.0010 0.0022 0.0012 0.9830 0.0013 0.0057 0.0015 
        BW45  3 0.0005 0.0006 0.0014 0.0005 0.0100 0.0010 0.9789 0.0009 0.0051 0.0011 
        BW46  3 0.0006 0.0010 0.0022 0.0009 0.0021 0.0013 0.9864 0.0013 0.0026 0.0016 
        BW47  3 0.0127 0.0102 0.0021 0.0007 0.0174 0.0058 0.9071 0.0280 0.0142 0.0017 
        BW48  3 0.0015 0.0009 0.0041 0.0012 0.0066 0.0040 0.9667 0.0054 0.0060 0.0037 
        BW49  3 0.0046 0.0014 0.0021 0.0007 0.0162 0.0014 0.9622 0.0016 0.0086 0.0011 
        BW50  3 0.0009 0.0008 0.0019 0.0007 0.0037 0.0013 0.9853 0.0012 0.0028 0.0012 
        BW51  3 0.0006 0.0007 0.0017 0.0007 0.0281 0.0011 0.9388 0.0012 0.0257 0.0014 
        BW52  3 0.0008 0.0007 0.0018 0.0007 0.0019 0.0026 0.9857 0.0014 0.0031 0.0014 
        BW53  3 0.0007 0.0237 0.0046 0.0018 0.0022 0.0013 0.9543 0.0014 0.0077 0.0022 
        BW54  3 0.0066 0.0090 0.0034 0.0010 0.0044 0.0029 0.8579 0.0928 0.0080 0.0140 
        BW55  3 0.0006 0.0007 0.0018 0.0010 0.0019 0.0017 0.9852 0.0019 0.0031 0.0022 
        BW56  3 0.0009 0.0006 0.0021 0.0008 0.0024 0.0020 0.9848 0.0011 0.0040 0.0013 
        BW57  3 0.0029 0.0006 0.0022 0.0010 0.0039 0.0013 0.9801 0.0013 0.0055 0.0013 
        BW58  3 0.0006 0.0010 0.0018 0.0007 0.0021 0.0013 0.9850 0.0016 0.0046 0.0012 
        BW59  3 0.0011 0.0006 0.0029 0.0006 0.0635 0.0012 0.9242 0.0014 0.0033 0.0013 
        BW60  3 0.0008 0.0008 0.0017 0.0007 0.0012 0.0013 0.9876 0.0012 0.0033 0.0014 
        BW61  3 0.0011 0.0008 0.0136 0.0009 0.0207 0.0658 0.8873 0.0017 0.0067 0.0015 
        BW62  3 0.0008 0.0009 0.0021 0.0009 0.0030 0.0017 0.9800 0.0032 0.0045 0.0031 
        BW63  3 0.0029 0.0047 0.0094 0.0011 0.0023 0.0015 0.9185 0.0087 0.0357 0.0151 
        BW64  3 0.0006 0.0006 0.0019 0.0008 0.0069 0.0012 0.9820 0.0016 0.0031 0.0013 
        BW65  3 0.0018 0.0051 0.0097 0.0041 0.0036 0.0055 0.9506 0.0021 0.0125 0.0049 
        BW66  3 0.0023 0.0008 0.0019 0.0009 0.0038 0.0047 0.9734 0.0012 0.0087 0.0021 
        BW67  3 0.0009 0.0006 0.0014 0.0007 0.1744 0.0011 0.8158 0.0010 0.0028 0.0012 
        BW68  3 0.0016 0.0010 0.0039 0.0010 0.0030 0.0024 0.9724 0.0040 0.0086 0.0020 
        BW69  3 0.0006 0.0008 0.0020 0.0008 0.0015 0.0455 0.9425 0.0016 0.0028 0.0019 
        BW70  3 0.0015 0.0011 0.0024 0.0014 0.0559 0.0014 0.9271 0.0015 0.0052 0.0025 
        BW71  3 0.0007 0.0005 0.0016 0.0005 0.0449 0.0012 0.9447 0.0014 0.0032 0.0012 
        BW72  3 0.0046 0.0013 0.0090 0.0040 0.0055 0.0082 0.9429 0.0123 0.0069 0.0052 
        BW73  3 0.0047 0.0010 0.0336 0.0008 0.0057 0.0359 0.9041 0.0015 0.0099 0.0027 
        BW74  3 0.0014 0.0013 0.0039 0.0008 0.0042 0.0016 0.9766 0.0017 0.0061 0.0023 
        BW75  3 0.0008 0.0010 0.0111 0.0020 0.0102 0.0065 0.9368 0.0052 0.0249 0.0014 
        BW76  3 0.0006 0.0008 0.0023 0.0012 0.0054 0.0026 0.9772 0.0018 0.0036 0.0044 
        BW77  3 0.0054 0.0008 0.0076 0.0027 0.1128 0.0025 0.8460 0.0043 0.0168 0.0011 
        BW78  3 0.0017 0.0007 0.0015 0.0007 0.0012 0.0015 0.9843 0.0014 0.0049 0.0022 
        BW79  3 0.0006 0.0148 0.0022 0.0006 0.0068 0.0015 0.9619 0.0040 0.0059 0.0017 
        BW80  3 0.0007 0.0010 0.0033 0.0009 0.0033 0.0013 0.9827 0.0019 0.0033 0.0015 
        BW81  3 0.0006 0.0007 0.0018 0.0009 0.0018 0.0013 0.9864 0.0012 0.0043 0.0010 
       BWS05  3 0.0014 0.0036 0.0066 0.0014 0.0105 0.0076 0.9517 0.0046 0.0092 0.0034 
       BWS06  3 0.0008 0.0010 0.0019 0.0009 0.0054 0.0015 0.9802 0.0015 0.0036 0.0031 
       BWS07  3 0.0006 0.0006 0.0314 0.0006 0.0311 0.0009 0.9119 0.0011 0.0200 0.0018 
       BWS08  3 0.0028 0.0014 0.0040 0.0031 0.0029 0.0144 0.9338 0.0019 0.0304 0.0053 
       BWS09  3 0.0005 0.0006 0.0016 0.0010 0.0402 0.0011 0.9493 0.0011 0.0031 0.0014 
       BWS10  3 0.0010 0.0016 0.0034 0.0010 0.0073 0.0016 0.9566 0.0017 0.0063 0.0196 
       BWS11  3 0.0006 0.0013 0.0021 0.0007 0.0029 0.0012 0.9853 0.0014 0.0028 0.0016 
       BWS12  3 0.0008 0.0012 0.0025 0.0010 0.0021 0.0017 0.9834 0.0019 0.0037 0.0017 
       BWS13  3 0.0007 0.0009 0.0019 0.0023 0.0011 0.0013 0.9857 0.0011 0.0024 0.0027 
       BWS14  3 0.0008 0.0013 0.0024 0.0007 0.0018 0.0013 0.9850 0.0014 0.0038 0.0015 
       BWS15  3 0.0012 0.0046 0.0051 0.0021 0.0045 0.0034 0.9588 0.0054 0.0069 0.0078 
       BWS16  3 0.0093 0.0016 0.0017 0.0007 0.0012 0.0013 0.9720 0.0020 0.0088 0.0014 
       BWS17  3 0.0007 0.0014 0.0020 0.0013 0.0017 0.0022 0.9835 0.0014 0.0034 0.0025 
       BWS18  3 0.0010 0.0008 0.0054 0.0259 0.0056 0.0012 0.9383 0.0014 0.0083 0.0120 
       BWS19  3 0.0010 0.0008 0.0211 0.0073 0.0145 0.0088 0.9305 0.0013 0.0055 0.0092 
       BWS20  3 0.0015 0.0006 0.0016 0.0009 0.0029 0.0012 0.9804 0.0009 0.0087 0.0011 
       BWS21  3 0.0006 0.0904 0.0044 0.0077 0.0015 0.0023 0.8775 0.0025 0.0077 0.0054 
       BWS22  3 0.0014 0.0008 0.0024 0.0017 0.0173 0.0016 0.9692 0.0012 0.0029 0.0016 
       BWS23  3 0.0009 0.0006 0.0046 0.0323 0.0035 0.0014 0.9453 0.0012 0.0061 0.0039 
       BWS24  3 0.0013 0.0049 0.0090 0.0011 0.0025 0.0018 0.9590 0.0021 0.0086 0.0097 
       BWS25  3 0.0007 0.0006 0.0126 0.0007 0.0013 0.0023 0.9769 0.0014 0.0023 0.0013 
       BWS26  3 0.0009 0.0010 0.0032 0.0008 0.0016 0.0019 0.9834 0.0013 0.0047 0.0013 
       BWS27  3 0.0020 0.0007 0.0036 0.0007 0.0019 0.0011 0.9791 0.0011 0.0083 0.0015 
       BWS28  3 0.0031 0.0011 0.0061 0.0010 0.0024 0.0022 0.9682 0.0059 0.0053 0.0046 
       BWS29  3 0.0009 0.0010 0.0026 0.0012 0.0016 0.0028 0.9779 0.0042 0.0056 0.0023 
       BWS30  3 0.0006 0.0008 0.0021 0.0020 0.1024 0.0014 0.8841 0.0014 0.0039 0.0012 
       BWS31  3 0.0018 0.0009 0.0028 0.0011 0.0033 0.0029 0.9653 0.0012 0.0186 0.0020 
       BWS32  3 0.0018 0.0008 0.0044 0.0007 0.0041 0.0016 0.9729 0.0013 0.0092 0.0033 
       BWS33  3 0.0011 0.0011 0.0033 0.0016 0.0018 0.0030 0.9631 0.0194 0.0034 0.0023 
       BWS34  3 0.0006 0.0013 0.0025 0.0019 0.0014 0.0022 0.9805 0.0019 0.0053 0.0025 
       BWS35  3 0.0008 0.0038 0.0029 0.0013 0.0016 0.0019 0.9725 0.0062 0.0059 0.0031 
       BWS36  3 0.0006 0.0007 0.0015 0.0006 0.0026 0.0019 0.9869 0.0011 0.0027 0.0014 
       BWS37  3 0.0009 0.0009 0.0020 0.0008 0.0025 0.0024 0.9827 0.0015 0.0044 0.0019 
       BWS38  3 0.0012 0.0020 0.0029 0.0014 0.0115 0.0021 0.9650 0.0033 0.0078 0.0026 
       BWS39  3 0.0012 0.0013 0.0017 0.0008 0.2414 0.0012 0.7454 0.0012 0.0046 0.0013 
       BWS40  3 0.0008 0.0008 0.0017 0.0007 0.0022 0.0021 0.9846 0.0018 0.0027 0.0026 
       BWN01  3 0.0027 0.0009 0.0017 0.0008 0.0028 0.0017 0.9818 0.0015 0.0044 0.0017 
       BWN02  3 0.0034 0.0010 0.0017 0.0007 0.0510 0.0012 0.8619 0.0015 0.0762 0.0013 
       BWN03  3 0.0026 0.0015 0.0056 0.0034 0.0023 0.0096 0.9500 0.0179 0.0047 0.0024 
       BWN04  3 0.0012 0.0007 0.0019 0.0008 0.0112 0.0042 0.9651 0.0010 0.0128 0.0012 
        NC01  4 0.0075 0.0012 0.0304 0.0008 0.0142 0.0015 0.0720 0.0018 0.8682 0.0026 
        NC02  4 0.0023 0.0011 0.0047 0.0011 0.0129 0.0049 0.0138 0.0025 0.9550 0.0017 
        NC03  4 0.0015 0.0007 0.0041 0.0045 0.0027 0.0011 0.0034 0.0013 0.9795 0.0011 
        NC04  4 0.0007 0.0007 0.0031 0.0010 0.0021 0.0015 0.0059 0.0013 0.9814 0.0025 
        NC05  4 0.0012 0.0011 0.0298 0.0035 0.0020 0.0030 0.0157 0.0036 0.9253 0.0149 
        NC06  4 0.0500 0.0008 0.0051 0.0009 0.0106 0.0113 0.0486 0.0013 0.8692 0.0022 
        NC07  4 0.0007 0.0008 0.0021 0.0006 0.0022 0.0012 0.0067 0.0013 0.9815 0.0027 
        NC08  4 0.0010 0.0007 0.0028 0.0019 0.0531 0.0031 0.0138 0.0018 0.9202 0.0016 
        NC09  4 0.0017 0.0013 0.0026 0.0017 0.0042 0.0025 0.0113 0.0036 0.9672 0.0039 
        NC10  4 0.0014 0.0011 0.0022 0.0008 0.0560 0.0016 0.1504 0.0010 0.7844 0.0011 
        NC11  4 0.0013 0.0014 0.0050 0.0014 0.0024 0.0027 0.0302 0.0051 0.9478 0.0026 
        NC12  4 0.0011 0.0009 0.0026 0.0008 0.0011 0.0019 0.0061 0.0017 0.9822 0.0016 
        NC13  4 0.0007 0.0009 0.0046 0.0114 0.0021 0.0011 0.0054 0.0027 0.9690 0.0021 
        NC14  4 0.0024 0.0013 0.0122 0.0008 0.0051 0.0018 0.0100 0.0018 0.9628 0.0017 
        NC15  4 0.0012 0.0006 0.0035 0.0019 0.0024 0.0033 0.0074 0.0168 0.9612 0.0016 
        NC16  4 0.0036 0.0013 0.0176 0.0008 0.0058 0.0016 0.0188 0.0033 0.9459 0.0013 
        NC18  4 0.0009 0.0010 0.0040 0.0012 0.0062 0.0031 0.0087 0.0023 0.9713 0.0013 
        NC19  4 0.0009 0.0007 0.0019 0.0007 0.0014 0.0011 0.0029 0.0012 0.9879 0.0013 
        NC20  4 0.0049 0.0009 0.0031 0.0071 0.0711 0.0245 0.0595 0.0015 0.8212 0.0062 
        NC21  4 0.0028 0.0010 0.0062 0.0038 0.0639 0.0014 0.0069 0.0018 0.9088 0.0035 
        NC22  4 0.0017 0.0009 0.0015 0.0022 0.0171 0.0146 0.0419 0.0022 0.9163 0.0015 
        NC23  4 0.0038 0.0007 0.0042 0.0011 0.0137 0.0016 0.0157 0.0030 0.9549 0.0012 
        NC24  4 0.0009 0.0009 0.0020 0.0007 0.0011 0.0020 0.0040 0.0022 0.9845 0.0018 
      SAND01  4 0.0006 0.0009 0.0014 0.0006 0.9850 0.0011 0.0037 0.0011 0.0033 0.0023 
      SAND02  4 0.0005 0.0007 0.0032 0.0006 0.9655 0.0076 0.0124 0.0022 0.0032 0.0042 
      SAND03  4 0.0005 0.0006 0.0012 0.0006 0.9888 0.0010 0.0033 0.0009 0.0021 0.0012 
      SAND04  4 0.0007 0.0008 0.0018 0.0008 0.9867 0.0013 0.0025 0.0014 0.0028 0.0011 
      SAND05  4 0.0006 0.0010 0.0015 0.0007 0.9870 0.0012 0.0030 0.0011 0.0026 0.0013 
      SAND06  4 0.0008 0.0010 0.0022 0.0007 0.9812 0.0013 0.0043 0.0012 0.0061 0.0012 
      SAND07  4 0.0006 0.0009 0.0013 0.0006 0.9846 0.0013 0.0042 0.0014 0.0031 0.0019 
      SAND08  4 0.0015 0.0007 0.0017 0.0006 0.9279 0.0018 0.0072 0.0014 0.0560 0.0011 
      SAND09  4 0.0013 0.0077 0.0035 0.0012 0.7597 0.0020 0.0946 0.0053 0.1218 0.0029 
      SAND10  4 0.0012 0.0005 0.0029 0.0006 0.9220 0.0063 0.0065 0.0075 0.0431 0.0093 
      SAND11  4 0.0006 0.0008 0.0018 0.0009 0.9843 0.0014 0.0050 0.0011 0.0024 0.0017 
      SAND12  4 0.0005 0.0009 0.0015 0.0007 0.9866 0.0013 0.0028 0.0012 0.0031 0.0014 
      SAND13  4 0.0012 0.0006 0.0030 0.0006 0.9219 0.0058 0.0068 0.0079 0.0425 0.0097 
      SAND14  4 0.0011 0.0008 0.0043 0.0010 0.9298 0.0147 0.0143 0.0068 0.0169 0.0103 
      SAND15  4 0.0010 0.0007 0.0016 0.0013 0.9854 0.0011 0.0036 0.0011 0.0029 0.0015 
      SAND16  4 0.0051 0.0161 0.0102 0.0010 0.9216 0.0012 0.0084 0.0044 0.0304 0.0016 
      SAND17  4 0.0005 0.0008 0.0016 0.0006 0.9827 0.0012 0.0063 0.0010 0.0033 0.0018 
      SAND18  4 0.0006 0.0006 0.0014 0.0006 0.9870 0.0011 0.0037 0.0011 0.0027 0.0010 
      SAND19  4 0.0005 0.0007 0.0014 0.0007 0.9880 0.0009 0.0031 0.0011 0.0024 0.0011 
      SAND20  4 0.0006 0.0007 0.0012 0.0007 0.9495 0.0013 0.0047 0.0014 0.0386 0.0014 
      SAND21  4 0.0007 0.0007 0.0014 0.0006 0.9815 0.0013 0.0069 0.0013 0.0042 0.0014 
      SAND22  4 0.0005 0.0006 0.0015 0.0006 0.9527 0.0010 0.0179 0.0010 0.0231 0.0012 
      SAND23  4 0.0006 0.0007 0.0016 0.0008 0.9843 0.0013 0.0060 0.0011 0.0024 0.0012 
      SAND24  4 0.0008 0.0009 0.0026 0.0010 0.0015 0.0023 0.9840 0.0015 0.0035 0.0019 
      SAND25  4 0.0032 0.0045 0.0056 0.0010 0.9618 0.0016 0.0029 0.0038 0.0137 0.0016 
      SAND26  4 0.0007 0.0006 0.0013 0.0006 0.9867 0.0011 0.0025 0.0009 0.0042 0.0013 
      SAND27  4 0.0007 0.0012 0.0025 0.0015 0.6237 0.0021 0.0112 0.0015 0.3538 0.0018 
      SAND28  4 0.0006 0.0006 0.0015 0.0008 0.9857 0.0014 0.0041 0.0011 0.0031 0.0011 
      SAND29  4 0.0006 0.0006 0.0014 0.0006 0.9878 0.0011 0.0034 0.0011 0.0024 0.0010 
      SAND30  4 0.0017 0.0007 0.0016 0.0011 0.9644 0.0010 0.0167 0.0010 0.0103 0.0014 
      SAND31  4 0.0007 0.0009 0.0017 0.0007 0.9816 0.0014 0.0025 0.0013 0.0072 0.0021 
      SAND32  4 0.0040 0.0008 0.0027 0.0007 0.8501 0.0025 0.0050 0.0025 0.1293 0.0024 
      SAND33  4 0.0008 0.0016 0.0019 0.0014 0.9691 0.0031 0.0081 0.0027 0.0069 0.0044 
      SAND34  4 0.0006 0.0008 0.0015 0.0008 0.9850 0.0011 0.0040 0.0011 0.0038 0.0013 
      SAND35  4 0.0004 0.0005 0.0011 0.0006 0.9899 0.0010 0.0021 0.0009 0.0021 0.0012 
      SAND36  4 0.0006 0.0007 0.0020 0.0006 0.9674 0.0012 0.0198 0.0011 0.0054 0.0012 
      SAND37  4 0.0005 0.0008 0.0017 0.0008 0.9573 0.0011 0.0239 0.0010 0.0117 0.0013 
      SAND38  4 0.0008 0.0013 0.0021 0.0007 0.9707 0.0016 0.0075 0.0013 0.0124 0.0016 
      SAND39  4 0.0008 0.0008 0.0018 0.0008 0.9304 0.0013 0.0066 0.0011 0.0553 0.0011 
      SAND40  4 0.0010 0.0016 0.0053 0.0017 0.9565 0.0095 0.0094 0.0034 0.0076 0.0040 
      SAND41  4 0.0005 0.0006 0.0024 0.0007 0.9726 0.0024 0.0100 0.0016 0.0069 0.0024 
      SAND42  4 0.0011 0.0035 0.0029 0.0014 0.9596 0.0031 0.0154 0.0029 0.0066 0.0036 
      SAND43  4 0.0008 0.0014 0.0027 0.0014 0.6333 0.0022 0.3207 0.0028 0.0315 0.0031 
      SAND44  4 0.0005 0.0006 0.0012 0.0006 0.9879 0.0012 0.0026 0.0011 0.0030 0.0012 
       Hon01  5 0.9518 0.0007 0.0036 0.0011 0.0083 0.0021 0.0028 0.0018 0.0247 0.0030 
       Hon02  5 0.9869 0.0009 0.0018 0.0011 0.0013 0.0012 0.0020 0.0011 0.0027 0.0009 
       Hon03  5 0.7498 0.0005 0.0065 0.1445 0.0745 0.0036 0.0032 0.0113 0.0035 0.0027 
       Hon04  5 0.9775 0.0006 0.0019 0.0007 0.0069 0.0020 0.0019 0.0017 0.0053 0.0014 
       Hon05  5 0.9783 0.0008 0.0019 0.0007 0.0012 0.0013 0.0033 0.0018 0.0098 0.0010 
       Hon06  5 0.7706 0.0007 0.0017 0.0005 0.0011 0.0015 0.0019 0.0019 0.2167 0.0033 
       Hon07  5 0.9775 0.0006 0.0024 0.0009 0.0011 0.0015 0.0022 0.0015 0.0110 0.0012 
       Hon08  5 0.9772 0.0031 0.0022 0.0009 0.0009 0.0013 0.0040 0.0026 0.0067 0.0012 
       Hon09  5 0.9236 0.0015 0.0016 0.0010 0.0464 0.0057 0.0033 0.0064 0.0091 0.0014 
       Hon10  5 0.8427 0.0014 0.0035 0.0033 0.0012 0.0506 0.0052 0.0082 0.0799 0.0041 
       Hon11  5 0.9557 0.0041 0.0079 0.0007 0.0016 0.0013 0.0195 0.0016 0.0064 0.0013 
       Hon12  5 0.9878 0.0006 0.0013 0.0009 0.0018 0.0014 0.0018 0.0011 0.0020 0.0011 
       Hon13  5 0.9878 0.0005 0.0015 0.0006 0.0008 0.0014 0.0021 0.0011 0.0030 0.0011 
       Hon14  5 0.8095 0.0013 0.0033 0.0034 0.0007 0.0082 0.0038 0.0034 0.1648 0.0015 
       Hon15  5 0.9865 0.0008 0.0016 0.0008 0.0011 0.0012 0.0014 0.0015 0.0033 0.0017 
       Hon16  5 0.9775 0.0032 0.0022 0.0009 0.0009 0.0013 0.0038 0.0024 0.0066 0.0012 
       Hon17  5 0.7711 0.0168 0.0025 0.0011 0.0021 0.0018 0.0024 0.0019 0.1985 0.0019 
       Hon18  5 0.8933 0.0009 0.0019 0.0048 0.0775 0.0011 0.0112 0.0014 0.0070 0.0011 
       Hon19  5 0.9794 0.0011 0.0021 0.0007 0.0010 0.0021 0.0022 0.0024 0.0038 0.0052 
       Hon20  5 0.9794 0.0007 0.0053 0.0008 0.0008 0.0018 0.0022 0.0023 0.0049 0.0019 
      ERIN01  6 0.0006 0.0007 0.0019 0.0009 0.0006 0.9879 0.0014 0.0022 0.0017 0.0020 
      ERIN02  6 0.0006 0.0007 0.0018 0.0009 0.0006 0.9880 0.0015 0.0023 0.0017 0.0019 
      ERIN03  6 0.0006 0.0007 0.0019 0.0009 0.0006 0.9880 0.0014 0.0022 0.0017 0.0019 
      ERIN04  6 0.0006 0.0007 0.0019 0.0009 0.0006 0.9879 0.0014 0.0023 0.0017 0.0020 
      ERIN05  6 0.0006 0.0007 0.0019 0.0011 0.0006 0.9877 0.0015 0.0023 0.0017 0.0019 
      ERIN06  6 0.0006 0.0007 0.0019 0.0009 0.0006 0.9881 0.0014 0.0022 0.0017 0.0019 
      ERIN07  6 0.0006 0.0007 0.0019 0.0009 0.0006 0.9881 0.0014 0.0022 0.0017 0.0019 
      ERIN08  6 0.0006 0.0007 0.0018 0.0009 0.0006 0.9880 0.0014 0.0023 0.0017 0.0020 
      ERIN09  6 0.0006 0.0007 0.0019 0.0009 0.0006 0.9878 0.0014 0.0024 0.0017 0.0020 
      ERIN10  6 0.0006 0.0007 0.0020 0.0009 0.0006 0.9878 0.0014 0.0023 0.0017 0.0020 
      ERIN11  6 0.0006 0.0008 0.0145 0.0009 0.0006 0.9674 0.0014 0.0025 0.0093 0.0020 
      ERIN12  6 0.0006 0.0007 0.0019 0.0009 0.0006 0.9878 0.0014 0.0024 0.0017 0.0020 
      ERIN13  6 0.0006 0.0007 0.0019 0.0009 0.0006 0.9880 0.0015 0.0022 0.0017 0.0019 
      ERIN14  6 0.0006 0.0007 0.0019 0.0009 0.0006 0.9879 0.0014 0.0023 0.0017 0.0019 
      ERIN15  6 0.0006 0.0007 0.0019 0.0009 0.0006 0.9880 0.0014 0.0022 0.0017 0.0020 
      ERIN16  6 0.0007 0.0007 0.0027 0.0009 0.0006 0.9868 0.0015 0.0024 0.0018 0.0020 
      ERIN17  6 0.0006 0.0007 0.0019 0.0009 0.0006 0.9879 0.0014 0.0023 0.0017 0.0020 
      ERIN18  6 0.0006 0.0007 0.0019 0.0009 0.0006 0.9881 0.0014 0.0022 0.0017 0.0019 
      ERIN19  6 0.0006 0.0007 0.0019 0.0008 0.0006 0.9879 0.0014 0.0024 0.0017 0.0020 
      ERIN20  6 0.0006 0.0007 0.0019 0.0009 0.0006 0.9880 0.0014 0.0023 0.0017 0.0019 
      ERIN21  6 0.0006 0.0008 0.0019 0.0009 0.0006 0.9872 0.0014 0.0030 0.0017 0.0020 
      ERIN22  6 0.0006 0.0007 0.0019 0.0009 0.0006 0.9880 0.0015 0.0022 0.0017 0.0019 
      ERIN23  6 0.0006 0.0007 0.0019 0.0009 0.0006 0.9879 0.0015 0.0023 0.0017 0.0020 
      ERIN24  6 0.0006 0.0007 0.0019 0.0009 0.0006 0.9881 0.0014 0.0023 0.0017 0.0019 
      ERIN25  6 0.0006 0.0008 0.0018 0.0009 0.0006 0.9873 0.0014 0.0028 0.0017 0.0020 
      ERIN26  6 0.0006 0.0007 0.0019 0.0009 0.0006 0.9881 0.0014 0.0022 0.0017 0.0019 
      ERIN27  6 0.0006 0.0007 0.0019 0.0009 0.0006 0.9880 0.0014 0.0023 0.0017 0.0020 
      ERIN28  6 0.0006 0.0007 0.0019 0.0011 0.0006 0.9876 0.0014 0.0023 0.0018 0.0020 
      ERIN29  6 0.0006 0.0007 0.0020 0.0009 0.0006 0.9880 0.0014 0.0022 0.0017 0.0019 
      ERIN30  6 0.0006 0.0007 0.0019 0.0009 0.0006 0.9880 0.0014 0.0023 0.0017 0.0019 
      ERIN31  6 0.0006 0.0007 0.0019 0.0009 0.0006 0.9880 0.0014 0.0022 0.0017 0.0020 
      ERIN32  6 0.0006 0.0007 0.0019 0.0009 0.0006 0.9879 0.0014 0.0024 0.0017 0.0020 
      ERIN33  6 0.0006 0.0007 0.0019 0.0009 0.0006 0.9879 0.0014 0.0023 0.0017 0.0020 
      ERIN34  6 0.0006 0.0007 0.0019 0.0009 0.0006 0.9879 0.0014 0.0024 0.0017 0.0019 
      ERIN35  6 0.0006 0.0007 0.0019 0.0009 0.0006 0.9878 0.0014 0.0024 0.0017 0.0020 
      ERIN38  6 0.0006 0.0007 0.0019 0.0009 0.0006 0.9879 0.0014 0.0023 0.0017 0.0020 
      ERIN39  6 0.0006 0.0007 0.0019 0.0009 0.0006 0.9880 0.0014 0.0022 0.0017 0.0020 
      ERIN40  6 0.0006 0.0007 0.0020 0.0009 0.0006 0.9880 0.0014 0.0023 0.0017 0.0019 
      ERIN41  6 0.0006 0.0007 0.0020 0.0009 0.0006 0.9878 0.0015 0.0023 0.0017 0.0019 
      ERIN42  6 0.0006 0.0007 0.0019 0.0009 0.0006 0.9879 0.0014 0.0023 0.0017 0.0020 
      ERIN43  6 0.0006 0.0007 0.0019 0.0009 0.0006 0.9881 0.0014 0.0022 0.0017 0.0020 
      ERIN44  6 0.0006 0.0007 0.0019 0.0008 0.0006 0.9880 0.0014 0.0023 0.0017 0.0019 
      ERIN45  6 0.0006 0.0007 0.0019 0.0009 0.0006 0.9880 0.0014 0.0022 0.0017 0.0020 
      ERIN46  6 0.0006 0.0007 0.0019 0.0009 0.0006 0.9880 0.0014 0.0024 0.0017 0.0020 
      ERIN47  6 0.0006 0.0007 0.0019 0.0009 0.0006 0.9880 0.0014 0.0023 0.0017 0.0019 
       FDS01  6 0.0006 0.0007 0.0019 0.0009 0.0006 0.9879 0.0014 0.0024 0.0017 0.0019 
       FDS02  6 0.0006 0.0007 0.0019 0.0009 0.0006 0.9880 0.0014 0.0023 0.0017 0.0020 
       FDS03  6 0.0008 0.0007 0.0026 0.0009 0.0006 0.9869 0.0015 0.0024 0.0018 0.0020 
       FDS04  6 0.0006 0.0007 0.0019 0.0009 0.0006 0.9879 0.0014 0.0023 0.0017 0.0020 
       FDS05  6 0.0006 0.0007 0.0019 0.0009 0.0006 0.9879 0.0014 0.0023 0.0017 0.0020 
       FDS06  6 0.0006 0.0007 0.0019 0.0009 0.0006 0.9880 0.0014 0.0023 0.0017 0.0020 
       FDS07  6 0.0006 0.0007 0.0019 0.0009 0.0006 0.9878 0.0014 0.0023 0.0017 0.0020 
       FDS08  6 0.0006 0.0007 0.0019 0.0009 0.0006 0.9880 0.0014 0.0023 0.0016 0.0019 
       FDS09  6 0.0006 0.0007 0.0019 0.0009 0.0006 0.9879 0.0014 0.0024 0.0017 0.0020 
       FDS10  6 0.0006 0.0007 0.0019 0.0008 0.0006 0.9879 0.0014 0.0024 0.0017 0.0019 
       FDS11  6 0.0006 0.0007 0.0019 0.0009 0.0006 0.9879 0.0015 0.0022 0.0017 0.0020 
       FDS12  6 0.0008 0.0007 0.0028 0.0009 0.0006 0.9867 0.0015 0.0024 0.0018 0.0020 
       FDS13  6 0.0006 0.0007 0.0019 0.0008 0.0006 0.9879 0.0015 0.0023 0.0017 0.0019 
       FDS14  6 0.0006 0.0008 0.0019 0.0009 0.0006 0.9879 0.0014 0.0024 0.0017 0.0019 
       FDS15  6 0.0006 0.0007 0.0020 0.0008 0.0006 0.9879 0.0014 0.0023 0.0017 0.0019 
       FDS16  6 0.0006 0.0007 0.0019 0.0009 0.0006 0.9877 0.0014 0.0024 0.0017 0.0020 
       FDS17  6 0.0006 0.0007 0.0019 0.0009 0.0006 0.9879 0.0014 0.0023 0.0017 0.0020 
       FDS18  6 0.0008 0.0007 0.0026 0.0009 0.0006 0.9868 0.0015 0.0023 0.0018 0.0020 
       EPP01  6 0.0005 0.0008 0.0017 0.0010 0.0006 0.0016 0.0013 0.0018 0.0015 0.9892 
       EPP02  6 0.0005 0.0008 0.0016 0.0009 0.0006 0.0016 0.0013 0.0019 0.0015 0.9892 
       EPP03  6 0.0006 0.0008 0.0018 0.0010 0.0006 0.0019 0.0013 0.0025 0.0015 0.9880 
       EPP04  6 0.0005 0.0008 0.0017 0.0010 0.0006 0.0016 0.0013 0.0019 0.0015 0.9892 
       EPP05  6 0.0005 0.0008 0.0018 0.0010 0.0006 0.0016 0.0013 0.0019 0.0015 0.9890 
       EPP06  6 0.0005 0.0008 0.0016 0.0009 0.0006 0.0015 0.0013 0.0019 0.0014 0.9893 
       EPP07  6 0.0005 0.0008 0.0017 0.0009 0.0006 0.0017 0.0014 0.0019 0.0014 0.9892 
       EPP08  6 0.0005 0.0008 0.0016 0.0009 0.0006 0.0016 0.0013 0.0019 0.0014 0.9893 
       EPP09  6 0.0005 0.0008 0.0017 0.0010 0.0006 0.0016 0.0013 0.0019 0.0015 0.9891 
       EPP10  6 0.0005 0.0008 0.0016 0.0010 0.0006 0.0016 0.0013 0.0018 0.0014 0.9893 
       EPP11  6 0.0010 0.0008 0.0037 0.0027 0.0006 0.0017 0.0013 0.0746 0.0017 0.9119 
       EPP12  6 0.0005 0.0008 0.0017 0.0009 0.0005 0.0016 0.0013 0.0018 0.0015 0.9893 
       EPP13  6 0.0005 0.0008 0.0017 0.0009 0.0006 0.0015 0.0013 0.0019 0.0015 0.9893 
       EPP14  6 0.0005 0.0008 0.0017 0.0010 0.0006 0.0016 0.0013 0.0019 0.0014 0.9892 
       EPP15  6 0.0006 0.0008 0.0017 0.0010 0.0009 0.0015 0.0014 0.0017 0.0018 0.9887 
       EPP16  6 0.0005 0.0008 0.0016 0.0009 0.0006 0.0017 0.0013 0.0019 0.0015 0.9892 
       EPP17  6 0.0005 0.0008 0.0017 0.0010 0.0006 0.0016 0.0013 0.0019 0.0014 0.9892 
       EPP18  6 0.0005 0.0008 0.0017 0.0009 0.0006 0.0016 0.0013 0.0019 0.0015 0.9892 
       EPP19  6 0.0005 0.0008 0.0018 0.0009 0.0006 0.0016 0.0014 0.0018 0.0015 0.9892 
       EPP20  6 0.0006 0.0008 0.0018 0.0011 0.0005 0.0018 0.0014 0.0026 0.0014 0.9880 
       EPP21  6 0.0005 0.0009 0.0085 0.0096 0.0006 0.0309 0.0014 0.0173 0.0020 0.9283 
       EPP22  6 0.0005 0.0008 0.0016 0.0010 0.0006 0.0016 0.0014 0.0019 0.0015 0.9893 
       EPP23  6 0.0005 0.0008 0.0111 0.0823 0.0006 0.0017 0.0013 0.0060 0.0026 0.8931 
       EPP24  6 0.0005 0.0008 0.0016 0.0009 0.0006 0.0017 0.0013 0.0018 0.0015 0.9893 
       EPP25  6 0.0005 0.0008 0.0018 0.0009 0.0006 0.0016 0.0014 0.0019 0.0015 0.9890 
       EPP26  6 0.0005 0.0008 0.0018 0.0010 0.0006 0.0016 0.0013 0.0019 0.0015 0.9891 
       EPP27  6 0.0006 0.0008 0.0017 0.0010 0.0006 0.0018 0.0013 0.0026 0.0014 0.9881 
       EPP28  6 0.0005 0.0008 0.0016 0.0010 0.0006 0.0016 0.0013 0.0018 0.0014 0.9893 
       EPP29  6 0.0005 0.0008 0.0017 0.0009 0.0006 0.0016 0.0013 0.0019 0.0014 0.9893 
       EPP30  6 0.0005 0.0008 0.0016 0.0010 0.0006 0.0017 0.0013 0.0018 0.0015 0.9892 
       EPP31  6 0.0006 0.0008 0.0018 0.0010 0.0006 0.0018 0.0014 0.0026 0.0015 0.9880 
       EPP32  6 0.0005 0.0008 0.0017 0.0010 0.0006 0.0016 0.0013 0.0018 0.0015 0.9893 
       EPP33  6 0.0005 0.0008 0.0017 0.0010 0.0005 0.0016 0.0013 0.0018 0.0015 0.9893 
       EPP34  6 0.0005 0.0008 0.0018 0.0010 0.0006 0.0016 0.0013 0.0019 0.0015 0.9890 
       EPP35  6 0.0299 0.0008 0.0020 0.0010 0.0009 0.0018 0.0014 0.0030 0.0039 0.9553 
       EPP36  6 0.0005 0.0008 0.0016 0.0010 0.0006 0.0016 0.0013 0.0019 0.0015 0.9893 
       EPP37  6 0.0006 0.0008 0.0020 0.0010 0.0006 0.0018 0.0013 0.0025 0.0015 0.9880 
       EPP38  6 0.0006 0.0008 0.0018 0.0010 0.0006 0.0019 0.0013 0.0026 0.0015 0.9879 
       EPP39  6 0.0005 0.0008 0.0017 0.0009 0.0006 0.0016 0.0013 0.0019 0.0014 0.9892 
       EPP40  6 0.0005 0.0008 0.0016 0.0009 0.0006 0.0016 0.0013 0.0018 0.0015 0.9893 
       EPP41  6 0.0005 0.0008 0.0017 0.0010 0.0006 0.0016 0.0013 0.0019 0.0014 0.9892 
       EPP42  6 0.0005 0.0008 0.0017 0.0010 0.0006 0.0016 0.0013 0.0019 0.0014 0.9892 
       EPP43  6 0.0005 0.0008 0.0017 0.0009 0.0006 0.0016 0.0013 0.0019 0.0014 0.9892 
        ES68  6 0.0007 0.0011 0.0379 0.0014 0.0008 0.3154 0.0132 0.2979 0.0195 0.3123 
       ENW44  6 0.0005 0.0008 0.0017 0.0010 0.0006 0.0016 0.0013 0.0019 0.0014 0.9892 
       ENW45  6 0.0005 0.0008 0.0017 0.0010 0.0006 0.0016 0.0013 0.0018 0.0015 0.9893 
       ENW46  6 0.0005 0.0008 0.0017 0.0010 0.0006 0.0016 0.0013 0.0019 0.0014 0.9892 
       ENW48  6 0.0005 0.0008 0.0017 0.0010 0.0006 0.0016 0.0014 0.0018 0.0014 0.9892 
       ENW49  6 0.0005 0.0008 0.0016 0.0010 0.0006 0.0016 0.0013 0.0019 0.0014 0.9893 
       ENW50  6 0.0005 0.0008 0.0017 0.0010 0.0006 0.0016 0.0013 0.0019 0.0014 0.9893 
       ENW51  6 0.0005 0.0008 0.0019 0.0009 0.0006 0.0022 0.0015 0.9846 0.0016 0.0054 
       ENW52  6 0.0005 0.0008 0.0017 0.0010 0.0006 0.0016 0.0013 0.0019 0.0014 0.9892 
       ENW53  6 0.0005 0.0007 0.0018 0.0009 0.0006 0.0021 0.0016 0.9846 0.0016 0.0056 
       ENW54  6 0.0005 0.0008 0.0019 0.0009 0.0006 0.0021 0.0015 0.9846 0.0016 0.0055 
       ENW55  6 0.0005 0.0008 0.0018 0.0009 0.0006 0.0021 0.0015 0.9845 0.0016 0.0057 
       ENW56  6 0.0005 0.0008 0.0018 0.0009 0.0006 0.0021 0.0016 0.9846 0.0016 0.0056 
       ENW57  6 0.0005 0.0008 0.0019 0.0009 0.0006 0.0021 0.0016 0.9843 0.0016 0.0056 
       ENE58  6 0.0011 0.0008 0.0025 0.0088 0.0009 0.0173 0.0020 0.8702 0.0018 0.0948 
       ENE59  6 0.0005 0.0008 0.0018 0.0009 0.0006 0.0021 0.0016 0.9844 0.0016 0.0056 
       ENE60  6 0.0005 0.0008 0.0018 0.0009 0.0006 0.0021 0.0015 0.9846 0.0017 0.0055 
       ENE61  6 0.0011 0.0007 0.0024 0.0085 0.0009 0.0175 0.0020 0.8689 0.0018 0.0962 
       ENE62  6 0.0005 0.0008 0.0019 0.0009 0.0006 0.0021 0.0015 0.9846 0.0016 0.0054 
       ENE63  6 0.0005 0.0008 0.0018 0.0009 0.0006 0.0021 0.0016 0.9846 0.0016 0.0055 
       ENE64  6 0.0011 0.0007 0.0025 0.0088 0.0008 0.0161 0.0019 0.8695 0.0018 0.0967 
       ENE65  6 0.0005 0.0007 0.0019 0.0009 0.0006 0.0021 0.0015 0.9846 0.0016 0.0055 
       ENE66  6 0.0005 0.0008 0.0018 0.0009 0.0006 0.0020 0.0015 0.9850 0.0016 0.0053 
       ENE67  6 0.0005 0.0008 0.0018 0.0009 0.0006 0.0021 0.0015 0.9841 0.0016 0.0060 
         CC1  7 0.0008 0.0013 0.0030 0.0015 0.0009 0.0073 0.0022 0.9761 0.0019 0.0052 
        CC10  7 0.0007 0.0013 0.0030 0.0015 0.0009 0.0052 0.0021 0.9785 0.0019 0.0048 
        CC11  7 0.0005 0.0009 0.0031 0.0012 0.0006 0.1764 0.0014 0.4360 0.0018 0.3781 
        CC12  7 0.0013 0.0008 0.0429 0.0014 0.0006 0.1081 0.0018 0.6473 0.0035 0.1924 
        CC13  7 0.0008 0.0013 0.0029 0.0015 0.0009 0.0067 0.0022 0.9767 0.0019 0.0051 
        CC14  7 0.0007 0.0013 0.0030 0.0016 0.0009 0.0074 0.0022 0.9759 0.0019 0.0051 
        CC15  7 0.0008 0.0012 0.0062 0.0015 0.0009 0.0067 0.0049 0.9680 0.0047 0.0050 
        CC16  7 0.0006 0.0009 0.0026 0.0010 0.0005 0.1713 0.0014 0.5253 0.0019 0.2944 
        CC17  7 0.0008 0.0013 0.0031 0.0018 0.0009 0.0056 0.0023 0.9772 0.0020 0.0051 
         CC2  7 0.0007 0.0012 0.0030 0.0017 0.0009 0.0075 0.0022 0.9760 0.0018 0.0050 
         CC3  7 0.0008 0.0012 0.0030 0.0012 0.0008 0.0062 0.0021 0.9779 0.0019 0.0050 
         CC4  7 0.2203 0.0033 0.1085 0.0050 0.0013 0.0038 0.0167 0.5526 0.0067 0.0818 
         CC5  7 0.0005 0.0009 0.0025 0.0010 0.0005 0.1941 0.0013 0.5451 0.0018 0.2522 
         CC6  7 0.0006 0.0009 0.0027 0.0010 0.0005 0.1994 0.0014 0.5405 0.0018 0.2511 
         CC7  7 0.0005 0.0009 0.0026 0.0009 0.0005 0.1934 0.0013 0.5452 0.0017 0.2529 
         CC8  7 0.0005 0.0009 0.0027 0.0010 0.0005 0.1929 0.0013 0.5452 0.0017 0.2532 
         CC9  7 0.0005 0.0010 0.0027 0.0010 0.0005 0.2002 0.0014 0.5393 0.0018 0.2515 
       BUN01  8 0.0373 0.0499 0.8564 0.0082 0.0006 0.0083 0.0024 0.0279 0.0025 0.0067 
       BUN02  8 0.0009 0.0024 0.4470 0.0020 0.0009 0.0169 0.0025 0.5220 0.0036 0.0020 
       BUN03  8 0.0009 0.0044 0.5645 0.1456 0.0009 0.0022 0.0021 0.2721 0.0053 0.0019 
       BUN04  8 0.0007 0.0055 0.6768 0.0028 0.0015 0.0022 0.0031 0.3017 0.0027 0.0031 
       BUN05  8 0.0009 0.0011 0.4821 0.4297 0.0009 0.0199 0.0566 0.0035 0.0023 0.0031 
       BUN06  8 0.0007 0.0120 0.8249 0.0097 0.0007 0.0032 0.0018 0.1384 0.0057 0.0028 
       BUN07  8 0.0328 0.0069 0.8828 0.0330 0.0006 0.0018 0.0018 0.0318 0.0062 0.0023 
       SOB01  8 0.0007 0.0016 0.9702 0.0013 0.0007 0.0020 0.0039 0.0144 0.0020 0.0031 
       SOB02  8 0.0224 0.0036 0.8463 0.0268 0.0009 0.0086 0.0063 0.0020 0.0809 0.0023 
       SOB03  8 0.0007 0.0009 0.9756 0.0046 0.0014 0.0044 0.0031 0.0042 0.0018 0.0033 
       SOB04  8 0.0018 0.0011 0.9266 0.0012 0.0017 0.0036 0.0076 0.0027 0.0522 0.0017 
       SOB05  8 0.0006 0.1528 0.5476 0.0011 0.0007 0.0027 0.0025 0.2882 0.0020 0.0018 
       SOB06  8 0.0007 0.0106 0.7816 0.0134 0.0007 0.1622 0.0094 0.0060 0.0134 0.0021 
       SOB07  8 0.0032 0.0012 0.7013 0.0111 0.0007 0.1177 0.0019 0.1515 0.0079 0.0034 
       SOB08  8 0.0008 0.0021 0.9729 0.0013 0.0009 0.0040 0.0039 0.0060 0.0022 0.0059 
       SOB09  8 0.0032 0.0440 0.6014 0.0031 0.0057 0.0307 0.0410 0.1808 0.0876 0.0024 
       SOB10  8 0.0008 0.0169 0.8879 0.0027 0.0007 0.0227 0.0022 0.0541 0.0027 0.0093 
       SOB11  8 0.0186 0.0035 0.7158 0.1293 0.0008 0.0054 0.0028 0.0023 0.1195 0.0021 
       OSR01  8 0.0583 0.0015 0.7125 0.0013 0.0040 0.0024 0.0037 0.0221 0.0430 0.1513 
       OSR02  8 0.0029 0.0013 0.6311 0.0046 0.0006 0.0454 0.0021 0.3051 0.0037 0.0032 
       OSR03  8 0.0030 0.0012 0.6319 0.0044 0.0006 0.0452 0.0021 0.3046 0.0039 0.0031 
       OSR04  8 0.0024 0.0113 0.6185 0.0416 0.0008 0.0445 0.0018 0.2621 0.0038 0.0132 
       OSR05  8 0.0030 0.0013 0.6310 0.0046 0.0005 0.0436 0.0021 0.3069 0.0038 0.0032 
       OSR06  8 0.0012 0.0021 0.9763 0.0023 0.0010 0.0020 0.0020 0.0030 0.0083 0.0019 
       OSR07  8 0.0017 0.4745 0.0642 0.1712 0.0013 0.0132 0.0019 0.1954 0.0029 0.0736 
       OSR08  8 0.0016 0.4740 0.0701 0.1687 0.0013 0.0121 0.0018 0.1910 0.0028 0.0765 
       OSR09  8 0.0263 0.0015 0.8652 0.0045 0.0011 0.0245 0.0029 0.0115 0.0085 0.0541 
      Lion01  8 0.0270 0.0906 0.7479 0.0449 0.0047 0.0075 0.0016 0.0065 0.0051 0.0641 
      Lion02  8 0.0066 0.0021 0.8932 0.0319 0.0016 0.0061 0.0028 0.0172 0.0071 0.0315 
      Lion03  8 0.0006 0.0029 0.8634 0.0857 0.0008 0.0025 0.0017 0.0031 0.0031 0.0362 
      Lion04  8 0.0017 0.0017 0.8632 0.0310 0.0011 0.0052 0.0043 0.0792 0.0063 0.0064 
      Lion05  8 0.0019 0.0017 0.6122 0.0013 0.0043 0.0096 0.0104 0.3472 0.0095 0.0018 
      Lion06  8 0.0017 0.0016 0.4935 0.0013 0.0050 0.0100 0.0153 0.4564 0.0134 0.0017 
        TW01  8 0.0018 0.0024 0.9660 0.0159 0.0007 0.0032 0.0018 0.0018 0.0025 0.0038 
        TW02  8 0.0524 0.0021 0.8376 0.0205 0.0007 0.0434 0.0297 0.0040 0.0025 0.0070 
        TW03  8 0.0014 0.0025 0.9654 0.0172 0.0007 0.0031 0.0019 0.0018 0.0025 0.0036 
        TW04  8 0.0018 0.0027 0.9654 0.0164 0.0007 0.0031 0.0018 0.0018 0.0026 0.0037 
        CF01  8 0.0007 0.0019 0.0024 0.0012 0.0006 0.0022 0.0014 0.9860 0.0017 0.0019 
        CF02  8 0.0020 0.0068 0.5969 0.0137 0.0015 0.1534 0.0061 0.0160 0.0023 0.2012 
        CF03  8 0.0006 0.0019 0.0023 0.0013 0.0006 0.0022 0.0014 0.9861 0.0017 0.0019 
        CF04  8 0.0007 0.9727 0.0035 0.0015 0.0013 0.0026 0.0044 0.0076 0.0029 0.0029 
        CF05  8 0.0007 0.0014 0.0028 0.0011 0.0007 0.0019 0.0018 0.9855 0.0020 0.0020 
        CF06  8 0.0007 0.0013 0.0026 0.0011 0.0007 0.0018 0.0018 0.9859 0.0021 0.0020 
        CF07  8 0.1204 0.0671 0.7405 0.0030 0.0129 0.0017 0.0359 0.0015 0.0141 0.0029 
        CF08  8 0.0007 0.0014 0.0028 0.0012 0.0007 0.0019 0.0018 0.9857 0.0020 0.0020 
        CF09  8 0.0006 0.0017 0.0023 0.0013 0.0006 0.0021 0.0014 0.9864 0.0018 0.0018 
        CF10  8 0.0007 0.0013 0.0178 0.0013 0.0007 0.0017 0.0104 0.9559 0.0082 0.0021 
        CF11  8 0.0008 0.0096 0.6397 0.0019 0.0030 0.0158 0.0036 0.0056 0.0088 0.3112 
        CF12  8 0.0006 0.0020 0.0024 0.0012 0.0006 0.0021 0.0014 0.9859 0.0018 0.0019 
        CF13  8 0.0007 0.0013 0.0027 0.0011 0.0007 0.0019 0.0018 0.9857 0.0021 0.0020 
        CF14  8 0.0007 0.9731 0.0036 0.0014 0.0014 0.0025 0.0042 0.0073 0.0028 0.0029 
        CF15  8 0.0007 0.9752 0.0034 0.0011 0.0013 0.0025 0.0041 0.0061 0.0028 0.0030 
        CF16  8 0.0006 0.0018 0.0023 0.0012 0.0006 0.0021 0.0014 0.9863 0.0017 0.0019 
        CF17  8 0.0007 0.0021 0.0025 0.0013 0.0006 0.0022 0.0015 0.9853 0.0018 0.0020 
        CF18  8 0.0007 0.9732 0.0035 0.0014 0.0014 0.0026 0.0043 0.0070 0.0029 0.0029 
        CF19  8 0.0009 0.0089 0.9196 0.0018 0.0038 0.0103 0.0106 0.0108 0.0291 0.0043 
        CF20  8 0.0007 0.0014 0.0026 0.0011 0.0007 0.0018 0.0018 0.9859 0.0020 0.0020 
        CF21  8 0.0007 0.0012 0.0027 0.0011 0.0007 0.0019 0.0018 0.9859 0.0020 0.0020 
        CF22  8 0.0007 0.0013 0.0028 0.0011 0.0007 0.0018 0.0018 0.9859 0.0020 0.0019 
        CF23  8 0.0007 0.0013 0.0027 0.0011 0.0007 0.0017 0.0018 0.9860 0.0020 0.0020 
        CF24  8 0.0006 0.0019 0.0024 0.0012 0.0006 0.0021 0.0014 0.9862 0.0017 0.0018 
        CF25  8 0.0006 0.0018 0.0024 0.0012 0.0006 0.0022 0.0015 0.9861 0.0017 0.0019 
        CF26  8 0.0021 0.0071 0.5973 0.0128 0.0016 0.1528 0.0065 0.0155 0.0024 0.2020 
        CF27  8 0.0007 0.0013 0.0027 0.0011 0.0007 0.0018 0.0018 0.9861 0.0020 0.0019 
        CF28  8 0.0007 0.9280 0.0128 0.0030 0.0154 0.0025 0.0040 0.0052 0.0056 0.0226 
        CF29  8 0.0006 0.0018 0.0023 0.0013 0.0006 0.0021 0.0015 0.9862 0.0017 0.0019 
        CF30  8 0.0017 0.0019 0.8652 0.0313 0.0011 0.0051 0.0041 0.0770 0.0065 0.0060 
        CF31  8 0.0006 0.0017 0.0024 0.0013 0.0006 0.0021 0.0014 0.9861 0.0017 0.0019 
        CF32  8 0.0008 0.0023 0.5709 0.0029 0.0009 0.0064 0.0017 0.4071 0.0026 0.0044 
        CF33  8 0.0007 0.0013 0.0028 0.0012 0.0007 0.0018 0.0018 0.9555 0.0323 0.0019 
        CF34  8 0.0007 0.0013 0.0028 0.0011 0.0007 0.0017 0.0018 0.9860 0.0020 0.0020 
        CF35  8 0.0007 0.9753 0.0035 0.0011 0.0013 0.0024 0.0043 0.0058 0.0028 0.0028 
        CF36  8 0.0007 0.0007 0.9847 0.0013 0.0006 0.0027 0.0018 0.0032 0.0022 0.0021 
        BP01  8 0.0011 0.0030 0.9109 0.0019 0.0010 0.0229 0.0028 0.0491 0.0029 0.0045 
        BP02  8 0.0008 0.2018 0.7683 0.0128 0.0010 0.0020 0.0022 0.0056 0.0033 0.0022 
        BP03  8 0.0006 0.0012 0.9845 0.0014 0.0006 0.0024 0.0024 0.0024 0.0020 0.0025 
        BP04  8 0.0010 0.0024 0.9345 0.0166 0.0007 0.0088 0.0025 0.0170 0.0021 0.0143 
        BP06  8 0.0009 0.0017 0.9482 0.0014 0.0010 0.0062 0.0029 0.0239 0.0028 0.0111 
        BP07  8 0.0117 0.0022 0.9295 0.0014 0.0182 0.0042 0.0209 0.0055 0.0029 0.0035 
        BP08  8 0.0008 0.0018 0.9350 0.0018 0.0011 0.0070 0.0027 0.0244 0.0027 0.0227 
        BP09  8 0.0010 0.0017 0.9624 0.0031 0.0016 0.0077 0.0061 0.0077 0.0071 0.0017 
        BP10  8 0.0008 0.0011 0.9845 0.0012 0.0007 0.0021 0.0023 0.0026 0.0023 0.0025 
        BP11  8 0.0006 0.0010 0.9880 0.0012 0.0005 0.0018 0.0020 0.0016 0.0017 0.0015 
        BP12  8 0.0010 0.0022 0.9468 0.0011 0.0007 0.0373 0.0021 0.0040 0.0026 0.0024 
        BP14  8 0.0007 0.0161 0.6992 0.0029 0.0016 0.0048 0.0045 0.2620 0.0042 0.0039 
        BP16  8 0.0007 0.0009 0.9850 0.0015 0.0008 0.0024 0.0019 0.0032 0.0020 0.0018 
        BP17  8 0.0006 0.0013 0.9829 0.0010 0.0006 0.0044 0.0031 0.0020 0.0019 0.0022 
        BP18  8 0.0007 0.0011 0.9846 0.0012 0.0007 0.0021 0.0022 0.0026 0.0022 0.0025 
        BP19  8 0.0015 0.0052 0.9751 0.0009 0.0014 0.0032 0.0039 0.0019 0.0032 0.0038 
        BP20  8 0.0007 0.0011 0.9846 0.0012 0.0008 0.0021 0.0022 0.0026 0.0023 0.0025 
   BP2007-01  8 0.0006 0.0009 0.9880 0.0012 0.0006 0.0019 0.0020 0.0016 0.0017 0.0015 
   BP2007-02  8 0.0010 0.0014 0.9832 0.0011 0.0009 0.0022 0.0019 0.0038 0.0019 0.0027 
   BP2007-03  8 0.0009 0.0016 0.6713 0.3036 0.0027 0.0048 0.0018 0.0083 0.0027 0.0023 
   BP2007-04  8 0.0022 0.0039 0.9764 0.0010 0.0013 0.0027 0.0033 0.0025 0.0031 0.0037 
   BP2007-05  8 0.0010 0.0275 0.6921 0.0019 0.0007 0.0504 0.0017 0.0067 0.2160 0.0021 
   BP2007-06  8 0.0007 0.0010 0.8529 0.0043 0.0010 0.1063 0.0029 0.0205 0.0053 0.0052 
   BP2007-07  8 0.0006 0.0023 0.9830 0.0014 0.0006 0.0025 0.0026 0.0024 0.0021 0.0025 
   BP2007-08  8 0.0012 0.0009 0.9677 0.0035 0.0077 0.0076 0.0033 0.0034 0.0030 0.0019 
   BP2007-09  8 0.0013 0.0008 0.9675 0.0034 0.0076 0.0078 0.0034 0.0033 0.0029 0.0020 
   BP2007-10  8 0.0006 0.0012 0.9847 0.0014 0.0006 0.0024 0.0024 0.0024 0.0021 0.0024 
   BP2007-11  8 0.0006 0.0009 0.9876 0.0014 0.0006 0.0020 0.0022 0.0015 0.0017 0.0015 
   BP2007-12  8 0.0011 0.1019 0.8661 0.0043 0.0008 0.0098 0.0020 0.0081 0.0018 0.0040 
   BP2007-13  8 0.0012 0.0009 0.9681 0.0034 0.0077 0.0073 0.0034 0.0033 0.0028 0.0019 
   BP2007-14  8 0.0008 0.0764 0.6949 0.0194 0.0123 0.0027 0.0635 0.0443 0.0598 0.0260 
   BP2007-15  8 0.0007 0.0045 0.6483 0.0009 0.0007 0.0024 0.0020 0.3359 0.0021 0.0025 
   BP2007-16  8 0.0025 0.3791 0.5797 0.0125 0.0035 0.0021 0.0031 0.0022 0.0030 0.0121 
   BP2007-17  8 0.0008 0.0018 0.9352 0.0017 0.0011 0.0072 0.0026 0.0251 0.0026 0.0220 
   BP2007-18  8 0.0009 0.0132 0.8407 0.0029 0.0110 0.0023 0.0826 0.0135 0.0270 0.0059 
   BP2007-19  8 0.0011 0.0024 0.9355 0.0168 0.0007 0.0087 0.0025 0.0163 0.0021 0.0139 
   BP2007-20  8 0.0010 0.0025 0.9360 0.0161 0.0007 0.0081 0.0025 0.0171 0.0021 0.0140 
   BP2007-21  8 0.0007 0.0014 0.9870 0.0012 0.0006 0.0018 0.0020 0.0014 0.0019 0.0021 
   BP2007-22  8 0.0006 0.0010 0.9875 0.0014 0.0006 0.0020 0.0023 0.0014 0.0016 0.0016 
   BP2007-23  8 0.0006 0.0010 0.9880 0.0011 0.0006 0.0019 0.0020 0.0016 0.0017 0.0016 
   BP2007-24  8 0.0026 0.0077 0.8166 0.0026 0.0018 0.0199 0.0047 0.1249 0.0091 0.0100 
   BP2007-25  8 0.0010 0.0017 0.9836 0.0009 0.0009 0.0021 0.0019 0.0038 0.0018 0.0022 
   BP2007-26  8 0.0010 0.0022 0.9462 0.0012 0.0006 0.0374 0.0021 0.0043 0.0027 0.0023 
   BP2007-27  8 0.0008 0.0010 0.9846 0.0013 0.0007 0.0021 0.0023 0.0026 0.0022 0.0024 
   BP2007-28  8 0.0006 0.0009 0.9876 0.0014 0.0006 0.0020 0.0022 0.0014 0.0017 0.0016 
   BP2007-29  8 0.0006 0.0014 0.9870 0.0012 0.0007 0.0017 0.0022 0.0014 0.0018 0.0019 
   BP2007-30  8 0.0008 0.0137 0.7840 0.0026 0.0012 0.0055 0.0023 0.0124 0.0020 0.1753 
   BP2007-31  8 0.0008 0.0048 0.9591 0.0018 0.0007 0.0024 0.0018 0.0216 0.0038 0.0032 
   BP2007-32  8 0.0009 0.0018 0.5388 0.0161 0.0026 0.0020 0.0036 0.3479 0.0602 0.0261 
   BP2007-33  8 0.0006 0.0010 0.9875 0.0013 0.0006 0.0020 0.0022 0.0015 0.0017 0.0016 
   BP2007-34  8 0.0010 0.0019 0.6956 0.0049 0.0009 0.2733 0.0025 0.0116 0.0021 0.0062 
   BP2007-35  8 0.0010 0.0022 0.9353 0.0161 0.0007 0.0085 0.0024 0.0178 0.0021 0.0139 
   BP2007-36  8 0.0010 0.0018 0.9837 0.0009 0.0009 0.0021 0.0019 0.0037 0.0018 0.0022 
   BP2007-37  8 0.0011 0.0358 0.7074 0.0011 0.0263 0.0048 0.0150 0.0622 0.1432 0.0029 
   BP2007-38  8 0.0006 0.0012 0.9843 0.0015 0.0006 0.0024 0.0024 0.0024 0.0021 0.0025 
   BP2007-39  8 0.0006 0.0046 0.6484 0.0009 0.0007 0.0023 0.0019 0.3360 0.0021 0.0025 
   BP2007-40  8 0.0008 0.0019 0.9421 0.0021 0.0013 0.0087 0.0030 0.0134 0.0027 0.0240 
        BP21  8 0.0010 0.0017 0.9835 0.0010 0.0009 0.0021 0.0019 0.0038 0.0018 0.0023 
        BP22  8 0.0006 0.0012 0.9713 0.0040 0.0007 0.0104 0.0018 0.0036 0.0024 0.0038 
        BP23  8 0.0006 0.0030 0.9682 0.0016 0.0006 0.0125 0.0018 0.0039 0.0022 0.0055 
        BP24  8 0.0006 0.0043 0.9634 0.0063 0.0007 0.0099 0.0018 0.0036 0.0023 0.0071 
        BP25  8 0.0010 0.0017 0.9835 0.0009 0.0009 0.0021 0.0020 0.0038 0.0018 0.0022 
        BP26  8 0.0010 0.0017 0.9836 0.0010 0.0009 0.0021 0.0019 0.0038 0.0019 0.0022 
        BP27  8 0.0010 0.0009 0.9628 0.0034 0.0075 0.0132 0.0034 0.0032 0.0027 0.0019 
        BP28  8 0.0006 0.0012 0.9719 0.0038 0.0007 0.0099 0.0018 0.0036 0.0025 0.0039 
        BP29  8 0.0008 0.0010 0.9838 0.0019 0.0006 0.0024 0.0026 0.0031 0.0018 0.0019 
        BP30  8 0.0010 0.0023 0.9823 0.0009 0.0008 0.0020 0.0020 0.0048 0.0019 0.0020 
      NNKB01  8 0.0008 0.0034 0.9630 0.0025 0.0010 0.0042 0.0081 0.0053 0.0088 0.0028 
      NNKB02  8 0.0021 0.0023 0.9649 0.0021 0.0030 0.0028 0.0035 0.0076 0.0025 0.0092 
      NNKN01  8 0.2117 0.0011 0.7184 0.0019 0.0018 0.0033 0.0027 0.0026 0.0457 0.0107 
         SR1  9 0.0010 0.0011 0.8708 0.0019 0.0008 0.0954 0.0023 0.0195 0.0023 0.0048 
        SR10  9 0.1260 0.0118 0.6714 0.0016 0.0009 0.0064 0.0039 0.1184 0.0029 0.0568 
        SR11  9 0.0018 0.2724 0.6050 0.0584 0.0006 0.0219 0.0024 0.0033 0.0022 0.0320 
        SR12  9 0.0010 0.0011 0.8686 0.0018 0.0008 0.0961 0.0022 0.0211 0.0024 0.0049 
        SR13  9 0.0011 0.1045 0.2883 0.2274 0.0056 0.1889 0.0172 0.0909 0.0575 0.0186 
        SR15  9 0.0025 0.0507 0.6853 0.0126 0.0049 0.0139 0.0046 0.2087 0.0145 0.0022 
        SR16  9 0.0025 0.1661 0.7319 0.0303 0.0006 0.0075 0.0033 0.0259 0.0068 0.0252 
        SR17  9 0.0010 0.0119 0.2144 0.0634 0.0007 0.0056 0.0115 0.4558 0.0087 0.2270 
        SR18  9 0.0009 0.3749 0.3733 0.0073 0.0019 0.0490 0.0045 0.1738 0.0041 0.0103 
        SR19  9 0.0012 0.1765 0.5789 0.0016 0.0006 0.0220 0.0021 0.1088 0.0982 0.0100 
         SR2  9 0.0019 0.2716 0.6054 0.0580 0.0006 0.0227 0.0024 0.0030 0.0023 0.0321 
        SR20  9 0.0013 0.5146 0.1835 0.0414 0.0008 0.0853 0.0045 0.0828 0.0028 0.0828 
        SR21  9 0.0010 0.0023 0.6220 0.0026 0.0009 0.0657 0.0019 0.2960 0.0024 0.0050 
        SR22  9 0.0026 0.0032 0.6157 0.0036 0.0007 0.3225 0.0016 0.0328 0.0028 0.0145 
        SR23  9 0.0011 0.0020 0.7039 0.0025 0.0028 0.0777 0.0034 0.1972 0.0037 0.0057 
        SR24  9 0.0031 0.0014 0.8187 0.0135 0.0015 0.0075 0.0026 0.0046 0.0060 0.1410 
        SR25  9 0.0058 0.0015 0.9284 0.0183 0.0008 0.0108 0.0023 0.0039 0.0060 0.0222 
        SR26  9 0.0026 0.0030 0.5547 0.0043 0.0007 0.0161 0.0026 0.0615 0.0526 0.3020 
        SR27  9 0.0008 0.0013 0.9372 0.0019 0.0006 0.0246 0.0024 0.0212 0.0039 0.0060 
        SR28  9 0.0152 0.1910 0.7627 0.0075 0.0008 0.0040 0.0025 0.0031 0.0058 0.0075 
        SR29  9 0.0079 0.0012 0.7473 0.0104 0.0012 0.0114 0.0032 0.0079 0.0061 0.2034 
         SR3  9 0.0019 0.2196 0.4960 0.2502 0.0005 0.0097 0.0032 0.0028 0.0025 0.0136 
        SR30  9 0.0008 0.0011 0.9702 0.0028 0.0007 0.0098 0.0015 0.0042 0.0027 0.0064 
         SR5  9 0.0011 0.0018 0.6655 0.0281 0.0008 0.2575 0.0021 0.0225 0.0031 0.0175 
         SR6  9 0.0024 0.0009 0.8318 0.0827 0.0010 0.0389 0.0027 0.0303 0.0038 0.0054 
         SR7  9 0.0011 0.0012 0.5044 0.0013 0.0007 0.0091 0.0024 0.0218 0.0044 0.4536 
         SR8  9 0.0021 0.2814 0.5808 0.0854 0.0005 0.0196 0.0027 0.0027 0.0025 0.0223 
         SR9  9 0.0012 0.0018 0.5071 0.0016 0.0007 0.0113 0.0025 0.0306 0.0043 0.4389 
       HAM01 10 0.0005 0.0056 0.9675 0.0087 0.0006 0.0067 0.0018 0.0014 0.0021 0.0052 
       HAM02 10 0.0011 0.0022 0.6255 0.3163 0.0008 0.0036 0.0089 0.0103 0.0072 0.0241 
       HAM03 10 0.0005 0.0051 0.9671 0.0094 0.0006 0.0070 0.0017 0.0014 0.0021 0.0051 
       HAM07 10 0.0020 0.0091 0.9024 0.0053 0.0027 0.0309 0.0046 0.0189 0.0049 0.0192 
       HAM08 10 0.0013 0.2171 0.5440 0.1957 0.0007 0.0038 0.0019 0.0023 0.0040 0.0293 
       HAM09 10 0.0008 0.0547 0.8038 0.0012 0.0008 0.0053 0.0130 0.0572 0.0567 0.0065 
       HAM10 10 0.0046 0.2228 0.6954 0.0028 0.0047 0.0150 0.0030 0.0143 0.0052 0.0322 
      CRWL01 10 0.0008 0.0013 0.9750 0.0022 0.0010 0.0044 0.0021 0.0050 0.0024 0.0058 
      CRWL02 10 0.0008 0.0026 0.9710 0.0017 0.0009 0.0054 0.0020 0.0038 0.0025 0.0093 
      CRWL03 10 0.0020 0.0070 0.8665 0.0011 0.0007 0.0130 0.0023 0.0265 0.0059 0.0751 
      CRWL04 10 0.0007 0.0027 0.9646 0.0011 0.0009 0.0025 0.0026 0.0084 0.0023 0.0141 
      CRWL05 10 0.0007 0.0016 0.9833 0.0012 0.0011 0.0036 0.0021 0.0025 0.0024 0.0015 
      CRWL06 10 0.0007 0.0072 0.9085 0.0052 0.0008 0.0029 0.0023 0.0655 0.0022 0.0047 
      CRWL07 10 0.0011 0.0063 0.9759 0.0052 0.0010 0.0025 0.0022 0.0017 0.0027 0.0016 
      CRWL08 10 0.0007 0.0123 0.9534 0.0037 0.0009 0.0020 0.0025 0.0092 0.0027 0.0126 
      CRWL09 10 0.0011 0.0023 0.9672 0.0035 0.0006 0.0030 0.0018 0.0035 0.0145 0.0026 
      CRWL10 10 0.0010 0.0031 0.9426 0.0353 0.0008 0.0039 0.0026 0.0033 0.0033 0.0043 
      CRWL11 10 0.0008 0.1550 0.6334 0.1249 0.0021 0.0204 0.0036 0.0512 0.0051 0.0034 
      CRWL12 10 0.0014 0.0017 0.7172 0.0022 0.0009 0.0024 0.0056 0.0103 0.0024 0.2560 
      CRWL13 10 0.0007 0.0049 0.9622 0.0026 0.0006 0.0025 0.0022 0.0080 0.0021 0.0141 
      CRWL14 10 0.0017 0.0098 0.9369 0.0075 0.0010 0.0025 0.0045 0.0284 0.0040 0.0038 
      CRWL15 10 0.0010 0.0295 0.8329 0.0535 0.0007 0.0070 0.0013 0.0441 0.0025 0.0273 
      CRWL16 10 0.0014 0.2383 0.7142 0.0068 0.0010 0.0032 0.0037 0.0260 0.0031 0.0024 
      CRWL17 10 0.0008 0.0308 0.7745 0.1217 0.0021 0.0169 0.0038 0.0362 0.0060 0.0071 
      CRWL18 10 0.0010 0.0020 0.9800 0.0033 0.0006 0.0030 0.0018 0.0035 0.0025 0.0025 
      CRWL19 10 0.0010 0.0020 0.9799 0.0032 0.0006 0.0029 0.0017 0.0035 0.0025 0.0026 
      CRWL20 10 0.0008 0.0022 0.9801 0.0024 0.0009 0.0043 0.0017 0.0030 0.0023 0.0023 
      CRWL21 10 0.0106 0.0270 0.8111 0.1184 0.0006 0.0026 0.0042 0.0051 0.0117 0.0088 
       MES01 11 0.0006 0.0008 0.0044 0.0015 0.0006 0.9848 0.0015 0.0022 0.0018 0.0018 
       MES02 11 0.0013 0.0012 0.0038 0.0012 0.0006 0.9839 0.0018 0.0021 0.0024 0.0017 
       MES03 11 0.0005 0.0008 0.0019 0.0010 0.0005 0.9884 0.0014 0.0017 0.0016 0.0022 
       MES04 11 0.0013 0.0012 0.0040 0.0012 0.0006 0.9838 0.0018 0.0020 0.0024 0.0017 
       MES05 11 0.0005 0.0007 0.0051 0.0010 0.0005 0.9576 0.0020 0.0286 0.0021 0.0018 
       MES06 11 0.0006 0.0008 0.0041 0.0015 0.0006 0.9851 0.0015 0.0021 0.0018 0.0017 
       MES07 11 0.0006 0.0008 0.0039 0.0016 0.0006 0.9853 0.0015 0.0021 0.0017 0.0018 
       MES08 11 0.0006 0.0008 0.0038 0.0015 0.0006 0.9854 0.0015 0.0022 0.0018 0.0018 
       MES09 11 0.0006 0.0008 0.0042 0.0015 0.0006 0.9851 0.0015 0.0021 0.0018 0.0018 
       MES10 11 0.0014 0.0012 0.0040 0.0012 0.0006 0.9838 0.0019 0.0020 0.0024 0.0017 
       MES11 11 0.0279 0.0013 0.0296 0.0013 0.0006 0.9230 0.0018 0.0021 0.0108 0.0018 
       MES12 11 0.0006 0.0008 0.0041 0.0014 0.0006 0.9853 0.0016 0.0021 0.0018 0.0018 
       MES13 11 0.0006 0.0008 0.0041 0.0016 0.0006 0.9852 0.0015 0.0022 0.0017 0.0017 
       MES14 11 0.0005 0.0007 0.0019 0.0010 0.0005 0.9889 0.0015 0.0016 0.0015 0.0019 
       MES15 11 0.0006 0.0072 0.0019 0.0010 0.0212 0.9477 0.0140 0.0015 0.0030 0.0019 
       MES16 11 0.0013 0.0013 0.0039 0.0012 0.0006 0.9838 0.0019 0.0020 0.0024 0.0017 
       MES17 11 0.0006 0.0008 0.0042 0.0015 0.0006 0.9849 0.0016 0.0022 0.0018 0.0017 
       MES18 11 0.0006 0.0008 0.0040 0.0015 0.0006 0.9851 0.0015 0.0023 0.0018 0.0017 
       MES19 11 0.0006 0.0009 0.0042 0.0015 0.0006 0.9850 0.0015 0.0021 0.0018 0.0018 
       MES20 11 0.0006 0.0009 0.0040 0.0013 0.0006 0.9855 0.0014 0.0020 0.0018 0.0020 
       MES21 11 0.0005 0.0007 0.0019 0.0010 0.0006 0.9889 0.0014 0.0016 0.0016 0.0018 
       MES22 11 0.0006 0.0009 0.0040 0.0015 0.0006 0.9851 0.0015 0.0022 0.0018 0.0018 
       SAX01 11 0.0006 0.0008 0.0031 0.0013 0.0005 0.9873 0.0014 0.0016 0.0017 0.0018 
       SAX02 11 0.0005 0.0007 0.0019 0.0010 0.0005 0.9891 0.0014 0.0014 0.0015 0.0018 
       SAX03 11 0.0006 0.0009 0.0069 0.0047 0.0043 0.9599 0.0014 0.0015 0.0029 0.0169 
       SAX04 11 0.0009 0.0007 0.1792 0.0082 0.0005 0.7374 0.0021 0.0019 0.0051 0.0640 
       SAX05 11 0.0007 0.0045 0.0040 0.0011 0.0005 0.9823 0.0014 0.0021 0.0017 0.0017 
       SAX06 11 0.0007 0.0042 0.0040 0.0011 0.0005 0.9826 0.0014 0.0021 0.0017 0.0017 
       SAX07 11 0.0005 0.0014 0.0026 0.0009 0.0005 0.9878 0.0015 0.0016 0.0015 0.0017 
       SAX08 11 0.0014 0.0007 0.0073 0.0043 0.0005 0.9279 0.0014 0.0525 0.0020 0.0019 
       SAX09 11 0.0005 0.0007 0.0020 0.0010 0.0005 0.9892 0.0014 0.0014 0.0015 0.0018 
       SAX10 11 0.0006 0.0068 0.0041 0.0038 0.0006 0.9152 0.0015 0.0021 0.0021 0.0632 
       SAX11 11 0.0007 0.0049 0.0061 0.0011 0.0006 0.9184 0.0015 0.0021 0.0017 0.0630 
       SAX12 11 0.0005 0.0007 0.0019 0.0010 0.0006 0.9892 0.0014 0.0014 0.0015 0.0018 
       SAX13 11 0.0006 0.0008 0.0023 0.0009 0.0005 0.9890 0.0013 0.0014 0.0016 0.0016 
       SAX14 11 0.0006 0.0019 0.0051 0.0009 0.0005 0.9839 0.0015 0.0021 0.0017 0.0017 
       SAX15 11 0.0005 0.0007 0.0137 0.0243 0.0005 0.9315 0.0014 0.0167 0.0088 0.0018 
       SAX16 11 0.0006 0.0008 0.0029 0.0013 0.0005 0.9873 0.0014 0.0015 0.0017 0.0019 
       SAX17 11 0.0005 0.0014 0.0026 0.0009 0.0005 0.9878 0.0015 0.0015 0.0015 0.0016 
       SAX18 11 0.0005 0.0014 0.0026 0.0008 0.0005 0.9878 0.0015 0.0016 0.0015 0.0017 
       SAX19 11 0.0006 0.0013 0.0534 0.0010 0.0005 0.9191 0.0016 0.0019 0.0065 0.0142 
       IRP01 11 0.0005 0.0008 0.0020 0.0011 0.0005 0.9872 0.0014 0.0034 0.0014 0.0017 
       IRP02 11 0.0005 0.0008 0.0020 0.0012 0.0005 0.9871 0.0015 0.0023 0.0014 0.0026 
       IRP03 11 0.0006 0.0007 0.0020 0.0013 0.0005 0.9866 0.0015 0.0028 0.0014 0.0026 
       IRP04 11 0.0006 0.0008 0.0020 0.0015 0.0005 0.9864 0.0015 0.0027 0.0014 0.0026 
       IRP05 11 0.0006 0.0007 0.0019 0.0014 0.0005 0.9866 0.0015 0.0027 0.0015 0.0026 
       IRP06 11 0.0005 0.0008 0.0020 0.0011 0.0005 0.9872 0.0014 0.0032 0.0014 0.0017 
       IRP07 11 0.0006 0.0008 0.0019 0.0014 0.0005 0.9866 0.0015 0.0026 0.0015 0.0027 
       IRP08 11 0.0005 0.0008 0.0020 0.0011 0.0005 0.9870 0.0014 0.0034 0.0014 0.0017 
       IRP09 11 0.0006 0.0008 0.0019 0.0014 0.0005 0.9865 0.0015 0.0027 0.0015 0.0027 
       IRP10 11 0.0005 0.0008 0.0019 0.0012 0.0006 0.9873 0.0014 0.0031 0.0014 0.0017 
       IRP11 11 0.0005 0.0008 0.0020 0.0011 0.0005 0.9871 0.0014 0.0033 0.0014 0.0017 
       IRP12 11 0.0005 0.0008 0.0020 0.0011 0.0005 0.9873 0.0014 0.0032 0.0014 0.0017 
       IRP13 11 0.0005 0.0008 0.0020 0.0011 0.0005 0.9870 0.0014 0.0034 0.0014 0.0018 
       IRP14 11 0.0006 0.0007 0.0020 0.0013 0.0005 0.9867 0.0015 0.0027 0.0014 0.0026 
       IRP15 11 0.0006 0.0008 0.0019 0.0013 0.0005 0.9869 0.0015 0.0026 0.0014 0.0025 
       IRP16 11 0.0007 0.9864 0.0025 0.0011 0.0006 0.0020 0.0014 0.0018 0.0017 0.0019 
     IRP16-2 11 0.0006 0.9864 0.0025 0.0011 0.0006 0.0020 0.0014 0.0018 0.0017 0.0019 
       IRP17 11 0.0005 0.0008 0.0019 0.0013 0.0005 0.9868 0.0015 0.0025 0.0014 0.0027 
       MRT01 11 0.0006 0.0010 0.0024 0.0010 0.0005 0.9879 0.0015 0.0019 0.0015 0.0018 
       MRT02 11 0.0005 0.0008 0.0020 0.0010 0.0006 0.9887 0.0014 0.0017 0.0014 0.0018 
       MRT03 11 0.0006 0.0009 0.0022 0.0010 0.0005 0.9886 0.0014 0.0016 0.0014 0.0018 
       MRT04 11 0.0005 0.0008 0.0026 0.0011 0.0005 0.9878 0.0015 0.0016 0.0015 0.0020 
       MRT05 11 0.0006 0.0008 0.0025 0.0010 0.0005 0.9877 0.0016 0.0017 0.0015 0.0021 
       MRT06 11 0.0006 0.0009 0.0022 0.0010 0.0005 0.9886 0.0013 0.0016 0.0014 0.0017 
       MRT07 11 0.0005 0.0008 0.0020 0.0010 0.0005 0.9885 0.0015 0.0018 0.0014 0.0018 
       MRT08 11 0.0006 0.0010 0.0073 0.0010 0.0005 0.9522 0.0020 0.0318 0.0019 0.0018 
       MRT09 11 0.0005 0.0009 0.0019 0.0010 0.0006 0.9888 0.0014 0.0018 0.0014 0.0018 
       MRT10 11 0.0005 0.0008 0.0019 0.0010 0.0005 0.9888 0.0014 0.0018 0.0014 0.0019 
       MRT11 11 0.0005 0.0008 0.0020 0.0010 0.0005 0.9886 0.0014 0.0018 0.0014 0.0019 
       MRT12 11 0.0006 0.0010 0.0024 0.0010 0.0005 0.9879 0.0015 0.0019 0.0015 0.0018 
       MRT13 11 0.0005 0.0008 0.0064 0.0132 0.0005 0.9223 0.0014 0.0083 0.0014 0.0450 
       MRT14 11 0.0005 0.0010 0.0024 0.0010 0.0005 0.9880 0.0015 0.0018 0.0014 0.0018 
       MRT15 11 0.0005 0.0010 0.0024 0.0010 0.0005 0.9879 0.0015 0.0019 0.0015 0.0018 
       MRT16 11 0.0006 0.0009 0.0022 0.0010 0.0005 0.9886 0.0014 0.0017 0.0014 0.0017 
       MRT17 11 0.0006 0.0008 0.0022 0.0010 0.0005 0.9886 0.0014 0.0017 0.0014 0.0018 
       MRT18 11 0.0005 0.0009 0.0022 0.0010 0.0005 0.9882 0.0015 0.0017 0.0015 0.0019 
       MRT19 11 0.0005 0.0009 0.0027 0.0010 0.0005 0.9878 0.0015 0.0017 0.0015 0.0020 
       MRT20 11 0.0005 0.0008 0.0020 0.0010 0.0005 0.9887 0.0014 0.0018 0.0014 0.0018 
       MRT21 11 0.0006 0.0010 0.0025 0.0010 0.0005 0.9879 0.0015 0.0018 0.0015 0.0018 
       MRT22 11 0.0005 0.0008 0.0026 0.0010 0.0005 0.9878 0.0015 0.0016 0.0015 0.0021 
       MRT23 11 0.0006 0.0010 0.0024 0.0010 0.0005 0.9880 0.0015 0.0018 0.0015 0.0017 
       MRT24 11 0.0005 0.0008 0.0019 0.0010 0.0005 0.9888 0.0014 0.0018 0.0014 0.0019 
       MRT25 11 0.0006 0.0008 0.0025 0.0010 0.0005 0.9881 0.0015 0.0017 0.0015 0.0018 
       MRT26 11 0.0006 0.0008 0.0026 0.0010 0.0005 0.9877 0.0015 0.0016 0.0015 0.0021 
       MRT27 11 0.0006 0.0008 0.0026 0.0010 0.0005 0.9877 0.0015 0.0017 0.0015 0.0020 
       MRT28 11 0.0006 0.0008 0.0019 0.0010 0.0005 0.9887 0.0014 0.0018 0.0014 0.0018 
       MRT29 11 0.0006 0.0008 0.0026 0.0010 0.0005 0.9878 0.0015 0.0017 0.0015 0.0020 
       MRT30 11 0.0006 0.0009 0.0022 0.0010 0.0005 0.9887 0.0014 0.0016 0.0014 0.0017 
       MRT31 11 0.0005 0.0010 0.0024 0.0010 0.0005 0.9880 0.0015 0.0018 0.0014 0.0017 
       MRT32 11 0.0006 0.0008 0.0026 0.0010 0.0005 0.9876 0.0015 0.0017 0.0015 0.0021 
       MRT33 11 0.0006 0.0010 0.0047 0.0030 0.0020 0.9753 0.0014 0.0017 0.0025 0.0077 
        LK01 10 0.0011 0.0381 0.8761 0.0029 0.0163 0.0021 0.0059 0.0174 0.0021 0.0381 
        LK02 10 0.0018 0.0021 0.8789 0.0034 0.0006 0.0029 0.0015 0.0998 0.0031 0.0058 
        LK05 10 0.0006 0.0011 0.9825 0.0018 0.0009 0.0019 0.0020 0.0032 0.0021 0.0039 
        LK06 10 0.0013 0.0170 0.8675 0.0088 0.0007 0.0109 0.0029 0.0828 0.0041 0.0040 
        LK07 10 0.0025 0.0019 0.9710 0.0013 0.0039 0.0051 0.0037 0.0019 0.0069 0.0018 
     LK07-01 10 0.0006 0.0010 0.9826 0.0018 0.0009 0.0019 0.0021 0.0032 0.0021 0.0038 
     LK07-02 10 0.0015 0.0022 0.9585 0.0031 0.0139 0.0034 0.0039 0.0056 0.0033 0.0047 
     LK07-03 10 0.0023 0.0326 0.6433 0.2906 0.0010 0.0072 0.0022 0.0126 0.0064 0.0017 
     LK07-04 10 0.0007 0.0056 0.9754 0.0029 0.0010 0.0012 0.0018 0.0023 0.0027 0.0063 
     LK07-05 10 0.0008 0.0019 0.9792 0.0043 0.0007 0.0029 0.0023 0.0023 0.0026 0.0030 
     LK07-06 10 0.0015 0.0017 0.9744 0.0013 0.0013 0.0071 0.0025 0.0025 0.0057 0.0020 
        LK08 10 0.0108 0.0018 0.9718 0.0010 0.0007 0.0043 0.0021 0.0018 0.0022 0.0037 
        LK09 10 0.0010 0.0017 0.9796 0.0023 0.0007 0.0016 0.0019 0.0048 0.0030 0.0034 
        LK11 10 0.0014 0.0012 0.9604 0.0059 0.0024 0.0023 0.0063 0.0030 0.0150 0.0021 
        LK12 10 0.0009 0.0016 0.9560 0.0019 0.0009 0.0061 0.0016 0.0042 0.0037 0.0231 
        LK13 10 0.0090 0.0007 0.9563 0.0020 0.0026 0.0025 0.0047 0.0032 0.0163 0.0025 
        LK14 10 0.0007 0.0006 0.9789 0.0027 0.0017 0.0030 0.0027 0.0020 0.0029 0.0047 
        LK15 10 0.0009 0.0008 0.9856 0.0018 0.0007 0.0020 0.0016 0.0014 0.0023 0.0029 
        LK16 10 0.0008 0.0010 0.9818 0.0033 0.0008 0.0028 0.0027 0.0023 0.0028 0.0018 
        LK17 10 0.0005 0.0010 0.9852 0.0015 0.0007 0.0030 0.0017 0.0018 0.0021 0.0025 
        LK18 10 0.0009 0.0009 0.9818 0.0032 0.0007 0.0039 0.0019 0.0019 0.0018 0.0029 
        LK19 10 0.0014 0.0017 0.9741 0.0013 0.0013 0.0072 0.0025 0.0026 0.0057 0.0020 
        LK20 10 0.0011 0.0009 0.9768 0.0028 0.0007 0.0018 0.0020 0.0032 0.0022 0.0086 
        LK21 10 0.0008 0.0011 0.9339 0.0026 0.0022 0.0019 0.0032 0.0454 0.0064 0.0024 
        LK22 10 0.0006 0.0016 0.9754 0.0013 0.0007 0.0022 0.0019 0.0023 0.0021 0.0118 
        LK23 10 0.0008 0.0008 0.9798 0.0018 0.0019 0.0037 0.0034 0.0026 0.0037 0.0015 
        LK24 10 0.0013 0.0311 0.7910 0.0104 0.0011 0.0023 0.0027 0.0062 0.0255 0.1283 
        LK25 10 0.0008 0.0021 0.5700 0.0029 0.0009 0.0066 0.0017 0.4081 0.0026 0.0043 
       LMC01 10 0.0007 0.0012 0.5968 0.3826 0.0007 0.0039 0.0018 0.0037 0.0028 0.0057 
       LMC02 10 0.0006 0.0011 0.7534 0.2266 0.0007 0.0040 0.0016 0.0075 0.0018 0.0028 
       LMC03 10 0.0006 0.0015 0.8013 0.1824 0.0006 0.0048 0.0015 0.0021 0.0018 0.0033 
       LMC04 10 0.0045 0.0122 0.8444 0.0227 0.0023 0.0119 0.0068 0.0235 0.0605 0.0111 
        UM01 10 0.1107 0.0391 0.7153 0.0055 0.0009 0.0041 0.0477 0.0053 0.0619 0.0096 
        UM02 10 0.0189 0.0025 0.8203 0.0520 0.0007 0.0284 0.0035 0.0260 0.0031 0.0444 
        UM03 10 0.0113 0.0018 0.6843 0.1990 0.0008 0.0284 0.0037 0.0068 0.0026 0.0614 
        UM04 10 0.0028 0.1235 0.7696 0.0770 0.0015 0.0046 0.0032 0.0022 0.0033 0.0123 
        UM05 10 0.1809 0.0022 0.7885 0.0049 0.0014 0.0028 0.0033 0.0036 0.0061 0.0062 
        UM06 10 0.2196 0.0672 0.6005 0.0022 0.0043 0.0092 0.0317 0.0334 0.0090 0.0228 
        UM07 10 0.0007 0.0166 0.8327 0.0018 0.0010 0.0277 0.0072 0.0272 0.0414 0.0438 
        UM08 10 0.0009 0.0035 0.8616 0.0035 0.0097 0.0030 0.1028 0.0041 0.0079 0.0030 
        UM09 10 0.0550 0.0043 0.7463 0.0016 0.0197 0.0049 0.0717 0.0065 0.0620 0.0280 
        UM10 10 0.1749 0.0021 0.7933 0.0065 0.0014 0.0027 0.0033 0.0038 0.0059 0.0061 
       PLT01 10 0.0027 0.0042 0.7414 0.0032 0.0006 0.0370 0.0023 0.2008 0.0026 0.0051 
       PLT02 10 0.0126 0.0104 0.9116 0.0016 0.0044 0.0033 0.0279 0.0190 0.0072 0.0019 
       PLT03 10 0.0011 0.0066 0.9756 0.0013 0.0006 0.0028 0.0019 0.0036 0.0032 0.0032 
        DC01 10 0.0011 0.0015 0.9265 0.0028 0.0024 0.0030 0.0053 0.0184 0.0335 0.0055 
        DC02 10 0.0024 0.0321 0.4587 0.0009 0.0018 0.0021 0.0105 0.4767 0.0116 0.0032 
        DC03 10 0.0012 0.0124 0.8256 0.0057 0.0009 0.0025 0.0029 0.0059 0.1363 0.0066 
        DC04 10 0.0543 0.0026 0.6700 0.0053 0.0030 0.0040 0.0473 0.1513 0.0371 0.0251 
        DC05 10 0.0060 0.0019 0.9378 0.0337 0.0007 0.0068 0.0031 0.0016 0.0067 0.0017 
        DC06 10 0.0006 0.0291 0.8519 0.0020 0.0066 0.0051 0.0284 0.0260 0.0131 0.0372 
        DC07 10 0.0009 0.1349 0.6355 0.0030 0.0066 0.0455 0.0053 0.0103 0.0683 0.0897 
        DC08 10 0.0011 0.0033 0.9644 0.0030 0.0011 0.0018 0.0021 0.0161 0.0032 0.0040 
        DC09 10 0.0015 0.0020 0.7826 0.0012 0.0063 0.0034 0.1888 0.0021 0.0089 0.0032 
        DC10 10 0.0031 0.0306 0.4535 0.0033 0.0019 0.0050 0.0128 0.2949 0.1794 0.0157 
        DC11 10 0.0025 0.0012 0.4288 0.0009 0.0017 0.0021 0.0107 0.5380 0.0111 0.0031 
        DC12 10 0.0007 0.0011 0.9700 0.0050 0.0081 0.0024 0.0048 0.0017 0.0043 0.0018 
        DC13 10 0.0027 0.0015 0.9352 0.0014 0.0010 0.0389 0.0025 0.0032 0.0101 0.0035 
        DC14 10 0.0541 0.0026 0.6698 0.0055 0.0028 0.0043 0.0489 0.1498 0.0360 0.0263 
        DC15 10 0.0010 0.0565 0.8343 0.0028 0.0063 0.0032 0.0035 0.0140 0.0075 0.0710 
        DC16 10 0.0007 0.0049 0.7626 0.0013 0.0258 0.0042 0.0136 0.0237 0.0049 0.1583 
        DC17 10 0.0011 0.0025 0.9168 0.0043 0.0013 0.0045 0.0036 0.0569 0.0044 0.0046 
        DC18 10 0.0017 0.0033 0.7470 0.0023 0.0007 0.0027 0.0058 0.0099 0.2228 0.0037 
        DC19 10 0.0007 0.0386 0.7761 0.0013 0.0017 0.0035 0.0024 0.0076 0.0033 0.1648 
        DC20 10 0.0007 0.2141 0.6058 0.0019 0.0011 0.1431 0.0021 0.0044 0.0027 0.0242 
        DC21 10 0.0017 0.0032 0.9772 0.0015 0.0009 0.0018 0.0039 0.0027 0.0053 0.0018 
        DC22 10 0.0338 0.0369 0.5381 0.0052 0.0019 0.0612 0.0379 0.0840 0.1255 0.0754 
        DC23 10 0.0006 0.0027 0.4774 0.0033 0.0015 0.0051 0.0033 0.4993 0.0038 0.0029 
        DC24 10 0.0017 0.0032 0.7459 0.0023 0.0007 0.0028 0.0056 0.0097 0.2238 0.0041 
        DC25 10 0.0640 0.0075 0.8603 0.0294 0.0010 0.0021 0.0031 0.0098 0.0037 0.0191 
        DC26 10 0.0007 0.0012 0.9697 0.0052 0.0083 0.0024 0.0047 0.0017 0.0042 0.0017 
        PC02 12 0.0006 0.9863 0.0026 0.0011 0.0006 0.0020 0.0015 0.0017 0.0016 0.0020 
        PC03 12 0.0007 0.9864 0.0026 0.0011 0.0006 0.0020 0.0014 0.0017 0.0016 0.0019 
        PC04 12 0.0006 0.9864 0.0025 0.0011 0.0006 0.0020 0.0014 0.0019 0.0016 0.0019 
        PC05 12 0.0007 0.9862 0.0026 0.0010 0.0006 0.0020 0.0014 0.0018 0.0017 0.0020 
        PC06 12 0.0007 0.9863 0.0026 0.0011 0.0006 0.0020 0.0014 0.0018 0.0017 0.0020 
        PC07 12 0.0005 0.1625 0.7692 0.0014 0.0006 0.0572 0.0019 0.0026 0.0022 0.0019 
        PC08 12 0.0007 0.9862 0.0025 0.0011 0.0006 0.0020 0.0014 0.0018 0.0017 0.0020 
        PC09 12 0.0007 0.9862 0.0025 0.0011 0.0006 0.0020 0.0014 0.0018 0.0016 0.0020 
        PC10 12 0.0007 0.9171 0.0106 0.0149 0.0006 0.0020 0.0014 0.0097 0.0017 0.0413 
        PC11 12 0.0007 0.9862 0.0026 0.0012 0.0006 0.0020 0.0014 0.0017 0.0016 0.0019 
        PC12 12 0.0006 0.9864 0.0025 0.0011 0.0006 0.0019 0.0014 0.0018 0.0016 0.0020 
        PC13 12 0.0007 0.9864 0.0026 0.0011 0.0006 0.0020 0.0014 0.0017 0.0016 0.0019 
        PC14 12 0.0007 0.9863 0.0024 0.0011 0.0006 0.0020 0.0015 0.0017 0.0017 0.0020 
        PC01 12 0.0007 0.9862 0.0026 0.0011 0.0006 0.0020 0.0014 0.0018 0.0017 0.0019 
      Nuke10 13 0.0005 0.0060 0.0138 0.0025 0.0006 0.0023 0.0016 0.0017 0.0028 0.9681 
      Nuke11 13 0.0006 0.0010 0.0029 0.0009 0.0008 0.0026 0.0019 0.0031 0.0017 0.9846 
      Nuke12 13 0.0013 0.0033 0.1157 0.0126 0.0015 0.0018 0.0041 0.0085 0.0080 0.8432 
      Nuke13 13 0.0016 0.0011 0.0046 0.0024 0.0009 0.0053 0.0018 0.0020 0.0025 0.9778 
      Nuke01 13 0.0012 0.0830 0.0664 0.0243 0.0008 0.0334 0.0020 0.0040 0.0047 0.7802 
      Nuke02 13 0.0014 0.0034 0.1140 0.0130 0.0015 0.0018 0.0040 0.0084 0.0086 0.8440 
      Nuke03 13 0.0011 0.0031 0.0037 0.0013 0.0009 0.0027 0.0022 0.0069 0.0026 0.9754 
      Nuke04 13 0.0009 0.0010 0.0026 0.0043 0.0006 0.0020 0.0016 0.0013 0.0019 0.9837 
      Nuke05 13 0.0011 0.0141 0.0224 0.0145 0.0009 0.0080 0.0032 0.0041 0.0037 0.9278 
      Nuke06 13 0.0020 0.0022 0.0195 0.0029 0.0006 0.0076 0.0025 0.0014 0.0054 0.9559 
      Nuke07 13 0.0013 0.0024 0.0572 0.0380 0.0010 0.0114 0.0036 0.0029 0.0066 0.8756 
      Nuke08 13 0.0006 0.0008 0.0022 0.0012 0.0006 0.0015 0.0015 0.0018 0.0018 0.9880 
      Nuke09 13 0.0006 0.0009 0.0023 0.0010 0.0008 0.0015 0.0017 0.0031 0.0018 0.9864 
       Rad01 13 0.0006 0.0012 0.0338 0.0011 0.0006 0.0017 0.0014 0.0019 0.0020 0.9558 
       Rad02 13 0.0009 0.0017 0.0216 0.0023 0.0008 0.2146 0.0022 0.0027 0.0035 0.7498 
       Rad03 13 0.0008 0.0022 0.0168 0.0661 0.0006 0.0041 0.0018 0.0020 0.0050 0.9006 
       Rad04 13 0.0007 0.0014 0.0039 0.0021 0.0006 0.0141 0.0015 0.0025 0.0027 0.9703 
       Rad05 13 0.0018 0.0059 0.0148 0.0078 0.0006 0.0022 0.0532 0.0020 0.0040 0.9076 
       Rad06 13 0.0012 0.0009 0.0022 0.0015 0.0008 0.0015 0.0016 0.0039 0.0017 0.9847 
       Rad07 13 0.0005 0.0009 0.0027 0.0012 0.0006 0.0018 0.0016 0.0020 0.0017 0.9868 
       Rad08 13 0.0034 0.0097 0.2043 0.1533 0.0017 0.0214 0.0023 0.0104 0.0158 0.5778 
       Rad09 13 0.0009 0.0014 0.0038 0.0035 0.0006 0.0041 0.0017 0.0022 0.0019 0.9799 
       Rad10 13 0.0012 0.0032 0.0038 0.0018 0.0009 0.0031 0.0021 0.0063 0.0026 0.9750 
       Rad11 13 0.0005 0.0009 0.0222 0.1089 0.0006 0.0021 0.0019 0.0018 0.0025 0.8584 
       Rad12 13 0.0012 0.0117 0.0030 0.0026 0.0007 0.0146 0.0018 0.0834 0.0034 0.8777 
       Rad13 13 0.0006 0.0008 0.0022 0.0010 0.0006 0.0015 0.0014 0.0019 0.0017 0.9882 
       Rad14 13 0.0008 0.0015 0.0041 0.0020 0.0006 0.0147 0.0015 0.0023 0.0025 0.9700 
       Rad15 13 0.0014 0.0024 0.0884 0.1678 0.0008 0.0100 0.0023 0.0020 0.0028 0.7221 
       Rad16 13 0.0006 0.0008 0.0023 0.0013 0.0006 0.0015 0.0015 0.0019 0.0018 0.9878 
       HTB16 14 0.0515 0.0015 0.7254 0.0015 0.0007 0.0046 0.0131 0.1676 0.0299 0.0040 
       HTB17 14 0.0010 0.0158 0.7127 0.0010 0.0211 0.1012 0.0031 0.0654 0.0139 0.0648 
       HTB18 14 0.0403 0.0192 0.4742 0.0109 0.0012 0.1359 0.0095 0.0175 0.0066 0.2846 
       HTB19 14 0.0178 0.0012 0.9566 0.0010 0.0010 0.0016 0.0071 0.0059 0.0042 0.0037 
       HTB20 14 0.0014 0.1941 0.6153 0.0009 0.0033 0.0981 0.0125 0.0587 0.0040 0.0117 
       HTB21 14 0.0948 0.0097 0.6158 0.0015 0.0054 0.0599 0.0132 0.1482 0.0258 0.0256 
       HTB22 14 0.0016 0.0007 0.9724 0.0017 0.0009 0.0049 0.0027 0.0018 0.0042 0.0090 
       HTB23 14 0.0987 0.0018 0.8663 0.0038 0.0010 0.0050 0.0035 0.0074 0.0031 0.0094 
       HTB11 14 0.0023 0.0060 0.8992 0.0017 0.0050 0.0050 0.0065 0.0167 0.0108 0.0469 
       HTB12 14 0.0045 0.0041 0.7721 0.0014 0.0072 0.0516 0.0029 0.0157 0.0081 0.1323 
       HTB13 14 0.0054 0.0033 0.7140 0.0014 0.0038 0.0510 0.0027 0.0135 0.0076 0.1974 
       HTB14 14 0.0010 0.0026 0.8728 0.0032 0.0008 0.0031 0.0031 0.0061 0.1012 0.0061 
       HTB15 14 0.0293 0.0155 0.5124 0.0016 0.0043 0.0582 0.0805 0.2025 0.0634 0.0324 
       Nel01 15 0.0012 0.9851 0.0019 0.0009 0.0007 0.0012 0.0017 0.0035 0.0017 0.0021 
       Nel02 15 0.0009 0.4729 0.0045 0.3046 0.0010 0.0126 0.0042 0.0208 0.1652 0.0132 
       Nel03 15 0.0012 0.9851 0.0019 0.0009 0.0007 0.0012 0.0017 0.0037 0.0016 0.0020 
       Nel04 15 0.0013 0.9850 0.0018 0.0009 0.0007 0.0011 0.0017 0.0037 0.0016 0.0021 
       Nel05 15 0.0005 0.9846 0.0024 0.0017 0.0005 0.0021 0.0014 0.0022 0.0016 0.0030 
       Nel06 15 0.0005 0.9847 0.0025 0.0016 0.0006 0.0020 0.0014 0.0022 0.0017 0.0030 
       Nel07 15 0.0005 0.9845 0.0024 0.0015 0.0006 0.0020 0.0014 0.0022 0.0017 0.0031 
       Nel08 15 0.0008 0.7979 0.1599 0.0092 0.0007 0.0056 0.0044 0.0084 0.0084 0.0047 
       Nel09 15 0.0005 0.9849 0.0024 0.0016 0.0006 0.0019 0.0014 0.0021 0.0016 0.0030 
       Nel10 15 0.0010 0.4652 0.2471 0.0163 0.0005 0.0127 0.0030 0.0382 0.0045 0.2114 
       Nel11 15 0.0013 0.9849 0.0019 0.0009 0.0007 0.0012 0.0017 0.0037 0.0016 0.0021 
       Nel12 15 0.0005 0.9847 0.0024 0.0015 0.0006 0.0020 0.0014 0.0023 0.0016 0.0030 
       Nel13 15 0.0009 0.7900 0.0314 0.0050 0.0007 0.0072 0.0013 0.0200 0.0029 0.1406 
       Nel14 15 0.0005 0.9847 0.0025 0.0016 0.0006 0.0019 0.0014 0.0022 0.0017 0.0030 
         EI1 16 0.9702 0.0020 0.0046 0.0053 0.0007 0.0035 0.0014 0.0037 0.0015 0.0070 
        EI10 16 0.9825 0.0012 0.0029 0.0023 0.0006 0.0021 0.0014 0.0020 0.0015 0.0034 
        EI11 16 0.9729 0.0027 0.0059 0.0033 0.0008 0.0032 0.0016 0.0040 0.0016 0.0041 
        EI12 16 0.9311 0.0173 0.0105 0.0098 0.0011 0.0053 0.0017 0.0060 0.0017 0.0156 
         EI2 16 0.9693 0.0020 0.0077 0.0042 0.0006 0.0035 0.0013 0.0034 0.0015 0.0064 
         EI3 16 0.9306 0.0173 0.0105 0.0097 0.0010 0.0051 0.0017 0.0059 0.0017 0.0164 
         EI4 16 0.9728 0.0029 0.0059 0.0032 0.0007 0.0032 0.0016 0.0037 0.0017 0.0043 
         EI5 16 0.9658 0.0048 0.0044 0.0031 0.0009 0.0034 0.0016 0.0037 0.0017 0.0106 
         EI6 16 0.9824 0.0012 0.0029 0.0024 0.0006 0.0022 0.0014 0.0021 0.0015 0.0032 
         EI7 16 0.9778 0.0021 0.0048 0.0015 0.0007 0.0020 0.0021 0.0022 0.0018 0.0048 
         EI8 16 0.9661 0.0017 0.0034 0.0013 0.0087 0.0019 0.0075 0.0018 0.0035 0.0040 
         EI9 16 0.9741 0.0022 0.0043 0.0024 0.0007 0.0035 0.0014 0.0044 0.0015 0.0054 
        OL01 17 0.0006 0.0007 0.0021 0.9881 0.0006 0.0019 0.0015 0.0014 0.0015 0.0016 
        OL02 17 0.0008 0.0016 0.0097 0.8667 0.0007 0.0021 0.0021 0.1102 0.0025 0.0037 
        OL03 17 0.0006 0.0007 0.0021 0.9879 0.0006 0.0020 0.0015 0.0015 0.0015 0.0016 
        OL04 17 0.0006 0.0007 0.0020 0.9882 0.0006 0.0020 0.0015 0.0014 0.0015 0.0016 
        OL06 17 0.0006 0.0007 0.0020 0.9881 0.0006 0.0021 0.0015 0.0014 0.0015 0.0016 
       OSP01 17 0.0006 0.0008 0.0020 0.9881 0.0006 0.0019 0.0015 0.0014 0.0015 0.0017 
       OSP02 17 0.0006 0.0007 0.0021 0.9882 0.0006 0.0019 0.0015 0.0014 0.0015 0.0016 
       OSP03 17 0.0006 0.0008 0.0020 0.9880 0.0006 0.0020 0.0015 0.0015 0.0015 0.0016 
       OSP04 17 0.0006 0.0008 0.0021 0.9878 0.0006 0.0020 0.0016 0.0014 0.0015 0.0016 
       OSP05 17 0.0006 0.0007 0.0020 0.9880 0.0006 0.0020 0.0015 0.0014 0.0015 0.0017 
       OSP06 17 0.0006 0.0007 0.0021 0.9880 0.0006 0.0020 0.0015 0.0014 0.0015 0.0016 
       OSP07 17 0.0006 0.0007 0.0020 0.9881 0.0006 0.0020 0.0015 0.0014 0.0015 0.0016 
       OSP10 17 0.0006 0.0007 0.0020 0.9881 0.0006 0.0020 0.0015 0.0014 0.0015 0.0016 
       OSP11 17 0.0006 0.0007 0.0020 0.9881 0.0006 0.0019 0.0015 0.0014 0.0015 0.0016 
       OSP12 17 0.0006 0.0007 0.0020 0.9881 0.0006 0.0019 0.0015 0.0014 0.0015 0.0016 
       OSP13 17 0.0006 0.0007 0.0020 0.9881 0.0006 0.0019 0.0015 0.0014 0.0015 0.0016 
       OSP14 17 0.0006 0.0007 0.0021 0.9880 0.0006 0.0020 0.0015 0.0014 0.0015 0.0016 
        OY02 17 0.0007 0.0026 0.0022 0.9698 0.0008 0.0020 0.0027 0.0064 0.0028 0.0099 
        OY04 17 0.0008 0.0021 0.0027 0.9736 0.0007 0.0020 0.0024 0.0074 0.0024 0.0059 
        OY05 17 0.0007 0.0230 0.3024 0.6401 0.0007 0.0015 0.0078 0.0039 0.0124 0.0074 
        OY06 17 0.0015 0.0014 0.2583 0.7204 0.0007 0.0016 0.0035 0.0024 0.0087 0.0016 
        OY07 17 0.0013 0.0027 0.0023 0.8768 0.0019 0.0068 0.0056 0.0281 0.0041 0.0705 
        OY08 17 0.0014 0.0025 0.0024 0.8812 0.0019 0.0065 0.0053 0.0266 0.0041 0.0680 
        OY10 17 0.0010 0.0016 0.0192 0.8047 0.0153 0.0044 0.0042 0.1311 0.0157 0.0027 
        OY12 17 0.0009 0.0075 0.0465 0.8945 0.0007 0.0020 0.0375 0.0020 0.0060 0.0022 
        OY15 17 0.0019 0.0035 0.2317 0.7376 0.0007 0.0015 0.0033 0.0042 0.0132 0.0024 
        OY16 17 0.1932 0.0011 0.0356 0.4169 0.0011 0.0061 0.1072 0.0177 0.2194 0.0017 
        OY20 17 0.0008 0.0325 0.2175 0.7189 0.0007 0.0021 0.0104 0.0030 0.0082 0.0059 
        OY26 17 0.0009 0.0012 0.0312 0.9503 0.0007 0.0021 0.0049 0.0035 0.0034 0.0017 
        OY27 17 0.0020 0.0044 0.3689 0.6054 0.0007 0.0045 0.0028 0.0033 0.0067 0.0014 
       RHL02 17 0.0014 0.0073 0.5899 0.3617 0.0005 0.0129 0.0017 0.0052 0.0022 0.0171 
       RHL03 17 0.0010 0.0011 0.6070 0.3643 0.0005 0.0053 0.0018 0.0018 0.0019 0.0153 
       RHL05 17 0.0010 0.0011 0.6065 0.3644 0.0005 0.0055 0.0018 0.0018 0.0020 0.0153 
       RHL06 17 0.0012 0.0028 0.5843 0.3769 0.0006 0.0065 0.0017 0.0030 0.0021 0.0209 
       RHL07 17 0.0010 0.0009 0.6174 0.3595 0.0005 0.0045 0.0017 0.0017 0.0019 0.0110 
       RHL09 17 0.0010 0.0011 0.6077 0.3640 0.0006 0.0052 0.0018 0.0019 0.0020 0.0148 
       RHL11 17 0.0010 0.0010 0.6164 0.3604 0.0005 0.0042 0.0018 0.0016 0.0019 0.0112 
       RHL12 17 0.0014 0.0012 0.5196 0.4612 0.0005 0.0039 0.0018 0.0023 0.0021 0.0058 
       RHL13 17 0.0010 0.0011 0.6064 0.3646 0.0005 0.0054 0.0018 0.0018 0.0019 0.0155 
       RHL14 17 0.0010 0.0010 0.6060 0.3650 0.0005 0.0053 0.0018 0.0019 0.0020 0.0154 
       MOON1 17 0.0014 0.0195 0.4158 0.5182 0.0006 0.0033 0.0016 0.0081 0.0263 0.0053 
       Cre01 17 0.0006 0.0010 0.0020 0.9879 0.0006 0.0014 0.0014 0.0014 0.0016 0.0021 
       Cre02 17 0.0006 0.0008 0.0021 0.9883 0.0006 0.0015 0.0013 0.0015 0.0015 0.0018 
       Cre03 17 0.0006 0.0009 0.0020 0.9884 0.0006 0.0015 0.0014 0.0014 0.0016 0.0018 
       Cre04 17 0.0006 0.0008 0.0020 0.9884 0.0006 0.0015 0.0013 0.0015 0.0015 0.0018 
       Cre05 17 0.0006 0.0009 0.0020 0.9883 0.0006 0.0015 0.0013 0.0015 0.0016 0.0018 
       Cre06 17 0.0006 0.0009 0.0021 0.9873 0.0006 0.0013 0.0012 0.0012 0.0016 0.0032 
       Cre07 17 0.0006 0.0008 0.0020 0.9884 0.0006 0.0015 0.0013 0.0014 0.0016 0.0018 
       Cre08 17 0.0006 0.0007 0.0021 0.9871 0.0005 0.0024 0.0012 0.0016 0.0015 0.0023 
       Cre09 17 0.0006 0.0009 0.0021 0.9874 0.0006 0.0013 0.0012 0.0012 0.0016 0.0032 
       Cre10 17 0.0006 0.0008 0.0019 0.9887 0.0005 0.0014 0.0013 0.0018 0.0015 0.0017 
       Cre11 17 0.0006 0.0009 0.0020 0.9883 0.0006 0.0015 0.0014 0.0014 0.0015 0.0018 
       SSN31 17 0.0006 0.0008 0.0021 0.9865 0.0005 0.0024 0.0013 0.0025 0.0015 0.0017 
       SSN32 17 0.0006 0.0009 0.0021 0.9873 0.0006 0.0013 0.0012 0.0013 0.0016 0.0033 
       SSN33 17 0.0006 0.0010 0.0018 0.9872 0.0005 0.0020 0.0013 0.0022 0.0015 0.0019 
       SSN34 17 0.0006 0.0009 0.0021 0.9875 0.0006 0.0012 0.0013 0.0013 0.0015 0.0031 
       SSN35 17 0.0005 0.0009 0.0020 0.9883 0.0006 0.0015 0.0013 0.0015 0.0015 0.0018 
       SSN36 17 0.0006 0.0008 0.0020 0.9884 0.0006 0.0015 0.0013 0.0015 0.0016 0.0017 
       SSN38 17 0.0010 0.1688 0.0047 0.5687 0.0006 0.0018 0.0015 0.2467 0.0029 0.0033 
       SSN39 17 0.0005 0.0008 0.0020 0.9890 0.0005 0.0013 0.0013 0.0014 0.0015 0.0016 
       SSN40 17 0.0006 0.0007 0.0018 0.9291 0.0005 0.0021 0.0013 0.0017 0.0052 0.0569 
       SSN41 17 0.0005 0.0008 0.0019 0.9892 0.0005 0.0014 0.0013 0.0013 0.0015 0.0016 
       BCV44 17 0.0005 0.0010 0.0017 0.9879 0.0005 0.0018 0.0013 0.0015 0.0016 0.0023 
       BCV45 17 0.0006 0.0010 0.0016 0.9877 0.0005 0.0018 0.0013 0.0015 0.0015 0.0024 
       BCV46 17 0.0006 0.0010 0.0016 0.9877 0.0005 0.0018 0.0013 0.0016 0.0015 0.0024 
       BCV47 17 0.0006 0.0010 0.0016 0.9877 0.0005 0.0018 0.0013 0.0016 0.0016 0.0024 
       BCV48 17 0.0006 0.0009 0.0017 0.9876 0.0005 0.0018 0.0013 0.0016 0.0016 0.0025 
       BCV49 17 0.0006 0.0009 0.0016 0.9877 0.0005 0.0018 0.0013 0.0016 0.0015 0.0025 
       BCV50 17 0.0006 0.0010 0.0016 0.9878 0.0005 0.0018 0.0013 0.0016 0.0015 0.0024 
       BCV51 17 0.0006 0.0010 0.0017 0.9877 0.0005 0.0018 0.0013 0.0016 0.0015 0.0024 
       BCV52 17 0.0006 0.0009 0.0016 0.9878 0.0005 0.0018 0.0013 0.0016 0.0015 0.0024 
       BCV53 17 0.0006 0.0010 0.0017 0.9878 0.0005 0.0018 0.0013 0.0015 0.0015 0.0023 
      SSBC01 17 0.0006 0.0009 0.0017 0.9876 0.0005 0.0018 0.0013 0.0016 0.0016 0.0024 
      SSBC02 17 0.0006 0.0010 0.0017 0.9875 0.0005 0.0018 0.0013 0.0016 0.0016 0.0025 
      SSBC03 17 0.0006 0.0009 0.0017 0.9876 0.0005 0.0018 0.0013 0.0016 0.0016 0.0025 
      SSBC04 17 0.0006 0.0010 0.0016 0.9878 0.0005 0.0018 0.0013 0.0015 0.0015 0.0023 
      SSBC05 17 0.0006 0.0009 0.0016 0.9879 0.0005 0.0018 0.0013 0.0016 0.0015 0.0023 
      SSBC06 17 0.0046 0.0010 0.0100 0.9511 0.0005 0.0018 0.0016 0.0016 0.0032 0.0246 
      SSBC07 17 0.0006 0.0010 0.0016 0.9876 0.0005 0.0018 0.0013 0.0016 0.0015 0.0025 
       LCV01 17 0.0006 0.0009 0.0029 0.9862 0.0008 0.0015 0.0014 0.0018 0.0017 0.0021 
       LCV02 17 0.0005 0.0009 0.0028 0.9866 0.0008 0.0015 0.0014 0.0017 0.0018 0.0020 
