        TC01  1 0.0009 0.0061 0.0126 0.0061 0.0019 0.0018 0.9707 
        TC02  1 0.0019 0.0072 0.0029 0.0019 0.0010 0.0024 0.9827 
        TC03  1 0.0027 0.0050 0.0014 0.0029 0.0012 0.0033 0.9835 
        TC04  1 0.0022 0.0366 0.0012 0.0209 0.0009 0.0176 0.9205 
        TC05  1 0.0012 0.0153 0.0007 0.0009 0.0006 0.0026 0.9788 
        TC06  1 0.0010 0.0071 0.0008 0.0019 0.0023 0.0437 0.9431 
        TC07  1 0.0012 0.0194 0.0043 0.0011 0.0007 0.0029 0.9704 
        TC08  1 0.0019 0.0042 0.0010 0.0007 0.0006 0.0065 0.9852 
        TC09  1 0.0007 0.0076 0.0009 0.0011 0.0119 0.0311 0.9466 
        TC10  1 0.0017 0.0056 0.0026 0.0008 0.0784 0.0042 0.9066 
        TC11  1 0.0015 0.0022 0.0019 0.0013 0.0010 0.0014 0.9908 
        TC12  1 0.0018 0.0263 0.0045 0.0083 0.0009 0.0041 0.9541 
        TC13  1 0.0012 0.0025 0.0007 0.0008 0.0022 0.0033 0.9893 
        TC14  1 0.0041 0.0089 0.0014 0.0060 0.0048 0.0423 0.9324 
        TC15  1 0.0031 0.0121 0.0006 0.0026 0.0048 0.0323 0.9446 
        TC16  1 0.0019 0.0162 0.0011 0.0017 0.0038 0.0921 0.8833 
        TC17  1 0.0117 0.0756 0.0027 0.0047 0.0212 0.0101 0.8742 
        TC18  1 0.0162 0.0196 0.0017 0.0547 0.0011 0.0042 0.9026 
        TC19  1 0.0010 0.0023 0.0009 0.0007 0.0056 0.0027 0.9867 
        TC20  1 0.0010 0.0027 0.0016 0.0038 0.0013 0.0039 0.9857 
        TC21  1 0.0040 0.2563 0.0031 0.0141 0.0007 0.0048 0.7170 
        TC22  1 0.0100 0.0244 0.0019 0.0014 0.0005 0.0104 0.9514 
        TC23  1 0.0019 0.0033 0.0026 0.0014 0.0012 0.0033 0.9863 
        TC24  1 0.0012 0.0020 0.0006 0.0005 0.0021 0.0018 0.9918 
        TC25  1 0.0022 0.0075 0.0111 0.0370 0.0063 0.1424 0.7935 
        TC26  1 0.0010 0.0055 0.0007 0.0007 0.0135 0.0076 0.9710 
        TC27  1 0.0343 0.0056 0.0009 0.0012 0.0009 0.0094 0.9478 
        TC28  1 0.0024 0.0087 0.0010 0.0018 0.0018 0.0123 0.9720 
        TC29  1 0.0015 0.0167 0.0026 0.0051 0.0026 0.0210 0.9505 
        TC30  1 0.0009 0.0034 0.0009 0.0008 0.0018 0.0055 0.9866 
        TC31  1 0.0061 0.0085 0.0151 0.0182 0.0010 0.0027 0.9484 
        TC32  1 0.0010 0.1013 0.0011 0.0013 0.0022 0.0589 0.8342 
        TC33  1 0.0033 0.0064 0.0048 0.0015 0.0016 0.0033 0.9793 
        TC34  1 0.0054 0.0065 0.0012 0.0011 0.0099 0.0846 0.8914 
        TC35  1 0.0015 0.0040 0.0054 0.0063 0.0012 0.0031 0.9785 
        TC36  1 0.0016 0.0062 0.0011 0.0010 0.0012 0.0028 0.9862 
        TC37  1 0.0019 0.0039 0.0013 0.0015 0.0005 0.0011 0.9899 
        TC38  1 0.0011 0.0042 0.0025 0.0182 0.0056 0.0088 0.9597 
        TC39  1 0.0011 0.0053 0.0010 0.0029 0.0315 0.0111 0.9471 
        TC40  1 0.0076 0.0088 0.0010 0.0019 0.0038 0.0255 0.9513 
        TC41  1 0.0013 0.0041 0.0026 0.0009 0.0011 0.0019 0.9881 
        TC42  1 0.0010 0.0028 0.0008 0.0006 0.0014 0.0062 0.9873 
        TC43  1 0.0017 0.0033 0.0007 0.0017 0.0007 0.0039 0.9881 
        TC44  1 0.0029 0.0069 0.0042 0.0010 0.0064 0.0096 0.9690 
        TC45  1 0.0007 0.0035 0.0011 0.0085 0.0022 0.0012 0.9829 
        TC46  1 0.0046 0.0148 0.0010 0.0080 0.0020 0.0019 0.9677 
        TC47  1 0.0041 0.0042 0.0011 0.0017 0.0026 0.0072 0.9791 
        TC48  1 0.0094 0.0299 0.0016 0.0098 0.0023 0.0047 0.9424 
        TC49  1 0.0016 0.0091 0.0018 0.0014 0.0021 0.0025 0.9816 
        TC50  1 0.0059 0.0127 0.0018 0.0034 0.0009 0.0024 0.9729 
        TC51  1 0.0017 0.0075 0.0049 0.0018 0.0011 0.0700 0.9128 
        TC52  1 0.0011 0.0128 0.0007 0.0064 0.0010 0.0080 0.9700 
        TC53  1 0.0014 0.0051 0.0012 0.0006 0.0012 0.0042 0.9863 
        TC54  1 0.0123 0.0248 0.0017 0.0024 0.0020 0.0101 0.9466 
        TC55  1 0.0029 0.0195 0.0009 0.0033 0.0117 0.0108 0.9508 
        TC56  1 0.0085 0.0083 0.0046 0.0151 0.0007 0.0069 0.9560 
        TC57  1 0.0094 0.0107 0.0010 0.0017 0.0016 0.0017 0.9739 
        TC58  1 0.0015 0.0060 0.0099 0.0011 0.0074 0.0037 0.9702 
        TC59  1 0.0011 0.0029 0.0008 0.0006 0.0009 0.0024 0.9913 
        TA01  2 0.0017 0.0038 0.0008 0.0008 0.0035 0.0056 0.9838 
        TA02  2 0.0022 0.0051 0.0006 0.0010 0.0009 0.0017 0.9885 
        TA03  2 0.0083 0.0055 0.0014 0.0012 0.0016 0.0027 0.9794 
        TA04  2 0.0015 0.0034 0.0008 0.0007 0.0010 0.2503 0.7422 
        TA05  2 0.0021 0.0049 0.0011 0.0018 0.0010 0.0018 0.9873 
        TA06  2 0.0010 0.0023 0.0017 0.0007 0.0023 0.0062 0.9858 
        TA07  2 0.0019 0.0072 0.0026 0.0012 0.0012 0.0020 0.9839 
        TA08  2 0.0199 0.0020 0.0008 0.0019 0.0011 0.0081 0.9663 
        TA09  2 0.0012 0.0028 0.0007 0.0006 0.0014 0.0039 0.9895 
        TA10  2 0.0010 0.0065 0.0877 0.0008 0.0011 0.0038 0.8991 
        TA11  2 0.0047 0.0087 0.0872 0.0034 0.0381 0.0052 0.8528 
        TA12  2 0.0013 0.0358 0.0451 0.0009 0.0009 0.0013 0.9148 
        TA13  2 0.0017 0.1574 0.0232 0.0010 0.0008 0.0125 0.8034 
        TA14  2 0.0011 0.0022 0.0005 0.0005 0.0031 0.0052 0.9874 
        TA15  2 0.0010 0.0040 0.0010 0.0006 0.0008 0.0050 0.9876 
        TA16  2 0.0012 0.0085 0.0216 0.0008 0.0021 0.0086 0.9573 
        TA17  2 0.0056 0.0101 0.0014 0.0008 0.0008 0.0044 0.9768 
        TA18  2 0.0013 0.0628 0.0057 0.0007 0.0005 0.0030 0.9260 
        TA19  2 0.0452 0.0141 0.0061 0.0009 0.0014 0.0287 0.9037 
        TA20  2 0.0223 0.0088 0.0009 0.0016 0.0035 0.0022 0.9606 
        TA21  2 0.0033 0.0089 0.0013 0.0015 0.0184 0.0059 0.9608 
        TA22  2 0.0028 0.0033 0.0006 0.0008 0.0008 0.0132 0.9785 
        TA23  2 0.0012 0.0025 0.0007 0.0007 0.0010 0.0086 0.9854 
        TA24  2 0.0038 0.0139 0.0010 0.0009 0.0009 0.0028 0.9767 
        TA25  2 0.0008 0.0064 0.2140 0.0007 0.0011 0.0072 0.7697 
        TA26  2 0.0023 0.0042 0.0045 0.0019 0.0167 0.0067 0.9637 
        TA27  2 0.0031 0.0128 0.0014 0.0006 0.0012 0.0043 0.9765 
        TA28  2 0.0073 0.0200 0.0007 0.0110 0.0017 0.0021 0.9572 
        TA29  2 0.0026 0.0046 0.0013 0.0009 0.0012 0.0145 0.9749 
        TA30  2 0.0106 0.0097 0.0016 0.0014 0.0932 0.0828 0.8007 
      BERM01  3 0.0008 0.0016 0.0006 0.0005 0.0012 0.9937 0.0015 
      BERM02  3 0.0008 0.0019 0.0006 0.0007 0.0017 0.9915 0.0029 
      BERM03  3 0.0010 0.0020 0.0007 0.0006 0.0016 0.9925 0.0015 
      BERM04  3 0.0011 0.0017 0.0009 0.0007 0.0027 0.9918 0.0012 
      BERM05  3 0.0013 0.0023 0.0010 0.0010 0.0011 0.9922 0.0011 
      BERM06  3 0.0009 0.0022 0.0005 0.0009 0.0118 0.9815 0.0023 
      BERM07  3 0.0012 0.0018 0.0009 0.0007 0.0020 0.9909 0.0025 
      BERM08  3 0.0007 0.0014 0.0005 0.0007 0.0006 0.9944 0.0016 
      BERM09  3 0.0008 0.0016 0.0007 0.0005 0.0011 0.8095 0.1858 
      BERM10  3 0.0015 0.0027 0.0006 0.0013 0.0097 0.9815 0.0027 
      BERM11  3 0.0009 0.0017 0.0008 0.0008 0.0014 0.9899 0.0046 
      BERM12  3 0.0010 0.0026 0.0154 0.0223 0.0025 0.9505 0.0057 
      BERM13  3 0.0009 0.0022 0.0007 0.0006 0.0005 0.9930 0.0021 
      BERM14  3 0.0009 0.0019 0.0010 0.0006 0.0155 0.9764 0.0039 
      CROC01  3 0.0081 0.0065 0.0014 0.0010 0.0008 0.9799 0.0022 
      CROC02  3 0.0015 0.0107 0.0014 0.0029 0.0136 0.9649 0.0049 
      CROC03  3 0.0019 0.0026 0.0009 0.0031 0.0059 0.9813 0.0043 
      CROC04  3 0.0010 0.0158 0.0009 0.0005 0.0007 0.9008 0.0803 
      CROC05  3 0.0008 0.0024 0.0010 0.0007 0.0042 0.9896 0.0014 
      CROC06  3 0.0077 0.0232 0.0274 0.0013 0.0031 0.9271 0.0102 
      CROC07  3 0.0011 0.0024 0.0006 0.0007 0.0015 0.9902 0.0035 
      CROC08  3 0.0375 0.0027 0.0014 0.0020 0.0013 0.9533 0.0018 
      CROC09  3 0.0015 0.0027 0.0006 0.0011 0.0069 0.9857 0.0016 
      CROC10  3 0.0007 0.0019 0.0009 0.0008 0.0010 0.9931 0.0015 
      CROC11  3 0.0015 0.0027 0.0006 0.0011 0.0069 0.9857 0.0015 
     CROC110  3 0.0017 0.0113 0.0006 0.0006 0.0029 0.9774 0.0055 
     CROC116  3 0.0019 0.0095 0.0009 0.0026 0.0111 0.9687 0.0053 
      CROC12  3 0.0008 0.0025 0.0006 0.0006 0.0019 0.9919 0.0017 
     CROC123  3 0.0006 0.0015 0.0004 0.0007 0.0036 0.9913 0.0018 
      CROC13  3 0.0011 0.0018 0.0011 0.0026 0.0075 0.9844 0.0016 
      CROC14  3 0.0011 0.0073 0.0813 0.0012 0.0086 0.8960 0.0045 
      CROC15  3 0.0047 0.1106 0.0028 0.0035 0.0012 0.8749 0.0023 
      CROC16  3 0.0020 0.0060 0.0009 0.0093 0.0118 0.9687 0.0013 
      CROC17  3 0.0007 0.0048 0.0005 0.0007 0.0010 0.9395 0.0528 
      CROC18  3 0.0011 0.0117 0.0010 0.0117 0.0017 0.9680 0.0048 
      CROC19  3 0.0018 0.0042 0.0012 0.0009 0.0007 0.9873 0.0038 
     CROC198  3 0.0013 0.0019 0.0012 0.0007 0.0165 0.9767 0.0017 
      CROC20  3 0.0019 0.0045 0.0009 0.0014 0.0023 0.9874 0.0016 
     CROC202  3 0.0013 0.0021 0.0012 0.0047 0.0048 0.9841 0.0017 
      CROC21  3 0.0010 0.0024 0.0008 0.0009 0.0009 0.9916 0.0025 
     CROC216  3 0.0030 0.0260 0.0007 0.0013 0.0008 0.9308 0.0373 
      CROC22  3 0.0008 0.0091 0.0398 0.0012 0.0127 0.9280 0.0085 
      CROC23  3 0.0011 0.0023 0.0006 0.0009 0.0007 0.9859 0.0085 
      CROC24  3 0.0011 0.0023 0.0007 0.0022 0.0102 0.9809 0.0026 
      CROC25  3 0.0009 0.0018 0.0008 0.0006 0.0025 0.9916 0.0019 
     CROC259  3 0.0011 0.0023 0.0040 0.0011 0.0011 0.9733 0.0171 
      CROC26  3 0.0018 0.0019 0.0012 0.0009 0.0015 0.9178 0.0748 
      CROC27  3 0.0026 0.0036 0.0009 0.0009 0.0049 0.9331 0.0541 
      CROC28  3 0.0010 0.0018 0.0008 0.0006 0.0876 0.8628 0.0454 
      CROC29  3 0.0013 0.0025 0.0007 0.0008 0.0018 0.9906 0.0023 
      CROC30  3 0.0021 0.0117 0.0010 0.0020 0.0031 0.9768 0.0032 
      CROC31  3 0.0012 0.0196 0.0008 0.0008 0.0022 0.9274 0.0479 
      CROC32  3 0.0008 0.0021 0.0010 0.0007 0.0177 0.9761 0.0016 
      CROC33  3 0.0172 0.0149 0.0004 0.0018 0.0010 0.9415 0.0232 
      CROC34  3 0.0015 0.0021 0.0011 0.0008 0.0008 0.9917 0.0020 
      CROC35  3 0.0006 0.0058 0.0006 0.0012 0.0010 0.9590 0.0317 
      CROC36  3 0.0007 0.0017 0.0008 0.0007 0.0021 0.9929 0.0011 
      CROC57  3 0.0012 0.0020 0.0017 0.0008 0.0011 0.9919 0.0014 
      CROC81  3 0.0023 0.0037 0.0009 0.0107 0.0052 0.9755 0.0018 
      CROC84  3 0.0006 0.0023 0.0032 0.0048 0.0014 0.9837 0.0039 
        FW01  3 0.0008 0.0013 0.0006 0.0007 0.9947 0.0011 0.0009 
        FW02  3 0.0006 0.0013 0.0006 0.0005 0.0008 0.9950 0.0012 
        FW03  3 0.0006 0.0011 0.0005 0.0005 0.9955 0.0009 0.0008 
        FW04  3 0.0006 0.0013 0.0006 0.0005 0.0008 0.9950 0.0012 
        FW05  3 0.0007 0.0013 0.0006 0.0005 0.0008 0.9950 0.0012 
        FW06  3 0.0006 0.0013 0.0006 0.0005 0.0008 0.9950 0.0011 
        FW07  3 0.0006 0.0011 0.0004 0.0005 0.9955 0.0009 0.0008 
        FW08  3 0.0006 0.0013 0.0006 0.0005 0.0008 0.9951 0.0011 
        FW09  3 0.0007 0.0013 0.0006 0.0005 0.0008 0.9950 0.0012 
        FW10  3 0.0006 0.0011 0.0005 0.0005 0.9955 0.0009 0.0008 
       FW100  3 0.0006 0.0011 0.0005 0.0005 0.9954 0.0010 0.0009 
       FW101  3 0.0006 0.0011 0.0005 0.0005 0.9955 0.0009 0.0009 
       FW102  3 0.0007 0.0013 0.0006 0.0005 0.0008 0.9950 0.0012 
       FW103  3 0.0006 0.0013 0.0006 0.0005 0.0008 0.9950 0.0012 
       FW104  3 0.0007 0.0013 0.0006 0.0006 0.9947 0.0011 0.0009 
       FW105  3 0.0006 0.0011 0.0005 0.0005 0.9956 0.0009 0.0008 
       FW106  3 0.0033 0.0172 0.0008 0.0027 0.0023 0.9672 0.0065 
       FW107  3 0.0007 0.0013 0.0006 0.0006 0.9947 0.0010 0.0010 
       FW108  3 0.0006 0.0013 0.0006 0.0004 0.0008 0.9950 0.0012 
       FW109  3 0.0006 0.0011 0.0005 0.0005 0.9955 0.0009 0.0008 
        FW11  3 0.0006 0.0011 0.0005 0.0005 0.9954 0.0010 0.0008 
       FW110  3 0.0006 0.0011 0.0005 0.0005 0.9955 0.0009 0.0008 
       FW111  3 0.0006 0.0013 0.0006 0.0004 0.0008 0.9950 0.0012 
       FW112  3 0.0006 0.0011 0.0005 0.0005 0.9954 0.0010 0.0008 
       FW113  3 0.0006 0.0013 0.0006 0.0005 0.0008 0.9950 0.0012 
       FW114  3 0.0007 0.0014 0.0005 0.0005 0.9939 0.0011 0.0019 
       FW115  3 0.0006 0.0011 0.0005 0.0005 0.9955 0.0009 0.0009 
       FW116  3 0.0007 0.0013 0.0006 0.0004 0.0008 0.9949 0.0012 
        FW12  3 0.0007 0.0013 0.0006 0.0005 0.0008 0.9950 0.0012 
        FW13  3 0.0006 0.0013 0.0006 0.0005 0.0008 0.9950 0.0012 
        FW14  3 0.0008 0.0013 0.0006 0.0007 0.9947 0.0010 0.0009 
        FW15  3 0.0008 0.0014 0.0006 0.0006 0.9947 0.0010 0.0009 
        FW16  3 0.0006 0.0011 0.0005 0.0005 0.9955 0.0009 0.0009 
        FW17  3 0.0006 0.0011 0.0005 0.0005 0.9955 0.0009 0.0009 
        FW18  3 0.0006 0.0011 0.0005 0.0005 0.9954 0.0010 0.0009 
        FW19  3 0.0006 0.0013 0.0006 0.0005 0.0008 0.9950 0.0012 
        FW20  3 0.0006 0.0013 0.0006 0.0004 0.0008 0.9949 0.0012 
        FW21  3 0.0006 0.0013 0.0006 0.0005 0.0008 0.9950 0.0012 
        FW22  3 0.0006 0.0011 0.0005 0.0005 0.9954 0.0010 0.0009 
        FW23  3 0.0007 0.0013 0.0006 0.0004 0.0008 0.9950 0.0012 
        FW24  3 0.0007 0.0013 0.0006 0.0005 0.0008 0.9950 0.0012 
        FW25  3 0.0006 0.0013 0.0006 0.0004 0.0008 0.9950 0.0012 
        FW26  3 0.0007 0.0014 0.0006 0.0004 0.0008 0.9950 0.0012 
        FW27  3 0.0006 0.0011 0.0005 0.0005 0.9955 0.0009 0.0009 
        FW28  3 0.0007 0.0013 0.0006 0.0004 0.0008 0.9951 0.0011 
        FW29  3 0.0007 0.0013 0.0006 0.0005 0.0008 0.9950 0.0012 
        FW30  3 0.0034 0.0168 0.0008 0.0026 0.0024 0.9674 0.0066 
        FW32  3 0.0008 0.0014 0.0006 0.0007 0.9947 0.0010 0.0009 
        FW33  3 0.0006 0.0014 0.0006 0.0004 0.0008 0.9950 0.0012 
        FW34  3 0.0006 0.0013 0.0006 0.0005 0.0008 0.9950 0.0012 
        FW35  3 0.0006 0.0013 0.0006 0.0005 0.0008 0.9950 0.0012 
        FW36  3 0.0007 0.0014 0.0006 0.0005 0.0008 0.9949 0.0012 
        FW37  3 0.0006 0.0012 0.0005 0.0005 0.9955 0.0009 0.0008 
        FW51  3 0.0007 0.0013 0.0006 0.0004 0.0008 0.9951 0.0011 
        FW52  3 0.0006 0.0011 0.0005 0.0005 0.9955 0.0009 0.0009 
        FW53  3 0.0007 0.0013 0.0006 0.0004 0.0009 0.9949 0.0012 
        FW54  3 0.0006 0.0011 0.0005 0.0005 0.9955 0.0009 0.0009 
        FW55  3 0.0006 0.0013 0.0006 0.0005 0.0008 0.9950 0.0012 
        FW56  3 0.0007 0.0013 0.0006 0.0004 0.0008 0.9949 0.0012 
        FW57  3 0.0006 0.0013 0.0006 0.0004 0.0008 0.9950 0.0012 
        FW78  3 0.0007 0.0013 0.0006 0.0005 0.0008 0.9949 0.0012 
        FW79  3 0.0007 0.0013 0.0006 0.0005 0.0008 0.9950 0.0012 
        FW80  3 0.0007 0.0013 0.0006 0.0005 0.0009 0.9950 0.0011 
        FW81  3 0.0006 0.0011 0.0005 0.0005 0.9955 0.0009 0.0009 
        FW82  3 0.0006 0.0012 0.0005 0.0005 0.9954 0.0009 0.0009 
        FW83  3 0.0008 0.0014 0.0006 0.0007 0.9947 0.0010 0.0009 
        FW84  3 0.0006 0.0013 0.0006 0.0005 0.0008 0.9950 0.0012 
        FW85  3 0.0006 0.0078 0.0005 0.0091 0.9757 0.0010 0.0054 
        FW86  3 0.0006 0.0011 0.0005 0.0005 0.9954 0.0010 0.0009 
        FW87  3 0.0006 0.0011 0.0005 0.0005 0.9954 0.0010 0.0009 
        FW88  3 0.0006 0.0013 0.0006 0.0005 0.0008 0.9950 0.0012 
        FW89  3 0.0006 0.0013 0.0006 0.0004 0.0008 0.9950 0.0012 
        FW90  3 0.0006 0.0013 0.0006 0.0004 0.0008 0.9950 0.0012 
        FW91  3 0.0006 0.0011 0.0004 0.0005 0.9956 0.0009 0.0008 
        FW92  3 0.0007 0.0013 0.0006 0.0004 0.0008 0.9951 0.0012 
        FW93  3 0.0007 0.0013 0.0006 0.0004 0.0008 0.9950 0.0012 
        FW94  3 0.0006 0.0011 0.0005 0.0005 0.9955 0.0009 0.0009 
        FW95  3 0.0006 0.0013 0.0006 0.0005 0.0008 0.9950 0.0012 
        FW96  3 0.0007 0.0013 0.0006 0.0005 0.0008 0.9950 0.0012 
        FW97  3 0.0030 0.0047 0.0050 0.0015 0.0096 0.9729 0.0033 
        FW98  3 0.0006 0.0012 0.0005 0.0005 0.9955 0.0009 0.0008 
        FW99  3 0.0006 0.0013 0.0006 0.0004 0.0008 0.9950 0.0012 
       Cal01  3 0.0016 0.0020 0.0008 0.0007 0.0007 0.9920 0.0021 
       Cal02  3 0.0010 0.0032 0.0008 0.0010 0.0022 0.9900 0.0018 
       Cal03  3 0.0011 0.0027 0.0004 0.0012 0.0885 0.9043 0.0018 
       Cal04  3 0.0029 0.0043 0.0008 0.0016 0.0021 0.9860 0.0023 
       Cal05  3 0.0007 0.0013 0.0004 0.0006 0.0034 0.9881 0.0054 
       Cal06  3 0.0009 0.0036 0.0009 0.0008 0.0007 0.9885 0.0045 
       Cal07  3 0.0006 0.0015 0.0006 0.0005 0.0009 0.9873 0.0086 
       Cal08  3 0.0015 0.0028 0.0015 0.0011 0.0117 0.9796 0.0018 
       Cal09  3 0.0009 0.0038 0.0006 0.0026 0.0020 0.9684 0.0218 
       Cal10  3 0.0021 0.0037 0.0006 0.0010 0.0035 0.9867 0.0024 
       Cal11  3 0.0011 0.0022 0.0062 0.0007 0.0041 0.9826 0.0031 
      Cal197  3 0.0007 0.0021 0.0005 0.0005 0.0008 0.9937 0.0018 
      Cal198  3 0.0652 0.0035 0.0005 0.0006 0.0301 0.8710 0.0291 
      Cal199  3 0.0131 0.0023 0.0007 0.0010 0.0019 0.9790 0.0020 
      Cal200  3 0.0012 0.0128 0.0011 0.0018 0.0064 0.9415 0.0352 
      Cal201  3 0.0006 0.0021 0.0007 0.0005 0.0048 0.9857 0.0056 
      Cal202  3 0.0233 0.0170 0.0006 0.0070 0.0015 0.9482 0.0024 
      Cal203  3 0.0012 0.0023 0.0015 0.0008 0.0082 0.9843 0.0017 
      Cal204  3 0.0012 0.0022 0.0010 0.0010 0.0005 0.9922 0.0020 
      Cal205  3 0.0013 0.0025 0.0004 0.0007 0.0016 0.9912 0.0022 
      Cal206  3 0.0011 0.0030 0.0006 0.0015 0.0028 0.9894 0.0016 
      Cal207  3 0.0014 0.0023 0.0005 0.0006 0.0006 0.9916 0.0029 
      Cal208  3 0.0013 0.0020 0.0007 0.0008 0.0044 0.9896 0.0012 
      Cal209  3 0.0009 0.0016 0.0006 0.0007 0.0015 0.9934 0.0013 
      Cal210  3 0.0130 0.0023 0.0007 0.0009 0.0018 0.9793 0.0020 
      Cal211  3 0.0008 0.0019 0.0006 0.0005 0.0008 0.9933 0.0021 
      Cal212  3 0.0012 0.0028 0.0006 0.0008 0.0049 0.9872 0.0026 
      Cal213  3 0.0151 0.0223 0.0004 0.0008 0.0315 0.7955 0.1343 
      Cal214  3 0.0589 0.0062 0.0006 0.0010 0.0020 0.9299 0.0014 
      Cal215  3 0.0026 0.0030 0.0011 0.0024 0.0023 0.9869 0.0017 
      Cal216  3 0.0013 0.0031 0.0007 0.0012 0.0043 0.9859 0.0035 
      Cal217  3 0.0007 0.0016 0.0006 0.0005 0.0013 0.9932 0.0021 
      Cal218  3 0.0010 0.0024 0.0005 0.0007 0.0066 0.9854 0.0034 
      Cal219  3 0.0008 0.0026 0.0008 0.0007 0.0053 0.9882 0.0016 
      Cal220  3 0.0016 0.0033 0.0010 0.0005 0.0011 0.9910 0.0016 
      Cal221  3 0.0016 0.0021 0.0005 0.0009 0.0063 0.9862 0.0024 
      Cal222  3 0.0031 0.0020 0.0006 0.0008 0.0024 0.9887 0.0024 
      Cal223  3 0.0061 0.0055 0.0012 0.0007 0.0058 0.8164 0.1643 
      Cal224  3 0.0766 0.0037 0.0015 0.0068 0.0008 0.9070 0.0037 
       Cal33  3 0.0008 0.0027 0.0005 0.0006 0.0024 0.9913 0.0016 
       Cal34  3 0.0020 0.0031 0.0006 0.0011 0.0029 0.9867 0.0036 
       Cal35  3 0.0007 0.0022 0.0006 0.0007 0.0010 0.9926 0.0022 
       Cal37  3 0.0008 0.0130 0.0005 0.0008 0.0012 0.9773 0.0064 
       Cal38  3 0.0007 0.0015 0.0005 0.0004 0.0007 0.9939 0.0022 
       Cal39  3 0.0009 0.0016 0.0008 0.0015 0.0325 0.9601 0.0027 
       Cal40  3 0.0009 0.0016 0.0006 0.0007 0.0016 0.9933 0.0013 
       Cal41  3 0.0009 0.0015 0.0006 0.0007 0.0016 0.9931 0.0015 
       Cal42  3 0.0010 0.0021 0.0010 0.0008 0.0011 0.9928 0.0012 
       Cal43  3 0.0012 0.0025 0.0006 0.0006 0.0022 0.9910 0.0020 
       Cal44  3 0.0023 0.0043 0.0010 0.0010 0.0059 0.9826 0.0027 
        BW41  3 0.0020 0.0036 0.0007 0.0279 0.0010 0.9615 0.0031 
        BW42  3 0.0012 0.0060 0.0008 0.0008 0.0195 0.9684 0.0034 
        BW44  3 0.0011 0.0020 0.0009 0.0005 0.0018 0.9822 0.0115 
        BW45  3 0.0006 0.0014 0.0005 0.0004 0.0011 0.9923 0.0036 
        BW46  3 0.0019 0.0037 0.0006 0.0014 0.0510 0.9387 0.0028 
        BW47  3 0.0007 0.0158 0.0007 0.0207 0.0010 0.9531 0.0079 
        BW48  3 0.0017 0.0045 0.0012 0.0020 0.0114 0.9719 0.0074 
        BW49  3 0.0008 0.0020 0.0010 0.0006 0.0007 0.9886 0.0064 
        BW50  3 0.0009 0.0019 0.0007 0.0010 0.0055 0.9883 0.0016 
        BW51  3 0.0014 0.0021 0.0005 0.0008 0.0182 0.9227 0.0543 
        BW52  3 0.0009 0.0018 0.0023 0.0006 0.0028 0.9899 0.0017 
        BW53  3 0.0021 0.0183 0.0005 0.0008 0.0013 0.9710 0.0059 
        BW54  3 0.0043 0.1238 0.0009 0.0033 0.0072 0.8404 0.0201 
        BW55  3 0.0025 0.0035 0.0015 0.0016 0.0265 0.9587 0.0057 
        BW56  3 0.0009 0.0019 0.0006 0.0015 0.0006 0.9924 0.0021 
        BW57  3 0.0016 0.0035 0.0006 0.0006 0.0016 0.9891 0.0030 
        BW58  3 0.0013 0.0030 0.0005 0.0008 0.0064 0.9837 0.0043 
        BW59  3 0.0007 0.0023 0.0006 0.0007 0.0031 0.9908 0.0019 
        BW60  3 0.0009 0.0018 0.0007 0.0007 0.0104 0.9834 0.0020 
        BW61  3 0.0011 0.0145 0.0012 0.0766 0.0084 0.8920 0.0062 
        BW62  3 0.0012 0.0048 0.0007 0.0025 0.0124 0.9724 0.0060 
        BW63  3 0.0014 0.0746 0.0009 0.0012 0.0261 0.8336 0.0622 
        BW64  3 0.0008 0.0019 0.0006 0.0006 0.0033 0.9910 0.0018 
        BW65  3 0.0047 0.0085 0.0011 0.0066 0.0017 0.9657 0.0117 
        BW66  3 0.0013 0.0021 0.0021 0.0016 0.0066 0.9802 0.0062 
        BW67  3 0.0012 0.0019 0.0006 0.0006 0.0011 0.9107 0.0838 
        BW68  3 0.0010 0.0047 0.0006 0.0019 0.0016 0.9857 0.0046 
        BW69  3 0.0012 0.0023 0.0009 0.0435 0.0068 0.9433 0.0020 
        BW70  3 0.0015 0.0021 0.0007 0.0006 0.0023 0.9884 0.0043 
        BW71  3 0.0006 0.0013 0.0006 0.0005 0.0006 0.9946 0.0018 
        BW72  3 0.0018 0.0065 0.0011 0.0042 0.0013 0.9827 0.0025 
        BW73  3 0.0010 0.0175 0.0156 0.0271 0.0007 0.9310 0.0071 
        BW74  3 0.0020 0.0047 0.0007 0.0018 0.0350 0.9439 0.0120 
        BW75  3 0.0025 0.0098 0.0105 0.0007 0.0008 0.9672 0.0086 
        BW76  3 0.0018 0.0027 0.0010 0.0026 0.0008 0.9884 0.0028 
        BW77  3 0.0017 0.0326 0.0008 0.0020 0.0027 0.8788 0.0813 
        BW78  3 0.0014 0.0017 0.0008 0.0008 0.0044 0.9866 0.0043 
        BW79  3 0.0009 0.0039 0.0006 0.0007 0.0022 0.9887 0.0030 
        BW80  3 0.0010 0.0037 0.0007 0.0007 0.0069 0.9849 0.0022 
        BW81  3 0.0016 0.0031 0.0006 0.0007 0.0239 0.9651 0.0049 
       BWS05  3 0.0030 0.0161 0.0021 0.0198 0.0099 0.9350 0.0141 
       BWS06  3 0.0022 0.0023 0.0010 0.0008 0.2105 0.7803 0.0029 
       BWS07  3 0.0008 0.0161 0.0004 0.0006 0.0011 0.9742 0.0069 
       BWS08  3 0.0027 0.0055 0.0032 0.0092 0.0006 0.9504 0.0284 
       BWS09  3 0.0011 0.0016 0.0006 0.0006 0.0010 0.9935 0.0016 
       BWS10  3 0.0013 0.0193 0.0007 0.0011 0.0028 0.9694 0.0054 
       BWS11  3 0.0009 0.0020 0.0006 0.0006 0.0005 0.9940 0.0014 
       BWS12  3 0.0017 0.0043 0.0012 0.0010 0.0080 0.9794 0.0044 
       BWS13  3 0.0026 0.0025 0.0007 0.0006 0.1773 0.8146 0.0017 
       BWS14  3 0.0009 0.0030 0.0005 0.0009 0.2279 0.7645 0.0024 
       BWS15  3 0.0019 0.0029 0.0014 0.0010 0.0005 0.9904 0.0019 
       BWS16  3 0.0010 0.0026 0.0006 0.0009 0.0031 0.9741 0.0177 
       BWS17  3 0.0014 0.0025 0.0009 0.0018 0.0011 0.9900 0.0023 
       BWS18  3 0.0597 0.0035 0.0005 0.0008 0.0016 0.9307 0.0032 
       BWS19  3 0.0309 0.0151 0.0006 0.0072 0.0028 0.9388 0.0045 
       BWS20  3 0.0008 0.0017 0.0007 0.0006 0.0014 0.9846 0.0101 
       BWS21  3 0.0530 0.0380 0.0016 0.0017 0.0278 0.8511 0.0268 
       BWS22  3 0.0015 0.0026 0.0006 0.0008 0.0017 0.9905 0.0024 
       BWS23  3 0.0456 0.0026 0.0005 0.0009 0.0019 0.9447 0.0038 
       BWS24  3 0.0023 0.0130 0.0010 0.0009 0.0007 0.9757 0.0064 
       BWS25  3 0.0010 0.0104 0.0006 0.0020 0.0018 0.9830 0.0014 
       BWS26  3 0.0008 0.0031 0.0011 0.0010 0.0036 0.9879 0.0024 
       BWS27  3 0.0008 0.0029 0.0006 0.0005 0.0019 0.9869 0.0064 
       BWS28  3 0.0012 0.0151 0.0006 0.0019 0.0912 0.8866 0.0034 
       BWS29  3 0.0015 0.0045 0.0020 0.0024 0.0302 0.9455 0.0139 
       BWS30  3 0.0015 0.0018 0.0006 0.0008 0.0009 0.9926 0.0019 
       BWS31  3 0.0012 0.0030 0.0005 0.0040 0.0011 0.9787 0.0116 
       BWS32  3 0.0012 0.0051 0.0011 0.0007 0.0239 0.9558 0.0121 
       BWS33  3 0.0021 0.0064 0.0011 0.0023 0.0018 0.9848 0.0015 
       BWS34  3 0.0032 0.0052 0.0015 0.0021 0.0920 0.8885 0.0075 
       BWS35  3 0.0026 0.0043 0.0011 0.0011 0.0133 0.9746 0.0030 
       BWS36  3 0.0008 0.0016 0.0015 0.0008 0.0029 0.9909 0.0015 
       BWS37  3 0.0016 0.0036 0.0006 0.0054 0.0044 0.9773 0.0072 
       BWS38  3 0.0011 0.0020 0.0009 0.0009 0.0042 0.9876 0.0033 
       BWS39  3 0.0008 0.0016 0.0007 0.0005 0.0009 0.9912 0.0042 
       BWS40  3 0.0013 0.0018 0.0012 0.0011 0.0035 0.9895 0.0016 
       BWN01  3 0.0011 0.0020 0.0010 0.0013 0.0060 0.9821 0.0066 
       BWN02  3 0.0008 0.0019 0.0005 0.0008 0.0013 0.9449 0.0498 
       BWN03  3 0.0032 0.0095 0.0020 0.0050 0.0007 0.9773 0.0023 
       BWN04  3 0.0012 0.0029 0.0029 0.0018 0.0063 0.9704 0.0145 
        NC01  4 0.0007 0.0532 0.0008 0.0006 0.0086 0.0554 0.8807 
        NC02  4 0.0011 0.0033 0.0013 0.0021 0.0020 0.0046 0.9856 
        NC03  4 0.0028 0.0051 0.0006 0.0006 0.0008 0.0017 0.9886 
        NC04  4 0.0015 0.0029 0.0008 0.0007 0.0010 0.0026 0.9904 
        NC05  4 0.0057 0.0576 0.0024 0.0016 0.0008 0.0119 0.9201 
        NC06  4 0.0014 0.0040 0.0006 0.0212 0.0015 0.0230 0.9484 
        NC07  4 0.0014 0.0031 0.0007 0.0007 0.0051 0.0034 0.9856 
        NC08  4 0.0014 0.0031 0.0017 0.0009 0.0010 0.0030 0.9890 
        NC09  4 0.0021 0.0037 0.0016 0.0007 0.0009 0.0027 0.9883 
        NC10  4 0.0007 0.0018 0.0009 0.0006 0.0013 0.0215 0.9731 
        NC11  4 0.0020 0.0094 0.0026 0.0015 0.0028 0.0306 0.9512 
        NC12  4 0.0008 0.0035 0.0006 0.0027 0.0028 0.0025 0.9871 
        NC13  4 0.0139 0.0116 0.0006 0.0006 0.0008 0.0028 0.9697 
        NC14  4 0.0010 0.0182 0.0013 0.0008 0.0018 0.0025 0.9744 
        NC15  4 0.0032 0.0077 0.0011 0.0020 0.0018 0.0044 0.9798 
        NC16  4 0.0007 0.0333 0.0008 0.0005 0.0010 0.0212 0.9425 
        NC18  4 0.0011 0.0038 0.0052 0.0007 0.0014 0.0027 0.9852 
        NC19  4 0.0007 0.0020 0.0005 0.0006 0.0012 0.0013 0.9937 
        NC20  4 0.0027 0.0028 0.0029 0.0013 0.0017 0.0174 0.9711 
        NC21  4 0.0038 0.0091 0.0005 0.0007 0.0031 0.0047 0.9780 
        NC22  4 0.0009 0.0016 0.0012 0.0012 0.0039 0.0022 0.9890 
        NC23  4 0.0010 0.0049 0.0029 0.0006 0.0013 0.0022 0.9871 
        NC24  4 0.0011 0.0025 0.0016 0.0012 0.0039 0.0019 0.9877 
      SAND01  4 0.0009 0.0018 0.0005 0.0006 0.0006 0.0113 0.9842 
      SAND02  4 0.0009 0.0018 0.0006 0.0018 0.0190 0.0228 0.9532 
      SAND03  4 0.0007 0.0015 0.0005 0.0006 0.0120 0.0247 0.9600 
      SAND04  4 0.0009 0.0016 0.0005 0.0007 0.0695 0.0030 0.9239 
      SAND05  4 0.0009 0.0017 0.0006 0.0007 0.0125 0.0066 0.9770 
      SAND06  4 0.0008 0.0018 0.0005 0.0007 0.0127 0.0164 0.9671 
      SAND07  4 0.0011 0.0018 0.0008 0.0007 0.0021 0.0990 0.8946 
      SAND08  4 0.0006 0.0015 0.0006 0.0008 0.0192 0.0090 0.9683 
      SAND09  4 0.0011 0.0022 0.0006 0.0009 0.0042 0.0717 0.9194 
      SAND10  4 0.0007 0.0016 0.0008 0.0007 0.0024 0.0095 0.9842 
      SAND11  4 0.0011 0.0022 0.0007 0.0011 0.0027 0.0089 0.9834 
      SAND12  4 0.0008 0.0017 0.0006 0.0006 0.0082 0.0123 0.9757 
      SAND13  4 0.0007 0.0017 0.0008 0.0007 0.0026 0.0101 0.9835 
      SAND14  4 0.0008 0.0018 0.0007 0.0009 0.0022 0.0770 0.9166 
      SAND15  4 0.0009 0.0016 0.0005 0.0007 0.0064 0.0135 0.9763 
      SAND16  4 0.0010 0.0022 0.0005 0.0006 0.0017 0.1855 0.8086 
      SAND17  4 0.0009 0.0019 0.0006 0.0008 0.0014 0.0571 0.9373 
      SAND18  4 0.0007 0.0018 0.0005 0.0007 0.0138 0.0707 0.9117 
      SAND19  4 0.0008 0.0016 0.0004 0.0005 0.0167 0.0952 0.8847 
      SAND20  4 0.0008 0.0013 0.0008 0.0005 0.0041 0.0083 0.9842 
      SAND21  4 0.0008 0.0017 0.0007 0.0006 0.0035 0.3470 0.6457 
      SAND22  4 0.0007 0.0013 0.0005 0.0004 0.0027 0.0052 0.9892 
      SAND23  4 0.0010 0.0020 0.0005 0.0009 0.1253 0.3621 0.5083 
      SAND24  4 0.0020 0.0050 0.0007 0.0046 0.0124 0.9725 0.0028 
      SAND25  4 0.0009 0.0020 0.0007 0.0008 0.0023 0.0050 0.9883 
      SAND26  4 0.0008 0.0014 0.0005 0.0005 0.0010 0.0055 0.9903 
      SAND27  4 0.0009 0.0021 0.0008 0.0007 0.0132 0.0043 0.9779 
      SAND28  4 0.0008 0.0017 0.0007 0.0007 0.0412 0.0135 0.9414 
      SAND29  4 0.0008 0.0019 0.0006 0.0006 0.0163 0.2602 0.7196 
      SAND30  4 0.0008 0.0018 0.0006 0.0005 0.0018 0.0580 0.9364 
      SAND31  4 0.0007 0.0016 0.0008 0.0004 0.0010 0.0068 0.9887 
      SAND32  4 0.0007 0.0016 0.0005 0.0008 0.0099 0.0020 0.9844 
      SAND33  4 0.0009 0.0014 0.0007 0.0006 0.0255 0.0527 0.9182 
      SAND34  4 0.0008 0.0019 0.0005 0.0007 0.0071 0.0105 0.9785 
      SAND35  4 0.0008 0.0012 0.0005 0.0005 0.0028 0.0045 0.9896 
      SAND36  4 0.0007 0.0020 0.0006 0.0009 0.0157 0.0557 0.9244 
      SAND37  4 0.0009 0.0022 0.0006 0.0007 0.0114 0.2367 0.7476 
      SAND38  4 0.0009 0.0017 0.0007 0.0007 0.0025 0.0059 0.9877 
      SAND39  4 0.0007 0.0017 0.0005 0.0006 0.0026 0.0089 0.9849 
      SAND40  4 0.0008 0.0021 0.0007 0.0010 0.0231 0.0242 0.9481 
      SAND41  4 0.0008 0.0015 0.0006 0.0007 0.0076 0.0045 0.9844 
      SAND42  4 0.0010 0.0021 0.0006 0.0008 0.0110 0.0597 0.9249 
      SAND43  4 0.0014 0.0026 0.0007 0.0009 0.0118 0.2262 0.7564 
      SAND44  4 0.0007 0.0013 0.0008 0.0005 0.0044 0.0040 0.9883 
       Hon01  5 0.0027 0.0041 0.0014 0.0015 0.0005 0.0010 0.9888 
       Hon02  5 0.0020 0.0024 0.0007 0.0012 0.0007 0.0235 0.9694 
       Hon03  5 0.1181 0.0057 0.0259 0.0153 0.0004 0.0039 0.8307 
       Hon04  5 0.0052 0.0039 0.0011 0.0008 0.0005 0.0022 0.9862 
       Hon05  5 0.0013 0.0027 0.0012 0.0018 0.0008 0.0018 0.9905 
       Hon06  5 0.0012 0.0027 0.0007 0.0005 0.0007 0.0011 0.9930 
       Hon07  5 0.0023 0.0021 0.0017 0.0011 0.0007 0.0016 0.9905 
       Hon08  5 0.0016 0.0025 0.0007 0.0007 0.0008 0.0013 0.9924 
       Hon09  5 0.0024 0.0020 0.0019 0.0016 0.0005 0.0842 0.9074 
       Hon10  5 0.0094 0.0041 0.0349 0.0048 0.0008 0.0017 0.9443 
       Hon11  5 0.0054 0.0630 0.0019 0.0020 0.0008 0.0050 0.9219 
       Hon12  5 0.0134 0.0017 0.0025 0.0018 0.0006 0.0183 0.9616 
       Hon13  5 0.0013 0.0030 0.0011 0.0019 0.0007 0.0020 0.9899 
       Hon14  5 0.0081 0.0053 0.0016 0.0195 0.0007 0.0014 0.9635 
       Hon15  5 0.0108 0.0036 0.0008 0.0011 0.0005 0.0010 0.9823 
       Hon16  5 0.0017 0.0024 0.0007 0.0007 0.0008 0.0014 0.9923 
       Hon17  5 0.0009 0.0032 0.0008 0.0005 0.0009 0.0012 0.9926 
       Hon18  5 0.0018 0.0032 0.0009 0.0006 0.0007 0.0032 0.9895 
       Hon19  5 0.0024 0.0089 0.0057 0.0007 0.0007 0.0019 0.9797 
       Hon20  5 0.0066 0.0198 0.0022 0.0007 0.0010 0.0015 0.9682 
      ERIN01  6 0.0008 0.0015 0.9951 0.0007 0.0004 0.0008 0.0007 
      ERIN02  6 0.0009 0.0014 0.9952 0.0007 0.0004 0.0008 0.0007 
      ERIN03  6 0.0009 0.0014 0.9952 0.0006 0.0004 0.0007 0.0007 
      ERIN04  6 0.0008 0.0014 0.9951 0.0007 0.0004 0.0008 0.0007 
      ERIN05  6 0.0009 0.0014 0.9951 0.0007 0.0004 0.0008 0.0007 
      ERIN06  6 0.0009 0.0014 0.9951 0.0006 0.0004 0.0008 0.0007 
      ERIN07  6 0.0008 0.0014 0.9951 0.0007 0.0004 0.0007 0.0007 
      ERIN08  6 0.0009 0.0014 0.9952 0.0006 0.0004 0.0007 0.0007 
      ERIN09  6 0.0009 0.0014 0.9951 0.0007 0.0004 0.0007 0.0007 
      ERIN10  6 0.0008 0.0014 0.9952 0.0007 0.0004 0.0007 0.0007 
      ERIN11  6 0.0009 0.0037 0.9920 0.0007 0.0004 0.0008 0.0015 
      ERIN12  6 0.0009 0.0014 0.9951 0.0007 0.0004 0.0008 0.0007 
      ERIN13  6 0.0009 0.0014 0.9951 0.0007 0.0004 0.0008 0.0008 
      ERIN14  6 0.0009 0.0014 0.9951 0.0007 0.0004 0.0007 0.0007 
      ERIN15  6 0.0009 0.0014 0.9951 0.0007 0.0004 0.0007 0.0007 
      ERIN16  6 0.0008 0.0016 0.9950 0.0007 0.0004 0.0008 0.0008 
      ERIN17  6 0.0008 0.0014 0.9951 0.0007 0.0004 0.0008 0.0007 
      ERIN18  6 0.0009 0.0014 0.9951 0.0007 0.0004 0.0007 0.0008 
      ERIN19  6 0.0009 0.0014 0.9951 0.0007 0.0004 0.0007 0.0007 
      ERIN20  6 0.0008 0.0014 0.9951 0.0007 0.0004 0.0007 0.0007 
      ERIN21  6 0.0009 0.0015 0.9950 0.0007 0.0004 0.0008 0.0007 
      ERIN22  6 0.0008 0.0015 0.9951 0.0006 0.0004 0.0008 0.0007 
      ERIN23  6 0.0008 0.0014 0.9951 0.0007 0.0004 0.0008 0.0007 
      ERIN24  6 0.0008 0.0014 0.9952 0.0007 0.0004 0.0007 0.0008 
      ERIN25  6 0.0009 0.0015 0.9951 0.0007 0.0004 0.0008 0.0007 
      ERIN26  6 0.0008 0.0014 0.9951 0.0007 0.0004 0.0008 0.0008 
      ERIN27  6 0.0008 0.0014 0.9952 0.0007 0.0004 0.0007 0.0007 
      ERIN28  6 0.0009 0.0014 0.9951 0.0007 0.0004 0.0008 0.0007 
      ERIN29  6 0.0009 0.0014 0.9951 0.0007 0.0004 0.0008 0.0007 
      ERIN30  6 0.0009 0.0014 0.9951 0.0007 0.0004 0.0008 0.0008 
      ERIN31  6 0.0008 0.0014 0.9951 0.0007 0.0004 0.0008 0.0007 
      ERIN32  6 0.0009 0.0014 0.9952 0.0006 0.0004 0.0008 0.0007 
      ERIN33  6 0.0009 0.0014 0.9952 0.0007 0.0004 0.0008 0.0007 
      ERIN34  6 0.0008 0.0014 0.9952 0.0006 0.0004 0.0007 0.0008 
      ERIN35  6 0.0008 0.0014 0.9951 0.0007 0.0004 0.0007 0.0007 
      ERIN38  6 0.0008 0.0014 0.9951 0.0007 0.0004 0.0007 0.0008 
      ERIN39  6 0.0008 0.0014 0.9952 0.0007 0.0004 0.0007 0.0007 
      ERIN40  6 0.0008 0.0014 0.9952 0.0007 0.0004 0.0008 0.0007 
      ERIN41  6 0.0008 0.0014 0.9951 0.0007 0.0004 0.0007 0.0007 
      ERIN42  6 0.0009 0.0014 0.9952 0.0007 0.0004 0.0007 0.0007 
      ERIN43  6 0.0008 0.0014 0.9951 0.0007 0.0004 0.0008 0.0008 
      ERIN44  6 0.0008 0.0014 0.9951 0.0006 0.0004 0.0008 0.0007 
      ERIN45  6 0.0009 0.0014 0.9951 0.0007 0.0004 0.0007 0.0007 
      ERIN46  6 0.0009 0.0014 0.9951 0.0007 0.0004 0.0008 0.0007 
      ERIN47  6 0.0009 0.0014 0.9952 0.0007 0.0004 0.0008 0.0007 
       FDS01  6 0.0009 0.0014 0.9951 0.0007 0.0004 0.0008 0.0007 
       FDS02  6 0.0009 0.0014 0.9951 0.0007 0.0004 0.0008 0.0007 
       FDS03  6 0.0008 0.0016 0.9950 0.0007 0.0004 0.0007 0.0008 
       FDS04  6 0.0008 0.0014 0.9951 0.0007 0.0004 0.0008 0.0007 
       FDS05  6 0.0009 0.0014 0.9952 0.0006 0.0004 0.0007 0.0008 
       FDS06  6 0.0008 0.0014 0.9951 0.0007 0.0004 0.0007 0.0007 
       FDS07  6 0.0009 0.0014 0.9951 0.0007 0.0004 0.0008 0.0007 
       FDS08  6 0.0008 0.0014 0.9952 0.0007 0.0004 0.0008 0.0007 
       FDS09  6 0.0008 0.0014 0.9952 0.0007 0.0004 0.0008 0.0007 
       FDS10  6 0.0008 0.0014 0.9952 0.0007 0.0004 0.0007 0.0007 
       FDS11  6 0.0009 0.0014 0.9952 0.0007 0.0004 0.0007 0.0007 
       FDS12  6 0.0008 0.0016 0.9950 0.0007 0.0004 0.0007 0.0008 
       FDS13  6 0.0008 0.0014 0.9952 0.0006 0.0004 0.0008 0.0007 
       FDS14  6 0.0009 0.0014 0.9952 0.0007 0.0004 0.0007 0.0008 
       FDS15  6 0.0008 0.0014 0.9952 0.0007 0.0004 0.0007 0.0007 
       FDS16  6 0.0009 0.0014 0.9951 0.0007 0.0004 0.0008 0.0007 
       FDS17  6 0.0009 0.0014 0.9951 0.0007 0.0004 0.0008 0.0007 
       FDS18  6 0.0008 0.0016 0.9949 0.0007 0.0004 0.0008 0.0007 
       EPP01  6 0.9939 0.0019 0.0013 0.0008 0.0005 0.0008 0.0008 
       EPP02  6 0.9939 0.0019 0.0013 0.0008 0.0005 0.0008 0.0008 
       EPP03  6 0.9936 0.0020 0.0013 0.0009 0.0005 0.0008 0.0008 
       EPP04  6 0.9940 0.0018 0.0012 0.0009 0.0005 0.0008 0.0008 
       EPP05  6 0.9937 0.0020 0.0013 0.0008 0.0005 0.0008 0.0008 
       EPP06  6 0.9939 0.0019 0.0013 0.0008 0.0005 0.0008 0.0008 
       EPP07  6 0.9939 0.0019 0.0013 0.0008 0.0005 0.0008 0.0008 
       EPP08  6 0.9940 0.0019 0.0011 0.0008 0.0005 0.0008 0.0008 
       EPP09  6 0.9939 0.0019 0.0013 0.0008 0.0005 0.0008 0.0008 
       EPP10  6 0.9940 0.0019 0.0012 0.0008 0.0005 0.0009 0.0008 
       EPP11  6 0.9935 0.0022 0.0013 0.0008 0.0005 0.0008 0.0008 
       EPP12  6 0.9940 0.0019 0.0012 0.0008 0.0005 0.0008 0.0008 
       EPP13  6 0.9939 0.0019 0.0013 0.0008 0.0005 0.0008 0.0008 
       EPP14  6 0.9940 0.0019 0.0012 0.0008 0.0005 0.0008 0.0008 
       EPP15  6 0.9915 0.0019 0.0010 0.0008 0.0005 0.0011 0.0031 
       EPP16  6 0.9940 0.0019 0.0012 0.0008 0.0005 0.0008 0.0008 
       EPP17  6 0.9940 0.0019 0.0012 0.0008 0.0005 0.0008 0.0008 
       EPP18  6 0.9939 0.0019 0.0013 0.0008 0.0005 0.0008 0.0008 
       EPP19  6 0.9937 0.0020 0.0013 0.0008 0.0005 0.0009 0.0008 
       EPP20  6 0.9937 0.0019 0.0013 0.0009 0.0005 0.0008 0.0008 
       EPP21  6 0.9932 0.0020 0.0019 0.0008 0.0005 0.0008 0.0008 
       EPP22  6 0.9939 0.0019 0.0013 0.0008 0.0005 0.0008 0.0008 
       EPP23  6 0.9940 0.0019 0.0013 0.0008 0.0005 0.0008 0.0008 
       EPP24  6 0.9939 0.0019 0.0013 0.0008 0.0005 0.0008 0.0008 
       EPP25  6 0.9937 0.0021 0.0013 0.0008 0.0005 0.0008 0.0008 
       EPP26  6 0.9936 0.0021 0.0013 0.0008 0.0005 0.0008 0.0008 
       EPP27  6 0.9936 0.0021 0.0013 0.0009 0.0005 0.0008 0.0008 
       EPP28  6 0.9939 0.0019 0.0013 0.0008 0.0005 0.0008 0.0008 
       EPP29  6 0.9940 0.0018 0.0013 0.0008 0.0005 0.0008 0.0008 
       EPP30  6 0.9940 0.0018 0.0013 0.0008 0.0005 0.0008 0.0008 
       EPP31  6 0.9936 0.0020 0.0014 0.0009 0.0005 0.0008 0.0008 
       EPP32  6 0.9939 0.0019 0.0013 0.0008 0.0005 0.0008 0.0008 
       EPP33  6 0.9939 0.0020 0.0012 0.0008 0.0005 0.0008 0.0008 
       EPP34  6 0.9938 0.0020 0.0012 0.0008 0.0005 0.0008 0.0008 
       EPP35  6 0.9717 0.0143 0.0011 0.0010 0.0005 0.0010 0.0104 
       EPP36  6 0.9939 0.0019 0.0013 0.0008 0.0005 0.0008 0.0008 
       EPP37  6 0.9665 0.0156 0.0013 0.0010 0.0115 0.0032 0.0008 
       EPP38  6 0.9937 0.0020 0.0012 0.0009 0.0005 0.0008 0.0008 
       EPP39  6 0.9940 0.0019 0.0012 0.0008 0.0005 0.0008 0.0008 
       EPP40  6 0.9939 0.0019 0.0013 0.0008 0.0005 0.0008 0.0008 
       EPP41  6 0.9940 0.0019 0.0012 0.0008 0.0005 0.0008 0.0008 
       EPP42  6 0.9940 0.0018 0.0013 0.0008 0.0005 0.0008 0.0008 
       EPP43  6 0.9939 0.0020 0.0013 0.0008 0.0005 0.0008 0.0008 
        ES68  6 0.3964 0.0622 0.4789 0.0262 0.0189 0.0022 0.0153 
       ENW44  6 0.9938 0.0019 0.0013 0.0008 0.0005 0.0008 0.0008 
       ENW45  6 0.9940 0.0019 0.0013 0.0008 0.0005 0.0008 0.0008 
       ENW46  6 0.9939 0.0019 0.0013 0.0008 0.0005 0.0008 0.0008 
       ENW48  6 0.9939 0.0019 0.0013 0.0008 0.0005 0.0008 0.0008 
       ENW49  6 0.9939 0.0019 0.0012 0.0008 0.0005 0.0008 0.0008 
       ENW50  6 0.9939 0.0019 0.0012 0.0008 0.0005 0.0008 0.0008 
       ENW51  6 0.2942 0.0036 0.6973 0.0012 0.0017 0.0010 0.0011 
       ENW52  6 0.9939 0.0019 0.0013 0.0008 0.0005 0.0008 0.0008 
       ENW53  6 0.2932 0.0035 0.6983 0.0012 0.0016 0.0011 0.0011 
       ENW54  6 0.2936 0.0034 0.6981 0.0013 0.0016 0.0010 0.0011 
       ENW55  6 0.2933 0.0034 0.6983 0.0013 0.0016 0.0010 0.0011 
       ENW56  6 0.2936 0.0035 0.6978 0.0013 0.0016 0.0011 0.0011 
       ENW57  6 0.2935 0.0034 0.6982 0.0012 0.0016 0.0011 0.0010 
       ENE58  6 0.3750 0.0030 0.6121 0.0013 0.0063 0.0010 0.0013 
       ENE59  6 0.2931 0.0037 0.6982 0.0012 0.0017 0.0011 0.0011 
       ENE60  6 0.2932 0.0036 0.6981 0.0013 0.0017 0.0010 0.0011 
       ENE61  6 0.3743 0.0032 0.6124 0.0013 0.0065 0.0010 0.0012 
       ENE62  6 0.2935 0.0035 0.6979 0.0012 0.0017 0.0011 0.0011 
       ENE63  6 0.2936 0.0040 0.6974 0.0012 0.0016 0.0012 0.0011 
       ENE64  6 0.3749 0.0031 0.6121 0.0013 0.0063 0.0010 0.0012 
       ENE65  6 0.2938 0.0033 0.6979 0.0012 0.0017 0.0010 0.0010 
       ENE66  6 0.2941 0.0034 0.6974 0.0013 0.0017 0.0011 0.0011 
       ENE67  6 0.2934 0.0036 0.6980 0.0012 0.0016 0.0012 0.0011 
         CC1  7 0.4444 0.0150 0.4955 0.0401 0.0009 0.0022 0.0018 
        CC10  7 0.4138 0.0191 0.5578 0.0046 0.0009 0.0020 0.0017 
        CC11  7 0.2665 0.0327 0.6919 0.0048 0.0010 0.0009 0.0021 
        CC12  7 0.0052 0.4145 0.5748 0.0023 0.0008 0.0010 0.0013 
        CC13  7 0.4435 0.0154 0.4950 0.0414 0.0009 0.0021 0.0018 
        CC14  7 0.4442 0.0150 0.4942 0.0418 0.0008 0.0022 0.0019 
        CC15  7 0.4125 0.0459 0.4909 0.0354 0.0009 0.0078 0.0067 
        CC16  7 0.0904 0.1060 0.6219 0.1763 0.0007 0.0009 0.0039 
        CC17  7 0.4229 0.0227 0.5442 0.0053 0.0011 0.0021 0.0018 
         CC2  7 0.4439 0.0149 0.4950 0.0413 0.0008 0.0021 0.0019 
         CC3  7 0.4301 0.0306 0.5017 0.0324 0.0009 0.0022 0.0023 
         CC4  7 0.2630 0.6052 0.0153 0.0094 0.0051 0.0089 0.0932 
         CC5  7 0.1175 0.0230 0.7913 0.0655 0.0008 0.0008 0.0011 
         CC6  7 0.1202 0.0272 0.7802 0.0696 0.0009 0.0009 0.0011 
         CC7  7 0.1177 0.0242 0.7908 0.0645 0.0009 0.0009 0.0010 
         CC8  7 0.1176 0.0224 0.7909 0.0664 0.0009 0.0008 0.0011 
         CC9  7 0.1195 0.0280 0.7803 0.0693 0.0009 0.0009 0.0011 
       BUN01  8 0.0269 0.9152 0.0009 0.0523 0.0021 0.0012 0.0015 
       BUN02  8 0.0043 0.8147 0.0082 0.1553 0.0137 0.0013 0.0025 
       BUN03  8 0.0045 0.9878 0.0033 0.0008 0.0005 0.0013 0.0018 
       BUN04  8 0.0031 0.9647 0.0263 0.0011 0.0012 0.0018 0.0017 
       BUN05  8 0.2443 0.6930 0.0076 0.0048 0.0018 0.0469 0.0016 
       BUN06  8 0.0030 0.9906 0.0021 0.0009 0.0007 0.0011 0.0016 
       BUN07  8 0.0046 0.9908 0.0007 0.0010 0.0006 0.0010 0.0013 
       SOB01  8 0.0018 0.9914 0.0018 0.0011 0.0009 0.0019 0.0010 
       SOB02  8 0.0033 0.9086 0.0087 0.0020 0.0156 0.0021 0.0597 
       SOB03  8 0.0159 0.9601 0.0145 0.0020 0.0034 0.0026 0.0014 
       SOB04  8 0.0011 0.9008 0.0020 0.0032 0.0020 0.0129 0.0778 
       SOB05  8 0.0012 0.9106 0.0836 0.0014 0.0008 0.0014 0.0010 
       SOB06  8 0.0022 0.8570 0.0162 0.1157 0.0004 0.0058 0.0026 
       SOB07  8 0.0051 0.7603 0.0330 0.1951 0.0005 0.0012 0.0049 
       SOB08  8 0.0019 0.9820 0.0015 0.0093 0.0019 0.0023 0.0012 
       SOB09  8 0.0015 0.8917 0.0240 0.0018 0.0053 0.0636 0.0121 
       SOB10  8 0.0019 0.9829 0.0070 0.0053 0.0006 0.0011 0.0011 
       SOB11  8 0.0135 0.8456 0.0028 0.0026 0.0043 0.0013 0.1299 
       OSR01  8 0.0031 0.9395 0.0043 0.0009 0.0036 0.0020 0.0466 
       OSR02  8 0.0021 0.7131 0.0012 0.2803 0.0009 0.0010 0.0014 
       OSR03  8 0.0022 0.7144 0.0011 0.2790 0.0009 0.0010 0.0014 
       OSR04  8 0.0188 0.7593 0.0019 0.2160 0.0005 0.0011 0.0024 
       OSR05  8 0.0022 0.7131 0.0012 0.2802 0.0009 0.0010 0.0014 
       OSR06  8 0.0017 0.9773 0.0013 0.0009 0.0007 0.0011 0.0171 
       OSR07  8 0.0629 0.9249 0.0014 0.0046 0.0008 0.0038 0.0017 
       OSR08  8 0.0623 0.9254 0.0015 0.0047 0.0008 0.0037 0.0016 
       OSR09  8 0.0438 0.8664 0.0619 0.0012 0.0005 0.0018 0.0244 
      Lion01  8 0.1734 0.8148 0.0025 0.0012 0.0005 0.0025 0.0051 
      Lion02  8 0.0029 0.9890 0.0017 0.0014 0.0017 0.0012 0.0020 
      Lion03  8 0.0472 0.9474 0.0009 0.0017 0.0004 0.0011 0.0013 
      Lion04  8 0.0151 0.9766 0.0020 0.0012 0.0016 0.0019 0.0017 
      Lion05  8 0.0017 0.9687 0.0073 0.0032 0.0037 0.0054 0.0099 
      Lion06  8 0.0016 0.9681 0.0071 0.0032 0.0035 0.0059 0.0106 
        TW01  8 0.0039 0.9900 0.0017 0.0014 0.0004 0.0011 0.0016 
        TW02  8 0.0060 0.9646 0.0046 0.0073 0.0050 0.0109 0.0015 
        TW03  8 0.0040 0.9898 0.0017 0.0013 0.0004 0.0012 0.0015 
        TW04  8 0.0036 0.9902 0.0016 0.0014 0.0004 0.0011 0.0016 
        CF01  8 0.0044 0.9878 0.0020 0.0023 0.0011 0.0010 0.0014 
        CF02  8 0.0053 0.7339 0.0007 0.2557 0.0015 0.0013 0.0016 
        CF03  8 0.0042 0.9883 0.0021 0.0020 0.0011 0.0010 0.0013 
        CF04  8 0.0992 0.8860 0.0014 0.0014 0.0019 0.0063 0.0038 
        CF05  8 0.0030 0.9893 0.0014 0.0018 0.0011 0.0016 0.0019 
        CF06  8 0.0033 0.9892 0.0014 0.0017 0.0010 0.0017 0.0018 
        CF07  8 0.0016 0.9425 0.0009 0.0007 0.0254 0.0213 0.0076 
        CF08  8 0.0035 0.9889 0.0013 0.0016 0.0011 0.0016 0.0018 
        CF09  8 0.0044 0.9878 0.0021 0.0022 0.0011 0.0010 0.0013 
        CF10  8 0.0027 0.9908 0.0008 0.0017 0.0007 0.0018 0.0015 
        CF11  8 0.0464 0.8989 0.0021 0.0058 0.0005 0.0024 0.0439 
        CF12  8 0.0042 0.9881 0.0021 0.0022 0.0011 0.0011 0.0013 
        CF13  8 0.0034 0.9889 0.0014 0.0018 0.0011 0.0017 0.0018 
        CF14  8 0.0983 0.8867 0.0014 0.0017 0.0018 0.0062 0.0038 
        CF15  8 0.0055 0.9825 0.0017 0.0010 0.0020 0.0044 0.0029 
        CF16  8 0.0045 0.9878 0.0022 0.0021 0.0010 0.0010 0.0013 
        CF17  8 0.0044 0.9876 0.0017 0.0027 0.0012 0.0010 0.0014 
        CF18  8 0.0973 0.8877 0.0014 0.0016 0.0019 0.0062 0.0038 
        CF19  8 0.0023 0.9494 0.0027 0.0026 0.0022 0.0133 0.0276 
        CF20  8 0.0031 0.9892 0.0014 0.0017 0.0011 0.0016 0.0019 
        CF21  8 0.0034 0.9890 0.0014 0.0018 0.0010 0.0016 0.0018 
        CF22  8 0.0031 0.9891 0.0013 0.0019 0.0010 0.0017 0.0019 
        CF23  8 0.0033 0.9891 0.0013 0.0018 0.0010 0.0016 0.0018 
        CF24  8 0.0045 0.9878 0.0020 0.0023 0.0010 0.0011 0.0013 
        CF25  8 0.0044 0.9878 0.0021 0.0022 0.0012 0.0010 0.0013 
        CF26  8 0.0051 0.7343 0.0007 0.2554 0.0016 0.0014 0.0015 
        CF27  8 0.0032 0.9892 0.0013 0.0018 0.0010 0.0017 0.0018 
        CF28  8 0.0057 0.9820 0.0016 0.0008 0.0020 0.0043 0.0035 
        CF29  8 0.0041 0.9880 0.0023 0.0022 0.0011 0.0010 0.0014 
        CF30  8 0.0149 0.9768 0.0020 0.0012 0.0015 0.0019 0.0017 
        CF31  8 0.0042 0.9877 0.0022 0.0024 0.0011 0.0010 0.0014 
        CF32  8 0.0028 0.9880 0.0012 0.0048 0.0009 0.0009 0.0015 
        CF33  8 0.0035 0.9310 0.0012 0.0017 0.0009 0.0016 0.0600 
        CF34  8 0.0032 0.9894 0.0013 0.0016 0.0010 0.0016 0.0019 
        CF35  8 0.0050 0.9832 0.0016 0.0010 0.0021 0.0042 0.0028 
        CF36  8 0.0014 0.9926 0.0017 0.0014 0.0005 0.0012 0.0013 
        BP01  8 0.0037 0.9354 0.0455 0.0110 0.0010 0.0021 0.0015 
        BP02  8 0.0051 0.9890 0.0017 0.0008 0.0006 0.0013 0.0015 
        BP03  8 0.0015 0.9909 0.0014 0.0015 0.0025 0.0012 0.0010 
        BP04  8 0.0165 0.9746 0.0024 0.0026 0.0014 0.0014 0.0011 
        BP06  8 0.0030 0.9891 0.0017 0.0020 0.0017 0.0013 0.0012 
        BP07  8 0.0014 0.9162 0.0137 0.0019 0.0007 0.0115 0.0546 
        BP08  8 0.0057 0.9851 0.0032 0.0022 0.0013 0.0013 0.0014 
        BP09  8 0.0016 0.8490 0.0021 0.0061 0.1375 0.0015 0.0022 
        BP10  8 0.0014 0.9904 0.0038 0.0007 0.0010 0.0015 0.0012 
        BP11  8 0.0012 0.9935 0.0010 0.0012 0.0008 0.0014 0.0009 
        BP12  8 0.0025 0.8692 0.0013 0.1236 0.0007 0.0013 0.0014 
        BP14  8 0.0040 0.9843 0.0025 0.0019 0.0016 0.0028 0.0029 
        BP16  8 0.0013 0.9915 0.0029 0.0010 0.0010 0.0012 0.0010 
        BP17  8 0.0011 0.9839 0.0099 0.0013 0.0009 0.0018 0.0011 
        BP18  8 0.0013 0.9907 0.0036 0.0007 0.0009 0.0015 0.0012 
        BP19  8 0.0013 0.9919 0.0013 0.0011 0.0007 0.0022 0.0014 
        BP20  8 0.0014 0.9905 0.0038 0.0007 0.0010 0.0015 0.0012 
   BP2007-01  8 0.0012 0.9936 0.0010 0.0011 0.0008 0.0014 0.0009 
   BP2007-02  8 0.0011 0.9935 0.0012 0.0017 0.0004 0.0012 0.0010 
   BP2007-03  8 0.1698 0.7929 0.0015 0.0192 0.0005 0.0011 0.0150 
   BP2007-04  8 0.0015 0.9925 0.0012 0.0009 0.0006 0.0020 0.0013 
   BP2007-05  8 0.0011 0.8556 0.0078 0.0212 0.0005 0.0010 0.1128 
   BP2007-06  8 0.0118 0.9392 0.0314 0.0139 0.0013 0.0012 0.0013 
   BP2007-07  8 0.0015 0.9908 0.0014 0.0015 0.0025 0.0013 0.0010 
   BP2007-08  8 0.0028 0.9518 0.0158 0.0123 0.0014 0.0072 0.0087 
   BP2007-09  8 0.0027 0.9520 0.0155 0.0123 0.0014 0.0077 0.0086 
   BP2007-10  8 0.0014 0.9907 0.0014 0.0016 0.0027 0.0012 0.0010 
   BP2007-11  8 0.0013 0.9922 0.0009 0.0015 0.0018 0.0014 0.0009 
   BP2007-12  8 0.0021 0.9870 0.0030 0.0049 0.0006 0.0014 0.0010 
   BP2007-13  8 0.0026 0.9532 0.0155 0.0110 0.0013 0.0073 0.0090 
   BP2007-14  8 0.0189 0.8825 0.0009 0.0017 0.0012 0.0189 0.0758 
   BP2007-15  8 0.0017 0.9916 0.0022 0.0015 0.0007 0.0011 0.0012 
   BP2007-16  8 0.0122 0.9819 0.0007 0.0014 0.0007 0.0019 0.0013 
   BP2007-17  8 0.0056 0.9851 0.0034 0.0019 0.0014 0.0013 0.0014 
   BP2007-18  8 0.0027 0.9119 0.0007 0.0013 0.0005 0.0349 0.0481 
   BP2007-19  8 0.0162 0.9750 0.0024 0.0024 0.0015 0.0014 0.0012 
   BP2007-20  8 0.0156 0.9757 0.0025 0.0023 0.0014 0.0014 0.0011 
   BP2007-21  8 0.0013 0.9936 0.0009 0.0011 0.0007 0.0014 0.0010 
   BP2007-22  8 0.0013 0.9923 0.0009 0.0014 0.0017 0.0015 0.0010 
   BP2007-23  8 0.0012 0.9937 0.0010 0.0012 0.0007 0.0014 0.0009 
   BP2007-24  8 0.0022 0.9806 0.0044 0.0079 0.0012 0.0018 0.0020 
   BP2007-25  8 0.0010 0.9934 0.0012 0.0017 0.0004 0.0013 0.0010 
   BP2007-26  8 0.0024 0.8683 0.0013 0.1246 0.0007 0.0013 0.0014 
   BP2007-27  8 0.0014 0.9904 0.0038 0.0007 0.0009 0.0015 0.0012 
   BP2007-28  8 0.0014 0.9921 0.0009 0.0015 0.0017 0.0014 0.0010 
   BP2007-29  8 0.0014 0.9933 0.0009 0.0009 0.0010 0.0015 0.0010 
   BP2007-30  8 0.0886 0.9028 0.0022 0.0032 0.0006 0.0015 0.0012 
   BP2007-31  8 0.0040 0.9891 0.0019 0.0016 0.0008 0.0012 0.0014 
   BP2007-32  8 0.1940 0.7492 0.0028 0.0009 0.0006 0.0023 0.0503 
   BP2007-33  8 0.0014 0.9923 0.0009 0.0015 0.0017 0.0014 0.0010 
   BP2007-34  8 0.0063 0.8398 0.1302 0.0203 0.0006 0.0017 0.0013 
   BP2007-35  8 0.0158 0.9755 0.0025 0.0023 0.0013 0.0015 0.0011 
   BP2007-36  8 0.0010 0.9936 0.0012 0.0016 0.0004 0.0013 0.0009 
   BP2007-37  8 0.0008 0.8323 0.0013 0.0015 0.0005 0.0135 0.1501 
   BP2007-38  8 0.0014 0.9910 0.0014 0.0015 0.0025 0.0012 0.0010 
   BP2007-39  8 0.0016 0.9917 0.0022 0.0015 0.0007 0.0012 0.0012 
   BP2007-40  8 0.0089 0.9787 0.0023 0.0027 0.0045 0.0013 0.0015 
        BP21  8 0.0010 0.9935 0.0012 0.0016 0.0004 0.0013 0.0009 
        BP22  8 0.0057 0.9810 0.0030 0.0067 0.0011 0.0011 0.0014 
        BP23  8 0.0037 0.9675 0.0026 0.0234 0.0008 0.0010 0.0010 
        BP24  8 0.0110 0.9764 0.0028 0.0067 0.0010 0.0011 0.0011 
        BP25  8 0.0010 0.9936 0.0012 0.0016 0.0004 0.0012 0.0009 
        BP26  8 0.0010 0.9936 0.0011 0.0016 0.0004 0.0013 0.0010 
        BP27  8 0.0028 0.9264 0.0131 0.0407 0.0013 0.0083 0.0075 
        BP28  8 0.0055 0.9812 0.0030 0.0066 0.0011 0.0011 0.0014 
        BP29  8 0.0015 0.9915 0.0029 0.0011 0.0006 0.0015 0.0008 
        BP30  8 0.0009 0.9939 0.0009 0.0016 0.0004 0.0012 0.0009 
      NNKB01  8 0.0025 0.9798 0.0098 0.0013 0.0005 0.0030 0.0032 
      NNKB02  8 0.0039 0.9874 0.0012 0.0016 0.0025 0.0021 0.0013 
      NNKN01  8 0.0015 0.9140 0.0009 0.0024 0.0008 0.0012 0.0791 
         SR1  9 0.0021 0.7268 0.0015 0.2666 0.0006 0.0011 0.0013 
        SR10  9 0.0449 0.8584 0.0865 0.0017 0.0011 0.0045 0.0029 
        SR11  9 0.0202 0.9589 0.0013 0.0167 0.0009 0.0010 0.0009 
        SR12  9 0.0021 0.7305 0.0015 0.2629 0.0006 0.0012 0.0013 
        SR13  9 0.3509 0.4279 0.0040 0.1000 0.1086 0.0033 0.0053 
        SR15  9 0.0025 0.8489 0.1375 0.0013 0.0031 0.0023 0.0044 
        SR16  9 0.0032 0.9886 0.0018 0.0029 0.0004 0.0016 0.0014 
        SR17  9 0.3458 0.6254 0.0157 0.0034 0.0063 0.0015 0.0020 
        SR18  9 0.0019 0.9815 0.0070 0.0036 0.0014 0.0032 0.0013 
        SR19  9 0.0023 0.8602 0.0008 0.1099 0.0010 0.0010 0.0248 
         SR2  9 0.0195 0.9602 0.0014 0.0161 0.0008 0.0011 0.0009 
        SR20  9 0.3221 0.5950 0.0781 0.0011 0.0008 0.0011 0.0018 
        SR21  9 0.0033 0.7707 0.0031 0.2198 0.0007 0.0012 0.0013 
        SR22  9 0.0017 0.5886 0.0014 0.4058 0.0004 0.0009 0.0011 
        SR23  9 0.0032 0.7811 0.0032 0.2066 0.0007 0.0029 0.0022 
        SR24  9 0.0214 0.9663 0.0026 0.0041 0.0005 0.0027 0.0025 
        SR25  9 0.0070 0.9696 0.0015 0.0176 0.0007 0.0015 0.0021 
        SR26  9 0.0356 0.8893 0.0598 0.0044 0.0005 0.0016 0.0087 
        SR27  9 0.0016 0.8874 0.0025 0.1047 0.0007 0.0015 0.0016 
        SR28  9 0.0037 0.9908 0.0008 0.0016 0.0005 0.0013 0.0013 
        SR29  9 0.1857 0.7949 0.0019 0.0107 0.0006 0.0030 0.0032 
         SR3  9 0.1966 0.7690 0.0009 0.0303 0.0009 0.0012 0.0011 
        SR30  9 0.0058 0.9658 0.0208 0.0048 0.0007 0.0010 0.0011 
         SR5  9 0.0286 0.9246 0.0149 0.0284 0.0010 0.0011 0.0014 
         SR6  9 0.0278 0.9567 0.0035 0.0086 0.0008 0.0012 0.0013 
         SR7  9 0.3947 0.5848 0.0143 0.0024 0.0006 0.0014 0.0018 
         SR8  9 0.0168 0.9576 0.0011 0.0216 0.0009 0.0010 0.0010 
         SR9  9 0.3993 0.5850 0.0089 0.0031 0.0006 0.0013 0.0018 
       HAM01 10 0.0091 0.9715 0.0017 0.0151 0.0005 0.0011 0.0010 
       HAM02 10 0.2482 0.7310 0.0015 0.0069 0.0010 0.0079 0.0036 
       HAM03 10 0.0094 0.9699 0.0017 0.0164 0.0005 0.0011 0.0009 
       HAM07 10 0.0040 0.8834 0.0018 0.0982 0.0035 0.0041 0.0050 
       HAM08 10 0.1078 0.8860 0.0009 0.0020 0.0006 0.0010 0.0017 
       HAM09 10 0.0024 0.9559 0.0017 0.0014 0.0009 0.0149 0.0228 
       HAM10 10 0.0026 0.9847 0.0045 0.0024 0.0006 0.0027 0.0025 
      CRWL01 10 0.0068 0.9844 0.0026 0.0026 0.0006 0.0016 0.0015 
      CRWL02 10 0.0059 0.9855 0.0023 0.0029 0.0006 0.0013 0.0015 
      CRWL03 10 0.0051 0.9819 0.0058 0.0035 0.0006 0.0012 0.0019 
      CRWL04 10 0.0031 0.9868 0.0045 0.0013 0.0016 0.0015 0.0012 
      CRWL05 10 0.0011 0.9861 0.0072 0.0011 0.0006 0.0016 0.0022 
      CRWL06 10 0.0037 0.9874 0.0024 0.0037 0.0005 0.0014 0.0009 
      CRWL07 10 0.0021 0.9909 0.0010 0.0018 0.0005 0.0019 0.0016 
      CRWL08 10 0.0025 0.9918 0.0012 0.0010 0.0008 0.0013 0.0014 
      CRWL09 10 0.0023 0.9834 0.0016 0.0042 0.0005 0.0010 0.0070 
      CRWL10 10 0.0056 0.9820 0.0008 0.0075 0.0009 0.0016 0.0016 
      CRWL11 10 0.0221 0.9567 0.0018 0.0133 0.0011 0.0026 0.0023 
      CRWL12 10 0.1732 0.8116 0.0081 0.0013 0.0014 0.0030 0.0014 
      CRWL13 10 0.0057 0.9883 0.0016 0.0015 0.0010 0.0010 0.0009 
      CRWL14 10 0.0031 0.9861 0.0048 0.0014 0.0006 0.0023 0.0017 
      CRWL15 10 0.0916 0.9012 0.0035 0.0012 0.0005 0.0008 0.0013 
      CRWL16 10 0.0030 0.9860 0.0049 0.0017 0.0006 0.0022 0.0016 
      CRWL17 10 0.0218 0.9637 0.0017 0.0071 0.0011 0.0024 0.0021 
      CRWL18 10 0.0023 0.9896 0.0016 0.0038 0.0004 0.0010 0.0012 
      CRWL19 10 0.0023 0.9895 0.0016 0.0040 0.0005 0.0010 0.0012 
      CRWL20 10 0.0021 0.9904 0.0022 0.0019 0.0006 0.0011 0.0017 
      CRWL21 10 0.0109 0.9795 0.0009 0.0025 0.0005 0.0013 0.0044 
       MES01 11 0.0011 0.0022 0.0007 0.9937 0.0006 0.0008 0.0008 
       MES02 11 0.0010 0.0023 0.0007 0.9937 0.0005 0.0008 0.0009 
       MES03 11 0.0099 0.0028 0.0476 0.9364 0.0005 0.0008 0.0021 
       MES04 11 0.0010 0.0023 0.0008 0.9936 0.0005 0.0008 0.0010 
       MES05 11 0.0009 0.0023 0.0007 0.9940 0.0005 0.0008 0.0008 
       MES06 11 0.0011 0.0022 0.0008 0.9938 0.0005 0.0008 0.0008 
       MES07 11 0.0011 0.0022 0.0008 0.9938 0.0005 0.0008 0.0008 
       MES08 11 0.0011 0.0022 0.0008 0.9938 0.0006 0.0008 0.0008 
       MES09 11 0.0010 0.0022 0.0008 0.9938 0.0005 0.0008 0.0008 
       MES10 11 0.0010 0.0024 0.0008 0.9935 0.0005 0.0009 0.0009 
       MES11 11 0.0010 0.0048 0.0008 0.9895 0.0005 0.0009 0.0025 
       MES12 11 0.0011 0.0023 0.0008 0.9938 0.0005 0.0007 0.0008 
       MES13 11 0.0011 0.0023 0.0007 0.9938 0.0005 0.0008 0.0008 
       MES14 11 0.0009 0.0015 0.0007 0.9948 0.0005 0.0008 0.0007 
       MES15 11 0.0009 0.0021 0.0007 0.9567 0.0094 0.0291 0.0012 
       MES16 11 0.0010 0.0023 0.0008 0.9937 0.0005 0.0008 0.0009 
       MES17 11 0.0011 0.0022 0.0008 0.9938 0.0005 0.0008 0.0008 
       MES18 11 0.0012 0.0022 0.0007 0.9937 0.0005 0.0008 0.0008 
       MES19 11 0.0011 0.0023 0.0008 0.9938 0.0005 0.0008 0.0008 
       MES20 11 0.0010 0.0023 0.0008 0.9939 0.0004 0.0008 0.0008 
       MES21 11 0.0009 0.0015 0.0007 0.9949 0.0005 0.0008 0.0007 
       MES22 11 0.0011 0.0022 0.0008 0.9938 0.0005 0.0008 0.0008 
       SAX01 11 0.0010 0.0016 0.0007 0.9946 0.0005 0.0008 0.0007 
       SAX02 11 0.0009 0.0015 0.0007 0.9949 0.0005 0.0008 0.0007 
       SAX03 11 0.0013 0.0027 0.0007 0.9922 0.0005 0.0008 0.0018 
       SAX04 11 0.0149 0.1292 0.0007 0.8521 0.0004 0.0011 0.0016 
       SAX05 11 0.0010 0.0025 0.0008 0.9937 0.0004 0.0008 0.0008 
       SAX06 11 0.0010 0.0026 0.0007 0.9937 0.0004 0.0008 0.0008 
       SAX07 11 0.0008 0.0017 0.0007 0.9948 0.0005 0.0008 0.0007 
       SAX08 11 0.0069 0.0345 0.0007 0.9549 0.0005 0.0008 0.0017 
       SAX09 11 0.0009 0.0015 0.0007 0.9949 0.0005 0.0008 0.0007 
       SAX10 11 0.0601 0.0041 0.0007 0.9328 0.0004 0.0008 0.0011 
       SAX11 11 0.0009 0.0437 0.0007 0.9527 0.0004 0.0008 0.0008 
       SAX12 11 0.0009 0.0015 0.0007 0.9949 0.0005 0.0008 0.0007 
       SAX13 11 0.0008 0.0016 0.0006 0.9951 0.0004 0.0007 0.0007 
       SAX14 11 0.0010 0.0025 0.0008 0.9938 0.0004 0.0008 0.0008 
       SAX15 11 0.0188 0.0187 0.0007 0.9551 0.0005 0.0008 0.0054 
       SAX16 11 0.0010 0.0017 0.0007 0.9946 0.0005 0.0008 0.0007 
       SAX17 11 0.0008 0.0017 0.0007 0.9948 0.0005 0.0008 0.0007 
       SAX18 11 0.0008 0.0017 0.0007 0.9948 0.0005 0.0008 0.0007 
       SAX19 11 0.0033 0.0103 0.0006 0.9830 0.0004 0.0008 0.0016 
       IRP01 11 0.0009 0.0016 0.0006 0.9950 0.0005 0.0008 0.0007 
       IRP02 11 0.0010 0.0016 0.0006 0.9948 0.0005 0.0008 0.0007 
       IRP03 11 0.0010 0.0016 0.0006 0.9947 0.0005 0.0008 0.0007 
       IRP04 11 0.0010 0.0017 0.0007 0.9947 0.0005 0.0008 0.0007 
       IRP05 11 0.0010 0.0016 0.0006 0.9947 0.0005 0.0008 0.0007 
       IRP06 11 0.0009 0.0016 0.0007 0.9949 0.0005 0.0008 0.0007 
       IRP07 11 0.0010 0.0016 0.0007 0.9947 0.0005 0.0008 0.0007 
       IRP08 11 0.0009 0.0017 0.0007 0.9948 0.0005 0.0008 0.0007 
       IRP09 11 0.0010 0.0017 0.0006 0.9948 0.0005 0.0008 0.0007 
       IRP10 11 0.0009 0.0016 0.0007 0.9949 0.0005 0.0008 0.0007 
       IRP11 11 0.0008 0.0016 0.0007 0.9949 0.0005 0.0008 0.0007 
       IRP12 11 0.0009 0.0016 0.0007 0.9949 0.0005 0.0007 0.0007 
       IRP13 11 0.0008 0.0016 0.0007 0.9950 0.0005 0.0008 0.0007 
       IRP14 11 0.0010 0.0016 0.0006 0.9947 0.0005 0.0008 0.0007 
       IRP15 11 0.0010 0.0017 0.0007 0.9947 0.0005 0.0008 0.0007 
       IRP16 11 0.0039 0.9901 0.0010 0.0021 0.0004 0.0011 0.0014 
     IRP16-2 11 0.0042 0.9901 0.0009 0.0020 0.0004 0.0010 0.0013 
       IRP17 11 0.0010 0.0016 0.0006 0.9947 0.0005 0.0008 0.0007 
       MRT01 11 0.0009 0.0017 0.0007 0.9947 0.0006 0.0007 0.0007 
       MRT02 11 0.0009 0.0016 0.0007 0.9948 0.0005 0.0008 0.0007 
       MRT03 11 0.0009 0.0016 0.0006 0.9950 0.0005 0.0007 0.0007 
       MRT04 11 0.0009 0.0017 0.0007 0.9947 0.0006 0.0007 0.0007 
       MRT05 11 0.0009 0.0017 0.0007 0.9947 0.0006 0.0007 0.0007 
       MRT06 11 0.0009 0.0017 0.0006 0.9950 0.0005 0.0007 0.0007 
       MRT07 11 0.0009 0.0015 0.0007 0.9950 0.0005 0.0007 0.0007 
       MRT08 11 0.0008 0.0027 0.0006 0.9937 0.0006 0.0008 0.0007 
       MRT09 11 0.0009 0.0015 0.0007 0.9949 0.0005 0.0008 0.0007 
       MRT10 11 0.0009 0.0016 0.0007 0.9948 0.0005 0.0008 0.0007 
       MRT11 11 0.0009 0.0015 0.0007 0.9948 0.0005 0.0008 0.0007 
       MRT12 11 0.0008 0.0016 0.0007 0.9948 0.0006 0.0007 0.0007 
       MRT13 11 0.0494 0.0096 0.0007 0.9384 0.0005 0.0008 0.0007 
       MRT14 11 0.0009 0.0017 0.0006 0.9948 0.0006 0.0007 0.0007 
       MRT15 11 0.0009 0.0017 0.0007 0.9948 0.0006 0.0007 0.0007 
       MRT16 11 0.0009 0.0016 0.0006 0.9950 0.0005 0.0007 0.0007 
       MRT17 11 0.0009 0.0016 0.0006 0.9950 0.0005 0.0007 0.0007 
       MRT18 11 0.0009 0.0017 0.0007 0.9946 0.0007 0.0008 0.0007 
       MRT19 11 0.0009 0.0018 0.0006 0.9948 0.0005 0.0007 0.0007 
       MRT20 11 0.0009 0.0016 0.0007 0.9948 0.0005 0.0008 0.0007 
       MRT21 11 0.0008 0.0017 0.0007 0.9947 0.0006 0.0008 0.0007 
       MRT22 11 0.0009 0.0017 0.0007 0.9947 0.0006 0.0007 0.0007 
       MRT23 11 0.0009 0.0017 0.0007 0.9947 0.0006 0.0007 0.0007 
       MRT24 11 0.0009 0.0016 0.0007 0.9948 0.0005 0.0008 0.0007 
       MRT25 11 0.0009 0.0016 0.0007 0.9948 0.0006 0.0007 0.0007 
       MRT26 11 0.0009 0.0018 0.0007 0.9947 0.0006 0.0008 0.0007 
       MRT27 11 0.0008 0.0017 0.0007 0.9948 0.0006 0.0007 0.0007 
       MRT28 11 0.0009 0.0016 0.0007 0.9948 0.0005 0.0008 0.0007 
       MRT29 11 0.0009 0.0017 0.0007 0.9947 0.0006 0.0007 0.0007 
       MRT30 11 0.0009 0.0017 0.0006 0.9950 0.0005 0.0007 0.0007 
       MRT31 11 0.0009 0.0016 0.0007 0.9948 0.0006 0.0007 0.0007 
       MRT32 11 0.0008 0.0017 0.0007 0.9947 0.0006 0.0007 0.0007 
       MRT33 11 0.0011 0.0022 0.0007 0.9937 0.0005 0.0007 0.0011 
        LK01 10 0.0048 0.9881 0.0006 0.0017 0.0007 0.0029 0.0012 
        LK02 10 0.0045 0.9508 0.0392 0.0025 0.0006 0.0009 0.0015 
        LK05 10 0.0024 0.9914 0.0012 0.0010 0.0017 0.0011 0.0012 
        LK06 10 0.0042 0.9875 0.0023 0.0020 0.0006 0.0017 0.0017 
        LK07 10 0.0016 0.9682 0.0010 0.0160 0.0028 0.0044 0.0060 
     LK07-01 10 0.0025 0.9913 0.0012 0.0010 0.0018 0.0011 0.0011 
     LK07-02 10 0.0047 0.9800 0.0028 0.0010 0.0009 0.0085 0.0022 
     LK07-03 10 0.1134 0.8712 0.0098 0.0009 0.0006 0.0015 0.0026 
     LK07-04 10 0.0020 0.9937 0.0006 0.0006 0.0005 0.0010 0.0015 
     LK07-05 10 0.0130 0.9789 0.0010 0.0034 0.0005 0.0017 0.0015 
     LK07-06 10 0.0015 0.9675 0.0017 0.0187 0.0035 0.0019 0.0051 
        LK08 10 0.0018 0.9910 0.0018 0.0022 0.0005 0.0015 0.0012 
        LK09 10 0.0031 0.9921 0.0008 0.0009 0.0007 0.0011 0.0014 
        LK11 10 0.0024 0.9738 0.0017 0.0011 0.0005 0.0058 0.0147 
        LK12 10 0.0084 0.9844 0.0024 0.0015 0.0005 0.0010 0.0018 
        LK13 10 0.0033 0.9778 0.0021 0.0035 0.0010 0.0058 0.0065 
        LK14 10 0.0091 0.9788 0.0029 0.0024 0.0009 0.0032 0.0026 
        LK15 10 0.0039 0.9905 0.0011 0.0015 0.0005 0.0010 0.0014 
        LK16 10 0.0018 0.9892 0.0036 0.0012 0.0008 0.0018 0.0016 
        LK17 10 0.0036 0.9899 0.0012 0.0025 0.0005 0.0011 0.0012 
        LK18 10 0.0022 0.9846 0.0011 0.0091 0.0008 0.0011 0.0012 
        LK19 10 0.0015 0.9664 0.0016 0.0199 0.0034 0.0018 0.0053 
        LK20 10 0.0067 0.9882 0.0010 0.0009 0.0005 0.0013 0.0013 
        LK21 10 0.0018 0.9366 0.0500 0.0009 0.0018 0.0035 0.0054 
        LK22 10 0.0037 0.9905 0.0009 0.0021 0.0008 0.0010 0.0011 
        LK23 10 0.0011 0.9823 0.0065 0.0016 0.0012 0.0038 0.0034 
        LK24 10 0.0090 0.9820 0.0008 0.0016 0.0022 0.0013 0.0031 
        LK25 10 0.0025 0.9878 0.0011 0.0051 0.0009 0.0009 0.0016 
       LMC01 10 0.3362 0.6485 0.0115 0.0010 0.0006 0.0010 0.0012 
       LMC02 10 0.1079 0.8798 0.0091 0.0009 0.0005 0.0009 0.0009 
       LMC03 10 0.1348 0.8537 0.0014 0.0078 0.0006 0.0008 0.0009 
       LMC04 10 0.0039 0.9744 0.0023 0.0014 0.0021 0.0030 0.0128 
        UM01 10 0.0374 0.7863 0.0186 0.0007 0.0018 0.0514 0.1037 
        UM02 10 0.1948 0.6990 0.1019 0.0007 0.0007 0.0014 0.0015 
        UM03 10 0.3195 0.6378 0.0375 0.0008 0.0010 0.0018 0.0016 
        UM04 10 0.0985 0.8885 0.0065 0.0008 0.0014 0.0020 0.0024 
        UM05 10 0.0085 0.9055 0.0021 0.0011 0.0081 0.0052 0.0695 
        UM06 10 0.0048 0.8597 0.0138 0.0009 0.0061 0.0582 0.0565 
        UM07 10 0.0022 0.9638 0.0214 0.0010 0.0010 0.0031 0.0075 
        UM08 10 0.0019 0.8950 0.0019 0.0023 0.0006 0.0946 0.0037 
        UM09 10 0.0059 0.7662 0.0042 0.0025 0.0005 0.0194 0.2012 
        UM10 10 0.0112 0.9027 0.0023 0.0010 0.0089 0.0050 0.0689 
       PLT01 10 0.0030 0.9711 0.0071 0.0157 0.0008 0.0012 0.0012 
       PLT02 10 0.0015 0.9249 0.0017 0.0014 0.0005 0.0668 0.0033 
       PLT03 10 0.0012 0.9914 0.0011 0.0030 0.0011 0.0009 0.0012 
        DC01 10 0.0018 0.9643 0.0010 0.0013 0.0075 0.0029 0.0213 
        DC02 10 0.0016 0.9785 0.0024 0.0014 0.0015 0.0025 0.0120 
        DC03 10 0.0020 0.9468 0.0016 0.0009 0.0009 0.0020 0.0459 
        DC04 10 0.0072 0.8845 0.0009 0.0051 0.0256 0.0419 0.0348 
        DC05 10 0.0059 0.9777 0.0014 0.0089 0.0005 0.0021 0.0035 
        DC06 10 0.0022 0.9591 0.0020 0.0013 0.0147 0.0119 0.0088 
        DC07 10 0.0105 0.9061 0.0234 0.0012 0.0150 0.0035 0.0402 
        DC08 10 0.0020 0.9923 0.0007 0.0010 0.0008 0.0014 0.0018 
        DC09 10 0.0013 0.8239 0.0009 0.0025 0.0527 0.1014 0.0173 
        DC10 10 0.0076 0.8181 0.0025 0.0016 0.0311 0.0054 0.1336 
        DC11 10 0.0016 0.9741 0.0026 0.0013 0.0016 0.0063 0.0127 
        DC12 10 0.0019 0.9618 0.0013 0.0010 0.0195 0.0064 0.0082 
        DC13 10 0.0011 0.8520 0.0009 0.1394 0.0006 0.0018 0.0042 
        DC14 10 0.0071 0.8833 0.0009 0.0050 0.0247 0.0424 0.0365 
        DC15 10 0.0036 0.9849 0.0012 0.0012 0.0030 0.0023 0.0038 
        DC16 10 0.0023 0.9410 0.0022 0.0027 0.0406 0.0069 0.0044 
        DC17 10 0.0041 0.9859 0.0025 0.0016 0.0020 0.0017 0.0021 
        DC18 10 0.0015 0.9630 0.0010 0.0016 0.0008 0.0029 0.0291 
        DC19 10 0.0039 0.9762 0.0055 0.0013 0.0101 0.0014 0.0016 
        DC20 10 0.0057 0.8844 0.0021 0.1048 0.0006 0.0011 0.0012 
        DC21 10 0.0016 0.9892 0.0011 0.0007 0.0014 0.0026 0.0034 
        DC22 10 0.0120 0.7804 0.0660 0.0010 0.0055 0.0359 0.0993 
        DC23 10 0.0032 0.9811 0.0060 0.0018 0.0018 0.0020 0.0041 
        DC24 10 0.0015 0.9635 0.0010 0.0015 0.0009 0.0030 0.0285 
        DC25 10 0.0592 0.9340 0.0010 0.0009 0.0012 0.0014 0.0023 
        DC26 10 0.0020 0.9618 0.0012 0.0010 0.0204 0.0063 0.0074 
        PC02 12 0.0039 0.9903 0.0010 0.0020 0.0004 0.0010 0.0014 
        PC03 12 0.0040 0.9901 0.0010 0.0021 0.0004 0.0010 0.0013 
        PC04 12 0.0040 0.9902 0.0010 0.0020 0.0004 0.0010 0.0013 
        PC05 12 0.0041 0.9900 0.0010 0.0021 0.0004 0.0010 0.0014 
        PC06 12 0.0040 0.9900 0.0010 0.0021 0.0004 0.0010 0.0013 
        PC07 12 0.0013 0.8860 0.0018 0.1075 0.0015 0.0010 0.0010 
        PC08 12 0.0037 0.9904 0.0010 0.0021 0.0004 0.0011 0.0013 
        PC09 12 0.0040 0.9901 0.0010 0.0022 0.0004 0.0010 0.0013 
        PC10 12 0.0071 0.9872 0.0010 0.0020 0.0004 0.0010 0.0013 
        PC11 12 0.0039 0.9901 0.0010 0.0022 0.0004 0.0010 0.0013 
        PC12 12 0.0038 0.9904 0.0009 0.0021 0.0004 0.0010 0.0013 
        PC13 12 0.0038 0.9902 0.0010 0.0021 0.0004 0.0010 0.0014 
        PC14 12 0.0040 0.9901 0.0010 0.0021 0.0004 0.0010 0.0014 
        PC01 12 0.0037 0.9904 0.0010 0.0021 0.0004 0.0010 0.0013 
      Nuke10 13 0.0017 0.9909 0.0007 0.0030 0.0016 0.0010 0.0011 
      Nuke11 13 0.0016 0.9872 0.0008 0.0063 0.0019 0.0011 0.0011 
      Nuke12 13 0.0917 0.9026 0.0009 0.0015 0.0012 0.0009 0.0012 
      Nuke13 13 0.0020 0.9896 0.0008 0.0036 0.0011 0.0011 0.0019 
      Nuke01 13 0.0057 0.9843 0.0011 0.0059 0.0005 0.0009 0.0015 
      Nuke02 13 0.0884 0.9058 0.0009 0.0016 0.0011 0.0009 0.0012 
      Nuke03 13 0.0032 0.9859 0.0006 0.0062 0.0019 0.0011 0.0011 
      Nuke04 13 0.0025 0.9901 0.0006 0.0035 0.0011 0.0010 0.0012 
      Nuke05 13 0.0042 0.9856 0.0010 0.0055 0.0017 0.0010 0.0010 
      Nuke06 13 0.0052 0.9773 0.0011 0.0120 0.0018 0.0011 0.0016 
      Nuke07 13 0.0066 0.9877 0.0006 0.0013 0.0014 0.0011 0.0012 
      Nuke08 13 0.0024 0.9915 0.0007 0.0012 0.0020 0.0010 0.0011 
      Nuke09 13 0.0019 0.9915 0.0008 0.0015 0.0020 0.0011 0.0012 
       Rad01 13 0.0200 0.9731 0.0011 0.0015 0.0019 0.0010 0.0014 
       Rad02 13 0.0027 0.9084 0.0011 0.0837 0.0014 0.0011 0.0017 
       Rad03 13 0.0074 0.9810 0.0010 0.0072 0.0008 0.0009 0.0017 
       Rad04 13 0.0092 0.9366 0.0017 0.0484 0.0012 0.0010 0.0019 
       Rad05 13 0.0057 0.9542 0.0009 0.0028 0.0014 0.0336 0.0014 
       Rad06 13 0.0421 0.9526 0.0009 0.0014 0.0008 0.0011 0.0012 
       Rad07 13 0.0024 0.9909 0.0008 0.0018 0.0020 0.0010 0.0012 
       Rad08 13 0.0202 0.9454 0.0038 0.0265 0.0007 0.0008 0.0026 
       Rad09 13 0.0025 0.9798 0.0011 0.0138 0.0007 0.0009 0.0012 
       Rad10 13 0.0048 0.9741 0.0008 0.0163 0.0018 0.0011 0.0011 
       Rad11 13 0.0265 0.9664 0.0011 0.0023 0.0015 0.0009 0.0013 
       Rad12 13 0.0246 0.9490 0.0009 0.0216 0.0013 0.0011 0.0015 
       Rad13 13 0.0038 0.9901 0.0008 0.0012 0.0020 0.0010 0.0011 
       Rad14 13 0.0092 0.9316 0.0017 0.0536 0.0012 0.0010 0.0019 
       Rad15 13 0.0122 0.9802 0.0019 0.0022 0.0010 0.0011 0.0015 
       Rad16 13 0.0024 0.9913 0.0008 0.0013 0.0020 0.0010 0.0012 
       HTB16 14 0.0013 0.9875 0.0016 0.0024 0.0027 0.0025 0.0019 
       HTB17 14 0.0015 0.8365 0.0008 0.1445 0.0008 0.0016 0.0144 
       HTB18 14 0.0037 0.8789 0.1106 0.0028 0.0009 0.0016 0.0015 
       HTB19 14 0.0011 0.9928 0.0007 0.0010 0.0005 0.0024 0.0015 
       HTB20 14 0.0013 0.8562 0.0007 0.1346 0.0010 0.0039 0.0023 
       HTB21 14 0.0012 0.9589 0.0249 0.0017 0.0007 0.0062 0.0064 
       HTB22 14 0.0012 0.9887 0.0008 0.0035 0.0021 0.0018 0.0018 
       HTB23 14 0.0023 0.9891 0.0016 0.0028 0.0005 0.0022 0.0016 
       HTB11 14 0.0026 0.9775 0.0022 0.0010 0.0012 0.0090 0.0065 
       HTB12 14 0.0022 0.9404 0.0509 0.0009 0.0008 0.0026 0.0022 
       HTB13 14 0.0021 0.9417 0.0509 0.0009 0.0004 0.0019 0.0021 
       HTB14 14 0.0018 0.9512 0.0012 0.0017 0.0012 0.0022 0.0406 
       HTB15 14 0.0012 0.9400 0.0242 0.0017 0.0007 0.0199 0.0124 
       Nel01 15 0.0058 0.9890 0.0009 0.0006 0.0005 0.0014 0.0019 
       Nel02 15 0.1319 0.6850 0.0013 0.0034 0.0013 0.0081 0.1690 
       Nel03 15 0.0065 0.9883 0.0008 0.0006 0.0005 0.0014 0.0020 
       Nel04 15 0.0062 0.9884 0.0008 0.0006 0.0005 0.0014 0.0020 
       Nel05 15 0.0446 0.9497 0.0014 0.0008 0.0006 0.0011 0.0018 
       Nel06 15 0.0455 0.9488 0.0014 0.0008 0.0006 0.0011 0.0018 
       Nel07 15 0.0430 0.9512 0.0013 0.0009 0.0006 0.0011 0.0019 
       Nel08 15 0.0067 0.9858 0.0006 0.0009 0.0011 0.0028 0.0021 
       Nel09 15 0.0441 0.9501 0.0014 0.0009 0.0005 0.0011 0.0018 
       Nel10 15 0.0922 0.9013 0.0014 0.0010 0.0004 0.0018 0.0019 
       Nel11 15 0.0061 0.9887 0.0009 0.0005 0.0005 0.0013 0.0020 
       Nel12 15 0.0440 0.9503 0.0015 0.0008 0.0006 0.0011 0.0017 
       Nel13 15 0.0353 0.9586 0.0009 0.0006 0.0009 0.0020 0.0019 
       Nel14 15 0.0435 0.9508 0.0014 0.0008 0.0005 0.0011 0.0018 
         EI1 16 0.0022 0.9836 0.0007 0.0011 0.0005 0.0107 0.0012 
        EI10 16 0.0019 0.9909 0.0007 0.0010 0.0005 0.0036 0.0013 
        EI11 16 0.0016 0.9917 0.0007 0.0011 0.0005 0.0033 0.0011 
        EI12 16 0.0026 0.9816 0.0007 0.0011 0.0005 0.0124 0.0012 
         EI2 16 0.0018 0.9938 0.0007 0.0011 0.0005 0.0011 0.0010 
         EI3 16 0.0027 0.9806 0.0007 0.0012 0.0005 0.0131 0.0012 
         EI4 16 0.0016 0.9916 0.0007 0.0010 0.0005 0.0034 0.0011 
         EI5 16 0.0024 0.9770 0.0007 0.0011 0.0005 0.0172 0.0011 
         EI6 16 0.0018 0.9910 0.0007 0.0011 0.0005 0.0037 0.0013 
         EI7 16 0.0017 0.9865 0.0007 0.0011 0.0005 0.0082 0.0013 
         EI8 16 0.0018 0.9760 0.0006 0.0009 0.0011 0.0172 0.0023 
         EI9 16 0.0017 0.9923 0.0007 0.0012 0.0005 0.0026 0.0010 
        OL01 17 0.9922 0.0025 0.0009 0.0014 0.0011 0.0009 0.0009 
        OL02 17 0.8533 0.1285 0.0073 0.0074 0.0005 0.0013 0.0018 
        OL03 17 0.9921 0.0025 0.0009 0.0016 0.0011 0.0009 0.0010 
        OL04 17 0.9921 0.0025 0.0009 0.0015 0.0011 0.0009 0.0009 
        OL06 17 0.9922 0.0025 0.0009 0.0015 0.0011 0.0009 0.0009 
       OSP01 17 0.9922 0.0024 0.0009 0.0015 0.0011 0.0009 0.0009 
       OSP02 17 0.9921 0.0025 0.0010 0.0015 0.0011 0.0009 0.0009 
       OSP03 17 0.9921 0.0025 0.0009 0.0015 0.0011 0.0009 0.0010 
       OSP04 17 0.9919 0.0026 0.0010 0.0015 0.0012 0.0009 0.0010 
       OSP05 17 0.9922 0.0025 0.0009 0.0016 0.0010 0.0009 0.0009 
       OSP06 17 0.9921 0.0025 0.0009 0.0015 0.0011 0.0009 0.0009 
       OSP07 17 0.9922 0.0025 0.0009 0.0014 0.0011 0.0009 0.0009 
       OSP10 17 0.9920 0.0026 0.0009 0.0016 0.0011 0.0009 0.0009 
       OSP11 17 0.9922 0.0024 0.0010 0.0016 0.0010 0.0009 0.0009 
       OSP12 17 0.9923 0.0024 0.0009 0.0015 0.0010 0.0009 0.0009 
       OSP13 17 0.9919 0.0026 0.0009 0.0016 0.0010 0.0009 0.0010 
       OSP14 17 0.9922 0.0025 0.0009 0.0015 0.0011 0.0009 0.0009 
        OY02 17 0.9833 0.0061 0.0010 0.0053 0.0007 0.0016 0.0020 
        OY04 17 0.9797 0.0078 0.0007 0.0082 0.0005 0.0015 0.0016 
        OY05 17 0.5326 0.4575 0.0007 0.0014 0.0010 0.0033 0.0035 
        OY06 17 0.5576 0.4315 0.0010 0.0009 0.0014 0.0023 0.0053 
        OY07 17 0.9884 0.0048 0.0010 0.0023 0.0008 0.0010 0.0016 
        OY08 17 0.9887 0.0046 0.0009 0.0023 0.0008 0.0010 0.0016 
        OY10 17 0.6742 0.3031 0.0031 0.0076 0.0006 0.0031 0.0083 
        OY12 17 0.8263 0.1260 0.0008 0.0045 0.0005 0.0385 0.0035 
        OY15 17 0.5981 0.3906 0.0010 0.0008 0.0014 0.0023 0.0057 
        OY16 17 0.3365 0.1934 0.0040 0.0009 0.0005 0.0415 0.4232 
        OY20 17 0.7151 0.2676 0.0008 0.0027 0.0005 0.0112 0.0020 
        OY26 17 0.8283 0.1570 0.0007 0.0078 0.0005 0.0038 0.0021 
        OY27 17 0.4403 0.5475 0.0034 0.0012 0.0011 0.0019 0.0046 
       RHL02 17 0.5220 0.4669 0.0010 0.0075 0.0005 0.0011 0.0009 
       RHL03 17 0.5394 0.4484 0.0010 0.0087 0.0005 0.0012 0.0010 
       RHL05 17 0.5393 0.4472 0.0010 0.0099 0.0005 0.0012 0.0010 
       RHL06 17 0.5375 0.4539 0.0010 0.0050 0.0004 0.0011 0.0010 
       RHL07 17 0.5550 0.4343 0.0009 0.0072 0.0004 0.0012 0.0010 
       RHL09 17 0.5384 0.4493 0.0009 0.0087 0.0005 0.0012 0.0010 
       RHL11 17 0.5550 0.4346 0.0009 0.0069 0.0005 0.0012 0.0010 
       RHL12 17 0.5648 0.4279 0.0010 0.0036 0.0005 0.0012 0.0010 
       RHL13 17 0.5395 0.4478 0.0010 0.0091 0.0004 0.0011 0.0009 
       RHL14 17 0.5395 0.4479 0.0010 0.0090 0.0004 0.0012 0.0010 
       MOON1 17 0.4874 0.5051 0.0006 0.0027 0.0009 0.0008 0.0024 
       Cre01 17 0.9936 0.0028 0.0006 0.0008 0.0005 0.0009 0.0009 
       Cre02 17 0.9932 0.0029 0.0008 0.0009 0.0005 0.0009 0.0009 
       Cre03 17 0.9932 0.0029 0.0008 0.0009 0.0005 0.0009 0.0009 
       Cre04 17 0.9932 0.0029 0.0008 0.0008 0.0005 0.0009 0.0008 
       Cre05 17 0.9933 0.0029 0.0008 0.0009 0.0005 0.0009 0.0008 
       Cre06 17 0.9938 0.0026 0.0006 0.0008 0.0005 0.0008 0.0010 
       Cre07 17 0.9932 0.0030 0.0008 0.0009 0.0005 0.0009 0.0009 
       Cre08 17 0.9927 0.0025 0.0007 0.0020 0.0006 0.0007 0.0008 
       Cre09 17 0.9938 0.0026 0.0006 0.0008 0.0004 0.0008 0.0009 
       Cre10 17 0.9932 0.0031 0.0007 0.0008 0.0004 0.0008 0.0008 
       Cre11 17 0.9934 0.0027 0.0008 0.0009 0.0005 0.0009 0.0009 
       SSN31 17 0.9922 0.0032 0.0007 0.0017 0.0005 0.0008 0.0008 
       SSN32 17 0.9938 0.0027 0.0006 0.0008 0.0004 0.0008 0.0009 
       SSN33 17 0.9930 0.0026 0.0006 0.0017 0.0005 0.0008 0.0009 
       SSN34 17 0.9939 0.0026 0.0006 0.0008 0.0004 0.0008 0.0009 
       SSN35 17 0.9933 0.0028 0.0008 0.0009 0.0005 0.0009 0.0008 
       SSN36 17 0.9932 0.0029 0.0008 0.0009 0.0005 0.0009 0.0008 
       SSN38 17 0.5403 0.4546 0.0009 0.0010 0.0005 0.0010 0.0017 
       SSN39 17 0.9935 0.0029 0.0007 0.0008 0.0004 0.0008 0.0008 
       SSN40 17 0.9570 0.0284 0.0049 0.0014 0.0004 0.0007 0.0071 
       SSN41 17 0.9934 0.0030 0.0007 0.0008 0.0004 0.0008 0.0009 
       BCV44 17 0.9927 0.0025 0.0009 0.0016 0.0005 0.0007 0.0009 
       BCV45 17 0.9931 0.0023 0.0010 0.0016 0.0005 0.0007 0.0009 
       BCV46 17 0.9928 0.0023 0.0010 0.0016 0.0006 0.0007 0.0009 
       BCV47 17 0.9928 0.0023 0.0010 0.0017 0.0006 0.0008 0.0009 
       BCV48 17 0.9928 0.0024 0.0010 0.0016 0.0005 0.0007 0.0009 
       BCV49 17 0.9929 0.0024 0.0009 0.0016 0.0005 0.0008 0.0009 
       BCV50 17 0.9928 0.0023 0.0010 0.0017 0.0005 0.0008 0.0009 
       BCV51 17 0.9929 0.0024 0.0010 0.0016 0.0005 0.0007 0.0009 
       BCV52 17 0.9930 0.0022 0.0010 0.0017 0.0005 0.0007 0.0009 
       BCV53 17 0.9930 0.0023 0.0010 0.0016 0.0005 0.0007 0.0009 
      SSBC01 17 0.9930 0.0023 0.0010 0.0015 0.0005 0.0007 0.0009 
      SSBC02 17 0.9928 0.0024 0.0010 0.0016 0.0005 0.0007 0.0009 
      SSBC03 17 0.9929 0.0023 0.0010 0.0016 0.0005 0.0008 0.0009 
      SSBC04 17 0.9930 0.0023 0.0010 0.0016 0.0005 0.0008 0.0009 
      SSBC05 17 0.9930 0.0023 0.0010 0.0016 0.0005 0.0007 0.0009 
      SSBC06 17 0.9339 0.0593 0.0010 0.0016 0.0005 0.0011 0.0025 
      SSBC07 17 0.9928 0.0024 0.0010 0.0017 0.0006 0.0007 0.0009 
       LCV01 17 0.9879 0.0062 0.0010 0.0007 0.0006 0.0008 0.0029 
       LCV02 17 0.9879 0.0061 0.0010 0.0007 0.0005 0.0008 0.0030 
