Indv	Label	(Miss)	Pop : 	Cluster 1	Cluster 2	Cluster 3	Cluster 4	Cluster 5	Cluster 6	Cluster 7	Cluster 8
1	TC01	(0)	0 : 	0.010	0.004	0.020	0.005	0.934	0.006	0.002	0.019
2	TC02	(0)	0 : 	0.009	0.005	0.005	0.008	0.960	0.005	0.004	0.004
3	TC03	(0)	0 : 	0.005	0.006	0.004	0.004	0.965	0.008	0.004	0.005
4	TC04	(0)	0 : 	0.009	0.058	0.021	0.079	0.820	0.006	0.004	0.004
5	TC05	(0)	0 : 	0.003	0.005	0.002	0.006	0.972	0.003	0.003	0.005
6	TC06	(1)	0 : 	0.014	0.061	0.006	0.008	0.896	0.003	0.003	0.008
7	TC07	(0)	0 : 	0.004	0.003	0.005	0.010	0.968	0.003	0.004	0.003
8	TC08	(0)	0 : 	0.003	0.010	0.003	0.005	0.968	0.003	0.005	0.005
9	TC09	(0)	0 : 	0.043	0.090	0.003	0.004	0.850	0.002	0.002	0.005
10	TC10	(0)	0 : 	0.023	0.005	0.005	0.004	0.918	0.039	0.002	0.003
11	TC11	(0)	0 : 	0.003	0.003	0.005	0.003	0.978	0.004	0.003	0.002
12	TC12	(0)	0 : 	0.006	0.011	0.010	0.021	0.929	0.011	0.004	0.008
13	TC13	(1)	0 : 	0.007	0.007	0.002	0.003	0.972	0.003	0.002	0.003
14	TC14	(0)	0 : 	0.039	0.054	0.009	0.005	0.862	0.005	0.010	0.015
15	TC15	(1)	0 : 	0.020	0.063	0.004	0.007	0.889	0.007	0.005	0.005
16	TC16	(0)	0 : 	0.050	0.136	0.004	0.012	0.780	0.003	0.008	0.007
17	TC17	(0)	0 : 	0.172	0.015	0.011	0.029	0.729	0.008	0.011	0.026
18	TC18	(0)	0 : 	0.006	0.005	0.026	0.011	0.909	0.032	0.007	0.004
19	TC19	(1)	0 : 	0.017	0.006	0.002	0.003	0.964	0.003	0.003	0.003
20	TC20	(0)	0 : 	0.009	0.007	0.006	0.004	0.965	0.003	0.003	0.004
21	TC21	(0)	0 : 	0.004	0.010	0.047	0.107	0.798	0.006	0.025	0.003
22	TC22	(0)	0 : 	0.002	0.012	0.004	0.008	0.942	0.017	0.005	0.009
23	TC23	(0)	0 : 	0.006	0.006	0.005	0.003	0.967	0.005	0.003	0.005
24	TC24	(0)	0 : 	0.006	0.004	0.002	0.002	0.979	0.002	0.003	0.002
25	TC25	(0)	0 : 	0.013	0.088	0.081	0.006	0.798	0.004	0.006	0.004
26	TC26	(0)	0 : 	0.024	0.013	0.002	0.005	0.944	0.002	0.003	0.007
27	TC27	(0)	0 : 	0.004	0.013	0.003	0.006	0.929	0.038	0.004	0.003
28	TC28	(0)	0 : 	0.012	0.012	0.008	0.017	0.937	0.006	0.004	0.003
29	TC29	(0)	0 : 	0.017	0.014	0.008	0.005	0.943	0.004	0.005	0.004
30	TC30	(0)	0 : 	0.012	0.011	0.003	0.003	0.959	0.004	0.003	0.004
31	TC31	(0)	0 : 	0.004	0.005	0.027	0.006	0.940	0.009	0.006	0.005
32	TC32	(0)	0 : 	0.010	0.090	0.004	0.027	0.852	0.003	0.009	0.005
33	TC33	(0)	0 : 	0.004	0.005	0.006	0.004	0.966	0.004	0.006	0.004
34	TC34	(0)	0 : 	0.010	0.053	0.003	0.005	0.906	0.008	0.006	0.009
35	TC35	(0)	0 : 	0.030	0.011	0.012	0.008	0.921	0.009	0.003	0.005
36	TC36	(0)	0 : 	0.008	0.005	0.003	0.006	0.966	0.005	0.003	0.003
37	TC37	(0)	0 : 	0.006	0.002	0.004	0.005	0.970	0.003	0.006	0.005
38	TC38	(1)	0 : 	0.058	0.059	0.020	0.007	0.847	0.003	0.003	0.003
39	TC39	(0)	0 : 	0.140	0.021	0.004	0.005	0.817	0.004	0.003	0.006
40	TC40	(0)	0 : 	0.012	0.030	0.003	0.006	0.923	0.006	0.013	0.006
41	TC41	(0)	0 : 	0.005	0.003	0.003	0.005	0.969	0.003	0.005	0.007
42	TC42	(1)	0 : 	0.007	0.007	0.002	0.003	0.971	0.004	0.002	0.004
43	TC43	(1)	0 : 	0.005	0.011	0.003	0.003	0.967	0.004	0.004	0.002
44	TC44	(0)	0 : 	0.040	0.030	0.005	0.004	0.900	0.013	0.002	0.006
45	TC45	(0)	0 : 	0.012	0.002	0.007	0.004	0.963	0.002	0.002	0.007
46	TC46	(0)	0 : 	0.006	0.004	0.006	0.011	0.958	0.008	0.004	0.004
47	TC47	(0)	0 : 	0.015	0.016	0.004	0.004	0.946	0.008	0.003	0.004
48	TC48	(1)	0 : 	0.012	0.005	0.007	0.010	0.895	0.005	0.035	0.031
49	TC49	(0)	0 : 	0.005	0.004	0.004	0.008	0.968	0.002	0.004	0.005
50	TC50	(0)	0 : 	0.006	0.005	0.005	0.005	0.939	0.017	0.010	0.011
51	TC51	(0)	0 : 	0.004	0.045	0.007	0.006	0.926	0.004	0.003	0.004
52	TC52	(0)	0 : 	0.004	0.008	0.005	0.005	0.962	0.008	0.003	0.004
53	TC53	(0)	0 : 	0.014	0.011	0.002	0.006	0.947	0.008	0.003	0.009
54	TC54	(0)	0 : 	0.009	0.014	0.005	0.009	0.918	0.008	0.032	0.006
55	TC55	(1)	0 : 	0.030	0.009	0.005	0.011	0.921	0.007	0.010	0.007
56	TC56	(0)	0 : 	0.006	0.009	0.018	0.006	0.932	0.007	0.013	0.009
57	TC57	(1)	0 : 	0.019	0.004	0.003	0.008	0.939	0.011	0.006	0.009
58	TC58	(0)	0 : 	0.011	0.005	0.009	0.006	0.956	0.004	0.002	0.006
59	TC59	(0)	0 : 	0.004	0.004	0.002	0.003	0.976	0.003	0.003	0.003
60	TA01	(0)	1 : 	0.027	0.012	0.003	0.004	0.942	0.004	0.003	0.005
61	TA02	(0)	1 : 	0.012	0.005	0.003	0.006	0.962	0.003	0.006	0.003
62	TA03	(0)	1 : 	0.031	0.009	0.003	0.005	0.925	0.017	0.005	0.005
63	TA04	(0)	1 : 	0.060	0.386	0.003	0.004	0.535	0.006	0.003	0.003
64	TA05	(0)	1 : 	0.005	0.004	0.004	0.005	0.970	0.004	0.004	0.004
65	TA06	(0)	1 : 	0.016	0.010	0.003	0.002	0.960	0.003	0.003	0.003
66	TA07	(0)	1 : 	0.195	0.011	0.005	0.012	0.760	0.005	0.005	0.006
67	TA08	(0)	1 : 	0.017	0.026	0.004	0.002	0.920	0.025	0.003	0.002
68	TA09	(0)	1 : 	0.018	0.009	0.002	0.003	0.958	0.004	0.003	0.003
69	TA10	(0)	1 : 	0.012	0.007	0.016	0.009	0.937	0.003	0.003	0.013
70	TA11	(0)	1 : 	0.074	0.013	0.043	0.007	0.830	0.009	0.004	0.020
71	TA12	(0)	1 : 	0.017	0.004	0.005	0.008	0.900	0.002	0.005	0.058
72	TA13	(1)	1 : 	0.005	0.058	0.008	0.038	0.822	0.004	0.008	0.056
73	TA14	(0)	1 : 	0.034	0.011	0.002	0.003	0.941	0.003	0.004	0.003
74	TA15	(0)	1 : 	0.008	0.011	0.002	0.003	0.960	0.003	0.003	0.008
75	TA16	(0)	1 : 	0.040	0.032	0.007	0.006	0.903	0.004	0.003	0.006
76	TA17	(1)	1 : 	0.004	0.008	0.002	0.006	0.959	0.007	0.005	0.009
77	TA18	(0)	1 : 	0.003	0.005	0.004	0.005	0.955	0.003	0.008	0.018
78	TA19	(0)	1 : 	0.007	0.029	0.005	0.007	0.903	0.039	0.006	0.004
79	TA20	(0)	1 : 	0.013	0.005	0.003	0.008	0.943	0.004	0.019	0.005
80	TA21	(0)	1 : 	0.068	0.009	0.004	0.007	0.894	0.004	0.008	0.006
81	TA22	(0)	1 : 	0.004	0.014	0.002	0.003	0.960	0.002	0.007	0.008
82	TA23	(0)	1 : 	0.010	0.022	0.002	0.003	0.955	0.003	0.003	0.003
83	TA24	(0)	1 : 	0.004	0.007	0.003	0.007	0.955	0.017	0.003	0.004
84	TA25	(0)	1 : 	0.004	0.008	0.059	0.014	0.879	0.003	0.002	0.030
85	TA26	(0)	1 : 	0.083	0.015	0.009	0.004	0.871	0.004	0.004	0.009
86	TA27	(0)	1 : 	0.006	0.006	0.002	0.004	0.963	0.006	0.004	0.008
87	TA28	(0)	1 : 	0.026	0.007	0.007	0.014	0.922	0.008	0.013	0.003
88	TA29	(0)	1 : 	0.005	0.011	0.003	0.004	0.956	0.008	0.003	0.010
89	TA30	(0)	1 : 	0.227	0.088	0.004	0.006	0.643	0.013	0.008	0.011
90	BERM01	(0)	2 : 	0.004	0.981	0.002	0.003	0.003	0.002	0.003	0.002
91	BERM02	(0)	2 : 	0.009	0.973	0.002	0.003	0.006	0.002	0.003	0.002
92	BERM03	(0)	2 : 	0.006	0.976	0.002	0.004	0.003	0.003	0.003	0.003
93	BERM04	(0)	2 : 	0.007	0.976	0.003	0.002	0.003	0.004	0.002	0.003
94	BERM05	(0)	2 : 	0.004	0.973	0.004	0.003	0.002	0.003	0.003	0.008
95	BERM06	(0)	2 : 	0.035	0.949	0.002	0.003	0.004	0.003	0.002	0.003
96	BERM07	(0)	2 : 	0.007	0.973	0.003	0.003	0.006	0.003	0.002	0.003
97	BERM08	(0)	2 : 	0.003	0.982	0.002	0.002	0.004	0.002	0.002	0.002
98	BERM09	(0)	2 : 	0.125	0.853	0.002	0.003	0.010	0.002	0.002	0.003
99	BERM10	(0)	2 : 	0.018	0.957	0.004	0.004	0.006	0.004	0.002	0.004
100	BERM11	(0)	2 : 	0.033	0.949	0.003	0.003	0.005	0.002	0.003	0.002
101	BERM12	(0)	2 : 	0.012	0.949	0.016	0.002	0.006	0.004	0.002	0.008
102	BERM13	(0)	2 : 	0.003	0.979	0.002	0.004	0.004	0.002	0.002	0.003
103	BERM14	(0)	2 : 	0.036	0.942	0.003	0.002	0.008	0.004	0.002	0.004
104	CROC01	(0)	2 : 	0.005	0.941	0.004	0.005	0.003	0.014	0.017	0.010
105	CROC02	(0)	2 : 	0.044	0.913	0.007	0.013	0.005	0.003	0.004	0.010
106	CROC03	(0)	2 : 	0.067	0.906	0.005	0.004	0.005	0.006	0.003	0.003
107	CROC04	(0)	2 : 	0.003	0.884	0.002	0.006	0.090	0.005	0.003	0.006
108	CROC05	(0)	2 : 	0.006	0.978	0.003	0.003	0.003	0.002	0.002	0.003
109	CROC06	(0)	2 : 	0.016	0.902	0.028	0.014	0.018	0.007	0.010	0.005
110	CROC07	(0)	2 : 	0.011	0.967	0.003	0.003	0.007	0.003	0.002	0.005
111	CROC08	(0)	2 : 	0.006	0.957	0.009	0.004	0.004	0.004	0.011	0.005
112	CROC09	(0)	2 : 	0.021	0.957	0.003	0.004	0.003	0.003	0.007	0.002
113	CROC10	(0)	2 : 	0.004	0.979	0.003	0.003	0.003	0.002	0.002	0.004
114	CROC11	(0)	2 : 	0.021	0.957	0.003	0.004	0.003	0.003	0.007	0.002
115	CROC110	(0)	2 : 	0.032	0.939	0.002	0.008	0.007	0.004	0.004	0.003
116	CROC116	(0)	2 : 	0.023	0.923	0.005	0.007	0.012	0.007	0.006	0.018
117	CROC12	(0)	2 : 	0.004	0.977	0.002	0.005	0.005	0.002	0.002	0.002
118	CROC123	(0)	2 : 	0.010	0.976	0.002	0.002	0.004	0.002	0.002	0.002
119	CROC13	(0)	2 : 	0.015	0.960	0.008	0.003	0.004	0.003	0.002	0.005
120	CROC14	(0)	2 : 	0.026	0.879	0.058	0.019	0.010	0.002	0.005	0.002
121	CROC15	(0)	2 : 	0.004	0.895	0.018	0.023	0.006	0.032	0.017	0.004
122	CROC16	(0)	2 : 	0.015	0.947	0.009	0.006	0.003	0.004	0.007	0.009
123	CROC17	(0)	2 : 	0.004	0.953	0.002	0.003	0.033	0.002	0.002	0.002
124	CROC18	(0)	2 : 	0.005	0.964	0.006	0.009	0.006	0.003	0.003	0.004
125	CROC19	(0)	2 : 	0.005	0.964	0.003	0.007	0.008	0.005	0.003	0.004
126	CROC198	(0)	2 : 	0.021	0.957	0.003	0.003	0.003	0.004	0.003	0.006
127	CROC20	(0)	2 : 	0.010	0.962	0.004	0.007	0.003	0.005	0.004	0.005
128	CROC202	(0)	2 : 	0.011	0.957	0.013	0.003	0.004	0.005	0.003	0.005
129	CROC21	(0)	2 : 	0.006	0.973	0.003	0.004	0.006	0.003	0.002	0.003
130	CROC216	(0)	2 : 	0.007	0.952	0.004	0.008	0.012	0.007	0.006	0.004
131	CROC22	(0)	2 : 	0.075	0.879	0.003	0.008	0.006	0.002	0.002	0.024
132	CROC23	(1)	2 : 	0.005	0.975	0.003	0.003	0.004	0.002	0.004	0.003
133	CROC24	(0)	2 : 	0.028	0.950	0.005	0.004	0.005	0.003	0.003	0.003
134	CROC25	(0)	2 : 	0.009	0.975	0.002	0.003	0.004	0.002	0.003	0.002
135	CROC259	(0)	2 : 	0.006	0.939	0.010	0.003	0.032	0.003	0.003	0.004
136	CROC26	(0)	2 : 	0.007	0.952	0.004	0.003	0.021	0.005	0.004	0.004
137	CROC27	(0)	2 : 	0.046	0.919	0.003	0.005	0.007	0.005	0.009	0.006
138	CROC28	(0)	2 : 	0.142	0.811	0.003	0.002	0.035	0.003	0.003	0.003
139	CROC29	(0)	2 : 	0.012	0.966	0.003	0.003	0.004	0.004	0.004	0.004
140	CROC30	(0)	2 : 	0.006	0.945	0.005	0.021	0.008	0.004	0.006	0.005
141	CROC31	(0)	2 : 	0.022	0.931	0.003	0.006	0.017	0.003	0.004	0.013
142	CROC32	(0)	2 : 	0.029	0.954	0.003	0.003	0.003	0.003	0.002	0.004
143	CROC33	(0)	2 : 	0.007	0.955	0.002	0.005	0.007	0.004	0.017	0.003
144	CROC34	(0)	2 : 	0.003	0.974	0.003	0.003	0.005	0.003	0.004	0.004
145	CROC35	(0)	2 : 	0.018	0.959	0.002	0.004	0.012	0.002	0.002	0.002
146	CROC36	(0)	2 : 	0.006	0.980	0.003	0.002	0.003	0.002	0.002	0.002
147	CROC57	(0)	2 : 	0.005	0.976	0.004	0.003	0.003	0.003	0.003	0.003
148	CROC81	(0)	2 : 	0.011	0.952	0.012	0.005	0.003	0.003	0.007	0.005
149	CROC84	(0)	2 : 	0.007	0.978	0.003	0.002	0.003	0.002	0.002	0.004
150	FW01	(0)	2 : 	0.981	0.003	0.003	0.003	0.002	0.003	0.002	0.003
151	FW02	(0)	2 : 	0.004	0.985	0.002	0.002	0.002	0.002	0.002	0.002
152	FW03	(0)	2 : 	0.986	0.003	0.002	0.002	0.002	0.002	0.002	0.002
153	FW04	(0)	2 : 	0.003	0.985	0.002	0.002	0.002	0.002	0.002	0.002
154	FW05	(0)	2 : 	0.004	0.985	0.002	0.002	0.002	0.002	0.002	0.002
155	FW06	(0)	2 : 	0.004	0.985	0.002	0.002	0.002	0.002	0.002	0.002
156	FW07	(0)	2 : 	0.986	0.003	0.002	0.002	0.002	0.002	0.002	0.002
157	FW08	(0)	2 : 	0.003	0.985	0.002	0.002	0.002	0.002	0.002	0.002
158	FW09	(0)	2 : 	0.004	0.986	0.002	0.002	0.002	0.002	0.002	0.002
159	FW10	(0)	2 : 	0.985	0.002	0.002	0.002	0.002	0.002	0.002	0.002
160	FW100	(0)	2 : 	0.986	0.003	0.002	0.002	0.002	0.002	0.002	0.002
161	FW101	(0)	2 : 	0.986	0.002	0.002	0.002	0.002	0.002	0.002	0.002
162	FW102	(0)	2 : 	0.003	0.986	0.002	0.002	0.002	0.002	0.002	0.002
163	FW103	(0)	2 : 	0.004	0.985	0.002	0.002	0.002	0.002	0.002	0.002
164	FW104	(0)	2 : 	0.980	0.003	0.003	0.003	0.002	0.003	0.002	0.003
165	FW105	(0)	2 : 	0.985	0.002	0.002	0.002	0.002	0.002	0.002	0.002
166	FW106	(0)	2 : 	0.029	0.912	0.005	0.022	0.008	0.010	0.009	0.005
167	FW107	(0)	2 : 	0.981	0.003	0.003	0.003	0.002	0.003	0.002	0.003
168	FW108	(0)	2 : 	0.004	0.985	0.002	0.002	0.002	0.002	0.002	0.002
169	FW109	(0)	2 : 	0.986	0.002	0.002	0.002	0.002	0.002	0.002	0.002
170	FW11	(0)	2 : 	0.985	0.003	0.002	0.002	0.002	0.002	0.002	0.002
171	FW110	(0)	2 : 	0.986	0.002	0.002	0.002	0.002	0.002	0.002	0.002
172	FW111	(0)	2 : 	0.004	0.985	0.002	0.002	0.002	0.002	0.002	0.002
173	FW112	(0)	2 : 	0.985	0.003	0.002	0.002	0.002	0.002	0.002	0.002
174	FW113	(0)	2 : 	0.004	0.985	0.002	0.002	0.002	0.002	0.002	0.002
175	FW114	(0)	2 : 	0.986	0.003	0.002	0.002	0.002	0.002	0.002	0.002
176	FW115	(0)	2 : 	0.985	0.003	0.002	0.002	0.002	0.002	0.002	0.002
177	FW116	(0)	2 : 	0.004	0.985	0.002	0.002	0.002	0.002	0.002	0.002
178	FW12	(0)	2 : 	0.004	0.985	0.002	0.002	0.002	0.002	0.002	0.002
179	FW13	(0)	2 : 	0.004	0.985	0.002	0.002	0.002	0.002	0.002	0.002
180	FW14	(0)	2 : 	0.980	0.003	0.003	0.003	0.002	0.003	0.003	0.003
181	FW15	(0)	2 : 	0.981	0.003	0.003	0.003	0.002	0.003	0.002	0.003
182	FW16	(0)	2 : 	0.986	0.002	0.002	0.002	0.002	0.002	0.002	0.002
183	FW17	(0)	2 : 	0.986	0.003	0.002	0.002	0.002	0.002	0.002	0.002
184	FW18	(0)	2 : 	0.984	0.004	0.002	0.002	0.002	0.002	0.002	0.002
185	FW19	(0)	2 : 	0.004	0.985	0.002	0.002	0.002	0.002	0.002	0.002
186	FW20	(0)	2 : 	0.003	0.986	0.002	0.002	0.002	0.002	0.002	0.002
187	FW21	(0)	2 : 	0.003	0.986	0.002	0.002	0.002	0.002	0.002	0.002
188	FW22	(0)	2 : 	0.984	0.003	0.002	0.002	0.002	0.002	0.002	0.002
189	FW23	(0)	2 : 	0.004	0.985	0.002	0.002	0.002	0.002	0.002	0.002
190	FW24	(0)	2 : 	0.004	0.986	0.002	0.002	0.002	0.002	0.002	0.002
191	FW25	(0)	2 : 	0.003	0.986	0.002	0.002	0.002	0.002	0.002	0.002
192	FW26	(0)	2 : 	0.003	0.986	0.002	0.002	0.002	0.002	0.002	0.002
193	FW27	(0)	2 : 	0.986	0.002	0.002	0.002	0.002	0.002	0.002	0.002
194	FW28	(0)	2 : 	0.004	0.985	0.002	0.002	0.002	0.002	0.002	0.002
195	FW29	(0)	2 : 	0.004	0.985	0.002	0.002	0.002	0.002	0.002	0.002
196	FW30	(0)	2 : 	0.028	0.914	0.005	0.022	0.008	0.010	0.009	0.005
197	FW32	(0)	2 : 	0.980	0.004	0.003	0.003	0.003	0.003	0.002	0.003
198	FW33	(0)	2 : 	0.004	0.985	0.002	0.002	0.002	0.002	0.002	0.002
199	FW34	(0)	2 : 	0.004	0.985	0.002	0.002	0.002	0.002	0.002	0.002
200	FW35	(0)	2 : 	0.003	0.986	0.002	0.002	0.002	0.002	0.002	0.002
201	FW36	(0)	2 : 	0.004	0.985	0.002	0.002	0.002	0.002	0.002	0.002
202	FW37	(0)	2 : 	0.985	0.003	0.002	0.002	0.002	0.002	0.002	0.002
203	FW51	(0)	2 : 	0.004	0.985	0.002	0.002	0.002	0.002	0.002	0.002
204	FW52	(0)	2 : 	0.986	0.003	0.002	0.002	0.002	0.002	0.002	0.002
205	FW53	(0)	2 : 	0.004	0.986	0.002	0.002	0.002	0.002	0.002	0.002
206	FW54	(0)	2 : 	0.986	0.002	0.002	0.002	0.002	0.002	0.002	0.002
207	FW55	(0)	2 : 	0.003	0.986	0.002	0.002	0.002	0.002	0.002	0.002
208	FW56	(0)	2 : 	0.003	0.985	0.002	0.002	0.002	0.002	0.002	0.002
209	FW57	(0)	2 : 	0.004	0.985	0.002	0.002	0.002	0.002	0.002	0.002
210	FW78	(0)	2 : 	0.003	0.986	0.002	0.002	0.002	0.002	0.002	0.002
211	FW79	(0)	2 : 	0.004	0.985	0.002	0.002	0.002	0.002	0.002	0.002
212	FW80	(0)	2 : 	0.003	0.985	0.002	0.002	0.002	0.002	0.002	0.002
213	FW81	(0)	2 : 	0.986	0.003	0.002	0.002	0.002	0.002	0.002	0.002
214	FW82	(0)	2 : 	0.985	0.003	0.002	0.002	0.002	0.002	0.002	0.002
215	FW83	(0)	2 : 	0.980	0.003	0.003	0.003	0.002	0.003	0.002	0.003
216	FW84	(0)	2 : 	0.004	0.985	0.002	0.002	0.002	0.002	0.002	0.002
217	FW85	(0)	2 : 	0.985	0.002	0.002	0.002	0.003	0.002	0.002	0.002
218	FW86	(0)	2 : 	0.985	0.003	0.002	0.002	0.002	0.002	0.002	0.002
219	FW87	(0)	2 : 	0.984	0.003	0.002	0.002	0.002	0.002	0.002	0.002
220	FW88	(0)	2 : 	0.004	0.985	0.002	0.002	0.002	0.002	0.002	0.002
221	FW89	(0)	2 : 	0.004	0.985	0.002	0.002	0.002	0.002	0.002	0.002
222	FW90	(0)	2 : 	0.003	0.986	0.002	0.002	0.002	0.002	0.002	0.002
223	FW91	(0)	2 : 	0.985	0.003	0.002	0.002	0.002	0.002	0.002	0.002
224	FW92	(0)	2 : 	0.004	0.985	0.002	0.002	0.002	0.002	0.002	0.002
225	FW93	(0)	2 : 	0.004	0.985	0.002	0.002	0.002	0.002	0.002	0.002
226	FW94	(0)	2 : 	0.985	0.003	0.002	0.002	0.002	0.002	0.002	0.002
227	FW95	(0)	2 : 	0.004	0.985	0.002	0.002	0.002	0.002	0.002	0.002
228	FW96	(0)	2 : 	0.004	0.986	0.002	0.002	0.002	0.002	0.002	0.002
229	FW97	(0)	2 : 	0.044	0.916	0.008	0.007	0.004	0.008	0.005	0.008
230	FW98	(0)	2 : 	0.986	0.002	0.002	0.002	0.002	0.002	0.002	0.002
231	FW99	(0)	2 : 	0.004	0.986	0.002	0.002	0.002	0.002	0.002	0.002
232	Cal01	(0)	2 : 	0.005	0.973	0.003	0.003	0.004	0.003	0.005	0.004
233	Cal02	(0)	2 : 	0.007	0.970	0.003	0.006	0.005	0.003	0.003	0.003
234	Cal03	(0)	2 : 	0.071	0.910	0.002	0.004	0.003	0.003	0.003	0.003
235	Cal04	(0)	2 : 	0.005	0.957	0.004	0.007	0.007	0.013	0.003	0.004
236	Cal05	(0)	2 : 	0.017	0.964	0.002	0.002	0.009	0.002	0.002	0.002
237	Cal06	(0)	2 : 	0.005	0.965	0.004	0.006	0.012	0.002	0.004	0.003
238	Cal07	(0)	2 : 	0.007	0.970	0.002	0.002	0.014	0.002	0.002	0.002
239	Cal08	(0)	2 : 	0.008	0.966	0.005	0.004	0.004	0.006	0.003	0.004
240	Cal09	(0)	2 : 	0.008	0.967	0.003	0.003	0.012	0.002	0.002	0.004
241	Cal10	(0)	2 : 	0.013	0.959	0.003	0.007	0.006	0.005	0.004	0.004
242	Cal11	(0)	2 : 	0.012	0.963	0.006	0.004	0.006	0.003	0.002	0.003
243	Cal197	(0)	2 : 	0.004	0.981	0.002	0.004	0.004	0.001	0.003	0.002
244	Cal198	(0)	2 : 	0.054	0.858	0.002	0.004	0.030	0.004	0.043	0.004
245	Cal199	(0)	2 : 	0.010	0.934	0.003	0.002	0.002	0.026	0.003	0.020
246	Cal200	(0)	2 : 	0.049	0.932	0.003	0.003	0.004	0.003	0.002	0.003
247	Cal201	(0)	2 : 	0.039	0.943	0.002	0.003	0.006	0.002	0.002	0.002
248	Cal202	(0)	2 : 	0.009	0.949	0.007	0.006	0.005	0.009	0.010	0.005
249	Cal203	(0)	2 : 	0.035	0.943	0.004	0.003	0.003	0.004	0.004	0.003
250	Cal204	(0)	2 : 	0.003	0.975	0.003	0.003	0.004	0.003	0.004	0.004
251	Cal205	(0)	2 : 	0.008	0.972	0.002	0.003	0.004	0.003	0.004	0.003
252	Cal206	(0)	2 : 	0.010	0.970	0.004	0.005	0.003	0.003	0.002	0.004
253	Cal207	(0)	2 : 	0.005	0.973	0.002	0.003	0.005	0.002	0.006	0.005
254	Cal208	(0)	2 : 	0.010	0.972	0.003	0.003	0.003	0.003	0.004	0.003
255	Cal209	(0)	2 : 	0.006	0.980	0.002	0.003	0.003	0.003	0.002	0.002
256	Cal210	(0)	2 : 	0.010	0.935	0.003	0.002	0.002	0.024	0.003	0.020
257	Cal211	(0)	2 : 	0.005	0.979	0.002	0.003	0.004	0.003	0.002	0.003
258	Cal212	(0)	2 : 	0.035	0.944	0.002	0.003	0.003	0.005	0.002	0.005
259	Cal213	(0)	2 : 	0.106	0.802	0.002	0.012	0.042	0.007	0.025	0.004
260	Cal214	(0)	2 : 	0.006	0.940	0.003	0.006	0.003	0.030	0.008	0.004
261	Cal215	(0)	2 : 	0.008	0.958	0.006	0.005	0.004	0.011	0.003	0.006
262	Cal216	(0)	2 : 	0.019	0.955	0.003	0.004	0.006	0.002	0.005	0.005
263	Cal217	(0)	2 : 	0.006	0.979	0.002	0.002	0.005	0.002	0.003	0.002
264	Cal218	(0)	2 : 	0.070	0.913	0.002	0.003	0.003	0.004	0.002	0.003
265	Cal219	(0)	2 : 	0.013	0.968	0.002	0.004	0.003	0.003	0.002	0.004
266	Cal220	(0)	2 : 	0.005	0.974	0.002	0.005	0.004	0.003	0.004	0.004
267	Cal221	(0)	2 : 	0.024	0.958	0.002	0.003	0.003	0.003	0.003	0.003
268	Cal222	(0)	2 : 	0.009	0.965	0.003	0.003	0.004	0.009	0.003	0.005
269	Cal223	(0)	2 : 	0.037	0.799	0.003	0.005	0.135	0.005	0.012	0.005
270	Cal224	(0)	2 : 	0.004	0.901	0.020	0.004	0.006	0.004	0.052	0.007
271	Cal33	(0)	2 : 	0.007	0.974	0.002	0.005	0.004	0.003	0.002	0.003
272	Cal34	(0)	2 : 	0.011	0.958	0.003	0.003	0.008	0.003	0.008	0.007
273	Cal35	(0)	2 : 	0.006	0.976	0.002	0.003	0.006	0.003	0.002	0.003
274	Cal37	(0)	2 : 	0.006	0.950	0.002	0.013	0.015	0.004	0.002	0.009
275	Cal38	(0)	2 : 	0.005	0.981	0.001	0.002	0.004	0.002	0.002	0.002
276	Cal39	(0)	2 : 	0.048	0.933	0.004	0.002	0.004	0.003	0.002	0.003
277	Cal40	(0)	2 : 	0.006	0.979	0.003	0.002	0.003	0.003	0.002	0.002
278	Cal41	(0)	2 : 	0.006	0.979	0.002	0.003	0.004	0.003	0.002	0.002
279	Cal42	(0)	2 : 	0.004	0.978	0.003	0.003	0.002	0.003	0.002	0.004
280	Cal43	(0)	2 : 	0.012	0.969	0.002	0.004	0.004	0.003	0.002	0.004
281	Cal44	(0)	2 : 	0.048	0.923	0.004	0.006	0.004	0.006	0.004	0.005
282	BW41	(0)	2 : 	0.014	0.951	0.011	0.005	0.004	0.005	0.006	0.004
283	BW42	(0)	2 : 	0.042	0.934	0.003	0.007	0.005	0.003	0.003	0.003
284	BW44	(0)	2 : 	0.041	0.932	0.002	0.004	0.013	0.002	0.003	0.002
285	BW45	(0)	2 : 	0.018	0.967	0.002	0.002	0.005	0.002	0.002	0.002
286	BW46	(0)	2 : 	0.026	0.952	0.003	0.005	0.003	0.003	0.004	0.005
287	BW47	(0)	2 : 	0.005	0.962	0.007	0.009	0.010	0.003	0.002	0.003
288	BW48	(0)	2 : 	0.103	0.864	0.006	0.006	0.007	0.005	0.003	0.006
289	BW49	(0)	2 : 	0.004	0.969	0.002	0.003	0.014	0.002	0.002	0.004
290	BW50	(1)	2 : 	0.013	0.971	0.003	0.003	0.003	0.002	0.002	0.002
291	BW51	(0)	2 : 	0.080	0.901	0.002	0.003	0.007	0.002	0.002	0.002
292	BW52	(0)	2 : 	0.007	0.976	0.004	0.003	0.004	0.002	0.002	0.002
293	BW53	(0)	2 : 	0.007	0.962	0.002	0.009	0.007	0.003	0.004	0.005
294	BW54	(0)	2 : 	0.027	0.865	0.007	0.030	0.018	0.045	0.006	0.004
295	BW55	(0)	2 : 	0.026	0.952	0.004	0.003	0.003	0.004	0.004	0.004
296	BW56	(0)	2 : 	0.004	0.977	0.004	0.003	0.004	0.002	0.003	0.002
297	BW57	(0)	2 : 	0.004	0.973	0.002	0.003	0.005	0.002	0.006	0.003
298	BW58	(0)	2 : 	0.013	0.963	0.002	0.005	0.009	0.002	0.003	0.003
299	BW59	(0)	2 : 	0.011	0.972	0.002	0.004	0.004	0.002	0.002	0.003
300	BW60	(0)	2 : 	0.015	0.967	0.003	0.002	0.005	0.002	0.003	0.003
301	BW61	(0)	2 : 	0.074	0.848	0.058	0.005	0.006	0.003	0.003	0.003
302	BW62	(0)	2 : 	0.090	0.883	0.004	0.006	0.005	0.006	0.003	0.003
303	BW63	(0)	2 : 	0.127	0.789	0.003	0.017	0.044	0.011	0.004	0.006
304	BW64	(0)	2 : 	0.010	0.975	0.002	0.004	0.004	0.002	0.002	0.002
305	BW65	(0)	2 : 	0.054	0.889	0.010	0.010	0.008	0.008	0.017	0.005
306	BW66	(0)	2 : 	0.028	0.945	0.007	0.003	0.008	0.004	0.003	0.003
307	BW67	(0)	2 : 	0.097	0.890	0.002	0.002	0.004	0.002	0.002	0.002
308	BW68	(0)	2 : 	0.017	0.954	0.004	0.006	0.009	0.003	0.003	0.004
309	BW69	(0)	2 : 	0.019	0.942	0.022	0.004	0.003	0.004	0.002	0.004
310	BW70	(0)	2 : 	0.051	0.929	0.002	0.003	0.006	0.004	0.003	0.003
311	BW71	(0)	2 : 	0.004	0.984	0.002	0.002	0.003	0.002	0.002	0.002
312	BW72	(0)	2 : 	0.005	0.960	0.008	0.006	0.005	0.005	0.005	0.006
313	BW73	(0)	2 : 	0.005	0.917	0.034	0.023	0.010	0.004	0.003	0.003
314	BW74	(0)	2 : 	0.036	0.936	0.003	0.006	0.008	0.004	0.002	0.004
315	BW75	(0)	2 : 	0.004	0.957	0.006	0.008	0.013	0.003	0.004	0.005
316	BW76	(1)	2 : 	0.010	0.961	0.005	0.003	0.003	0.009	0.003	0.005
317	BW77	(0)	2 : 	0.067	0.889	0.005	0.010	0.011	0.002	0.012	0.005
318	BW78	(0)	2 : 	0.016	0.956	0.003	0.003	0.010	0.006	0.002	0.005
319	BW79	(0)	2 : 	0.009	0.972	0.002	0.003	0.004	0.004	0.003	0.004
320	BW80	(0)	2 : 	0.033	0.944	0.002	0.007	0.004	0.002	0.004	0.002
321	BW81	(0)	2 : 	0.021	0.953	0.003	0.004	0.011	0.002	0.004	0.003
322	BWS05	(0)	2 : 	0.097	0.832	0.025	0.018	0.009	0.007	0.006	0.006
323	BWS06	(0)	2 : 	0.298	0.677	0.003	0.003	0.004	0.008	0.004	0.004
324	BWS07	(0)	2 : 	0.007	0.964	0.002	0.011	0.009	0.004	0.002	0.002
325	BWS08	(0)	2 : 	0.008	0.929	0.022	0.005	0.018	0.007	0.007	0.004
326	BWS09	(0)	2 : 	0.006	0.979	0.002	0.002	0.003	0.003	0.003	0.003
327	BWS10	(0)	2 : 	0.033	0.937	0.003	0.005	0.007	0.011	0.002	0.003
328	BWS11	(0)	2 : 	0.002	0.981	0.002	0.003	0.003	0.003	0.002	0.003
329	BWS12	(0)	2 : 	0.027	0.946	0.004	0.007	0.007	0.003	0.004	0.003
330	BWS13	(0)	2 : 	0.160	0.816	0.003	0.003	0.003	0.004	0.007	0.003
331	BWS14	(0)	2 : 	0.171	0.804	0.003	0.008	0.005	0.003	0.003	0.003
332	BWS15	(0)	2 : 	0.002	0.969	0.005	0.004	0.005	0.007	0.003	0.005
333	BWS16	(0)	2 : 	0.007	0.918	0.003	0.004	0.060	0.003	0.002	0.002
334	BWS17	(0)	2 : 	0.007	0.966	0.005	0.004	0.005	0.005	0.004	0.004
335	BWS18	(0)	2 : 	0.009	0.941	0.002	0.006	0.008	0.018	0.014	0.003
336	BWS19	(0)	2 : 	0.020	0.940	0.007	0.009	0.005	0.009	0.007	0.003
337	BWS20	(0)	2 : 	0.010	0.961	0.003	0.002	0.017	0.002	0.003	0.002
338	BWS21	(0)	2 : 	0.121	0.760	0.005	0.013	0.008	0.013	0.023	0.057
339	BWS22	(0)	2 : 	0.023	0.956	0.003	0.003	0.003	0.003	0.006	0.003
340	BWS23	(0)	2 : 	0.017	0.942	0.003	0.004	0.007	0.004	0.021	0.002
341	BWS24	(0)	2 : 	0.004	0.937	0.003	0.008	0.008	0.011	0.003	0.026
342	BWS25	(0)	2 : 	0.006	0.977	0.005	0.003	0.003	0.003	0.002	0.002
343	BWS26	(0)	2 : 	0.011	0.965	0.004	0.006	0.006	0.003	0.003	0.003
344	BWS27	(0)	2 : 	0.012	0.969	0.002	0.004	0.006	0.003	0.002	0.002
345	BWS28	(0)	2 : 	0.060	0.898	0.004	0.013	0.008	0.006	0.005	0.006
346	BWS29	(0)	2 : 	0.162	0.801	0.007	0.006	0.008	0.004	0.004	0.008
347	BWS30	(0)	2 : 	0.005	0.977	0.002	0.002	0.003	0.002	0.003	0.004
348	BWS31	(0)	2 : 	0.007	0.960	0.004	0.005	0.016	0.003	0.002	0.002
349	BWS32	(0)	2 : 	0.103	0.864	0.003	0.006	0.008	0.010	0.002	0.004
350	BWS33	(0)	2 : 	0.006	0.955	0.006	0.009	0.003	0.004	0.005	0.011
351	BWS34	(0)	2 : 	0.200	0.768	0.005	0.006	0.006	0.005	0.007	0.004
352	BWS35	(0)	2 : 	0.017	0.947	0.004	0.007	0.009	0.008	0.003	0.005
353	BWS36	(0)	2 : 	0.008	0.974	0.004	0.002	0.003	0.003	0.002	0.003
354	BWS37	(0)	2 : 	0.046	0.924	0.007	0.005	0.007	0.004	0.003	0.003
355	BWS38	(0)	2 : 	0.017	0.962	0.003	0.003	0.006	0.003	0.003	0.003
356	BWS39	(0)	2 : 	0.020	0.964	0.002	0.003	0.005	0.002	0.002	0.002
357	BWS40	(0)	2 : 	0.010	0.968	0.005	0.002	0.003	0.005	0.002	0.004
358	BWN01	(0)	2 : 	0.023	0.950	0.004	0.003	0.011	0.003	0.002	0.005
359	BWN02	(0)	2 : 	0.010	0.950	0.002	0.003	0.028	0.002	0.002	0.003
360	BWN03	(0)	2 : 	0.004	0.950	0.013	0.010	0.005	0.003	0.011	0.004
361	BWN04	(0)	2 : 	0.064	0.907	0.010	0.003	0.007	0.002	0.003	0.002
362	NC01	(0)	3 : 	0.052	0.096	0.003	0.019	0.821	0.003	0.003	0.004
363	NC02	(1)	3 : 	0.064	0.017	0.006	0.006	0.897	0.003	0.003	0.005
364	NC03	(1)	3 : 	0.011	0.006	0.002	0.005	0.965	0.002	0.007	0.003
365	NC04	(0)	3 : 	0.022	0.008	0.003	0.004	0.951	0.005	0.003	0.003
366	NC05	(0)	3 : 	0.011	0.026	0.005	0.010	0.896	0.032	0.010	0.010
367	NC06	(0)	3 : 	0.027	0.021	0.006	0.005	0.931	0.004	0.003	0.002
368	NC07	(0)	3 : 	0.017	0.015	0.002	0.003	0.953	0.005	0.002	0.003
369	NC08	(1)	3 : 	0.152	0.021	0.004	0.004	0.809	0.003	0.005	0.003
370	NC09	(0)	3 : 	0.052	0.013	0.004	0.005	0.913	0.005	0.004	0.004
371	NC10	(0)	3 : 	0.127	0.163	0.003	0.003	0.697	0.002	0.003	0.002
372	NC11	(0)	3 : 	0.015	0.029	0.005	0.010	0.924	0.005	0.004	0.007
373	NC12	(1)	3 : 	0.033	0.006	0.004	0.005	0.943	0.003	0.002	0.003
374	NC13	(0)	3 : 	0.011	0.010	0.002	0.009	0.949	0.004	0.014	0.002
375	NC14	(0)	3 : 	0.067	0.014	0.003	0.014	0.892	0.003	0.003	0.004
376	NC15	(0)	3 : 	0.030	0.013	0.004	0.008	0.933	0.003	0.005	0.003
377	NC16	(0)	3 : 	0.015	0.049	0.003	0.025	0.899	0.002	0.003	0.004
378	NC18	(0)	3 : 	0.048	0.013	0.005	0.007	0.918	0.002	0.004	0.004
379	NC19	(0)	3 : 	0.018	0.004	0.002	0.003	0.966	0.002	0.002	0.002
380	NC20	(0)	3 : 	0.207	0.025	0.014	0.004	0.732	0.008	0.007	0.003
381	NC21	(1)	3 : 	0.188	0.015	0.002	0.007	0.775	0.004	0.006	0.004
382	NC22	(0)	3 : 	0.178	0.005	0.005	0.002	0.800	0.003	0.002	0.004
383	NC23	(0)	3 : 	0.031	0.016	0.003	0.008	0.932	0.002	0.004	0.004
384	NC24	(1)	3 : 	0.011	0.004	0.004	0.003	0.969	0.003	0.002	0.004
385	SAND01	(0)	3 : 	0.781	0.202	0.002	0.002	0.003	0.005	0.002	0.003
386	SAND02	(0)	3 : 	0.787	0.198	0.002	0.002	0.003	0.003	0.002	0.003
387	SAND03	(0)	3 : 	0.785	0.203	0.002	0.002	0.003	0.002	0.002	0.002
388	SAND04	(0)	3 : 	0.799	0.186	0.002	0.003	0.003	0.002	0.002	0.002
389	SAND05	(0)	3 : 	0.788	0.197	0.002	0.002	0.003	0.002	0.002	0.002
390	SAND06	(0)	3 : 	0.787	0.193	0.002	0.003	0.008	0.002	0.002	0.002
391	SAND07	(0)	3 : 	0.781	0.203	0.002	0.002	0.003	0.004	0.002	0.003
392	SAND08	(1)	3 : 	0.786	0.174	0.003	0.003	0.029	0.002	0.002	0.002
393	SAND09	(0)	3 : 	0.743	0.220	0.003	0.006	0.014	0.004	0.003	0.008
394	SAND10	(0)	3 : 	0.784	0.183	0.003	0.003	0.020	0.003	0.002	0.002
395	SAND11	(0)	3 : 	0.784	0.202	0.002	0.003	0.003	0.003	0.002	0.002
396	SAND12	(0)	3 : 	0.785	0.200	0.002	0.002	0.004	0.003	0.002	0.003
397	SAND13	(0)	3 : 	0.784	0.185	0.003	0.002	0.019	0.003	0.002	0.002
398	SAND14	(0)	3 : 	0.777	0.204	0.003	0.002	0.006	0.003	0.002	0.002
399	SAND15	(0)	3 : 	0.786	0.200	0.002	0.002	0.003	0.002	0.003	0.002
400	SAND16	(0)	3 : 	0.769	0.198	0.002	0.007	0.012	0.003	0.003	0.007
401	SAND17	(0)	3 : 	0.782	0.204	0.002	0.002	0.003	0.003	0.002	0.002
402	SAND18	(0)	3 : 	0.788	0.199	0.002	0.002	0.004	0.002	0.002	0.002
403	SAND19	(0)	3 : 	0.787	0.200	0.002	0.002	0.003	0.002	0.002	0.002
404	SAND20	(1)	3 : 	0.783	0.196	0.002	0.002	0.010	0.003	0.002	0.003
405	SAND21	(0)	3 : 	0.778	0.207	0.002	0.003	0.003	0.003	0.002	0.002
406	SAND22	(0)	3 : 	0.787	0.201	0.002	0.002	0.004	0.002	0.002	0.002
407	SAND23	(0)	3 : 	0.791	0.196	0.002	0.002	0.002	0.002	0.002	0.002
408	SAND24	(0)	3 : 	0.026	0.943	0.007	0.006	0.005	0.005	0.004	0.005
409	SAND25	(0)	3 : 	0.780	0.190	0.003	0.004	0.014	0.003	0.002	0.004
410	SAND26	(0)	3 : 	0.783	0.201	0.002	0.002	0.006	0.002	0.002	0.002
411	SAND27	(0)	3 : 	0.779	0.145	0.004	0.004	0.059	0.003	0.003	0.003
412	SAND28	(0)	3 : 	0.792	0.194	0.002	0.002	0.004	0.002	0.002	0.002
413	SAND29	(0)	3 : 	0.784	0.203	0.002	0.002	0.003	0.002	0.002	0.002
414	SAND30	(0)	3 : 	0.778	0.206	0.002	0.002	0.005	0.002	0.003	0.002
415	SAND31	(0)	3 : 	0.781	0.184	0.002	0.002	0.024	0.003	0.002	0.003
416	SAND32	(0)	3 : 	0.798	0.181	0.002	0.003	0.009	0.002	0.002	0.002
417	SAND33	(0)	3 : 	0.782	0.201	0.003	0.002	0.004	0.004	0.002	0.003
418	SAND34	(0)	3 : 	0.786	0.199	0.002	0.003	0.004	0.002	0.002	0.002
419	SAND35	(0)	3 : 	0.779	0.208	0.002	0.002	0.004	0.002	0.002	0.002
420	SAND36	(0)	3 : 	0.788	0.200	0.002	0.002	0.003	0.002	0.002	0.002
421	SAND37	(0)	3 : 	0.783	0.203	0.002	0.003	0.003	0.002	0.002	0.002
422	SAND38	(0)	3 : 	0.783	0.197	0.002	0.003	0.006	0.003	0.002	0.004
423	SAND39	(0)	3 : 	0.784	0.175	0.002	0.003	0.030	0.002	0.002	0.002
424	SAND40	(0)	3 : 	0.785	0.197	0.003	0.003	0.004	0.002	0.003	0.002
425	SAND41	(0)	3 : 	0.787	0.199	0.002	0.002	0.004	0.002	0.002	0.002
426	SAND42	(0)	3 : 	0.783	0.199	0.002	0.003	0.004	0.003	0.002	0.003
427	SAND43	(0)	3 : 	0.708	0.269	0.003	0.003	0.006	0.004	0.003	0.004
428	SAND44	(0)	3 : 	0.785	0.201	0.002	0.002	0.004	0.002	0.002	0.002
429	Hon01	(0)	4 : 	0.003	0.002	0.004	0.005	0.976	0.006	0.003	0.002
430	Hon02	(0)	4 : 	0.003	0.015	0.003	0.003	0.966	0.002	0.005	0.005
431	Hon03	(1)	4 : 	0.003	0.021	0.023	0.004	0.822	0.008	0.105	0.014
432	Hon04	(0)	4 : 	0.002	0.004	0.003	0.004	0.976	0.003	0.005	0.004
433	Hon05	(0)	4 : 	0.003	0.004	0.005	0.003	0.977	0.002	0.003	0.003
434	Hon06	(0)	4 : 	0.002	0.003	0.002	0.003	0.981	0.004	0.002	0.003
435	Hon07	(0)	4 : 	0.002	0.003	0.003	0.003	0.979	0.003	0.003	0.003
436	Hon08	(0)	4 : 	0.006	0.003	0.002	0.003	0.974	0.002	0.005	0.004
437	Hon09	(0)	4 : 	0.003	0.087	0.004	0.002	0.892	0.003	0.006	0.003
438	Hon10	(0)	4 : 	0.003	0.004	0.021	0.003	0.938	0.018	0.005	0.008
439	Hon11	(0)	4 : 	0.007	0.009	0.005	0.053	0.899	0.008	0.006	0.013
440	Hon12	(0)	4 : 	0.003	0.017	0.007	0.002	0.952	0.003	0.011	0.004
441	Hon13	(0)	4 : 	0.002	0.003	0.004	0.003	0.978	0.003	0.003	0.004
442	Hon14	(0)	4 : 	0.003	0.003	0.016	0.004	0.954	0.002	0.015	0.003
443	Hon15	(0)	4 : 	0.002	0.002	0.003	0.003	0.973	0.005	0.009	0.003
444	Hon16	(0)	4 : 	0.006	0.003	0.002	0.003	0.975	0.002	0.005	0.004
445	Hon17	(0)	4 : 	0.003	0.003	0.002	0.005	0.981	0.002	0.002	0.002
446	Hon18	(0)	4 : 	0.015	0.044	0.003	0.004	0.921	0.003	0.008	0.002
447	Hon19	(0)	4 : 	0.003	0.004	0.005	0.004	0.969	0.008	0.003	0.003
448	Hon20	(0)	4 : 	0.003	0.003	0.003	0.004	0.964	0.008	0.004	0.012
449	ERIN01	(0)	5 : 	0.002	0.002	0.983	0.003	0.002	0.003	0.002	0.004
450	ERIN02	(0)	5 : 	0.002	0.002	0.983	0.003	0.002	0.003	0.002	0.004
451	ERIN03	(0)	5 : 	0.002	0.002	0.983	0.003	0.002	0.003	0.002	0.004
452	ERIN04	(0)	5 : 	0.002	0.002	0.983	0.003	0.002	0.003	0.002	0.004
453	ERIN05	(0)	5 : 	0.002	0.002	0.982	0.003	0.002	0.003	0.003	0.004
454	ERIN06	(0)	5 : 	0.002	0.002	0.983	0.003	0.002	0.003	0.002	0.004
455	ERIN07	(0)	5 : 	0.002	0.002	0.982	0.003	0.002	0.003	0.002	0.004
456	ERIN08	(0)	5 : 	0.002	0.002	0.983	0.003	0.002	0.003	0.002	0.004
457	ERIN09	(0)	5 : 	0.002	0.002	0.983	0.003	0.002	0.003	0.002	0.004
458	ERIN10	(0)	5 : 	0.002	0.002	0.983	0.002	0.002	0.003	0.002	0.004
459	ERIN11	(0)	5 : 	0.002	0.002	0.981	0.004	0.002	0.003	0.002	0.004
460	ERIN12	(0)	5 : 	0.002	0.002	0.983	0.003	0.002	0.003	0.002	0.004
461	ERIN13	(0)	5 : 	0.002	0.002	0.984	0.002	0.002	0.003	0.002	0.004
462	ERIN14	(0)	5 : 	0.002	0.002	0.983	0.003	0.002	0.003	0.002	0.004
463	ERIN15	(0)	5 : 	0.002	0.002	0.982	0.003	0.002	0.003	0.003	0.004
464	ERIN16	(0)	5 : 	0.002	0.002	0.980	0.003	0.002	0.003	0.003	0.005
465	ERIN17	(0)	5 : 	0.002	0.002	0.983	0.003	0.002	0.003	0.002	0.004
466	ERIN18	(0)	5 : 	0.002	0.002	0.983	0.002	0.002	0.003	0.002	0.004
467	ERIN19	(0)	5 : 	0.002	0.002	0.983	0.003	0.002	0.003	0.002	0.004
468	ERIN20	(0)	5 : 	0.002	0.002	0.983	0.003	0.002	0.003	0.002	0.004
469	ERIN21	(0)	5 : 	0.002	0.002	0.982	0.003	0.002	0.003	0.002	0.005
470	ERIN22	(0)	5 : 	0.002	0.002	0.982	0.003	0.002	0.003	0.002	0.004
471	ERIN23	(0)	5 : 	0.002	0.002	0.983	0.003	0.002	0.003	0.002	0.004
472	ERIN24	(0)	5 : 	0.002	0.002	0.983	0.003	0.002	0.003	0.002	0.004
473	ERIN25	(0)	5 : 	0.002	0.002	0.982	0.003	0.002	0.003	0.002	0.005
474	ERIN26	(0)	5 : 	0.002	0.002	0.983	0.003	0.002	0.003	0.002	0.004
475	ERIN27	(0)	5 : 	0.002	0.002	0.982	0.003	0.002	0.003	0.002	0.004
476	ERIN28	(0)	5 : 	0.002	0.002	0.982	0.002	0.002	0.003	0.003	0.004
477	ERIN29	(0)	5 : 	0.002	0.002	0.983	0.003	0.002	0.003	0.003	0.004
478	ERIN30	(0)	5 : 	0.002	0.002	0.983	0.002	0.002	0.003	0.002	0.004
479	ERIN31	(0)	5 : 	0.002	0.002	0.983	0.003	0.002	0.003	0.002	0.004
480	ERIN32	(0)	5 : 	0.002	0.002	0.983	0.003	0.002	0.003	0.002	0.004
481	ERIN33	(0)	5 : 	0.002	0.002	0.983	0.003	0.002	0.003	0.003	0.004
482	ERIN34	(0)	5 : 	0.002	0.002	0.983	0.003	0.002	0.003	0.002	0.004
483	ERIN35	(0)	5 : 	0.002	0.002	0.983	0.002	0.002	0.003	0.002	0.004
484	ERIN38	(1)	5 : 	0.002	0.002	0.982	0.003	0.002	0.003	0.002	0.004
485	ERIN39	(0)	5 : 	0.002	0.002	0.983	0.003	0.002	0.003	0.002	0.004
486	ERIN40	(0)	5 : 	0.002	0.002	0.983	0.002	0.002	0.003	0.002	0.004
487	ERIN41	(0)	5 : 	0.002	0.002	0.983	0.002	0.002	0.003	0.002	0.004
488	ERIN42	(0)	5 : 	0.002	0.002	0.983	0.003	0.002	0.003	0.002	0.004
489	ERIN43	(0)	5 : 	0.002	0.002	0.983	0.003	0.002	0.003	0.002	0.004
490	ERIN44	(0)	5 : 	0.002	0.002	0.982	0.003	0.002	0.003	0.002	0.004
491	ERIN45	(0)	5 : 	0.002	0.002	0.983	0.002	0.002	0.003	0.002	0.004
492	ERIN46	(0)	5 : 	0.002	0.002	0.983	0.003	0.002	0.003	0.002	0.004
493	ERIN47	(0)	5 : 	0.002	0.002	0.983	0.003	0.002	0.003	0.002	0.004
494	FDS01	(0)	5 : 	0.002	0.002	0.983	0.003	0.002	0.003	0.002	0.004
495	FDS02	(0)	5 : 	0.002	0.002	0.983	0.003	0.002	0.003	0.002	0.004
496	FDS03	(0)	5 : 	0.002	0.002	0.981	0.003	0.002	0.003	0.002	0.005
497	FDS04	(0)	5 : 	0.002	0.002	0.983	0.003	0.002	0.003	0.002	0.004
498	FDS05	(0)	5 : 	0.002	0.002	0.982	0.002	0.002	0.003	0.002	0.004
499	FDS06	(0)	5 : 	0.002	0.002	0.982	0.003	0.002	0.003	0.002	0.004
500	FDS07	(0)	5 : 	0.002	0.002	0.983	0.003	0.002	0.003	0.002	0.004
501	FDS08	(0)	5 : 	0.002	0.002	0.983	0.003	0.002	0.003	0.002	0.004
502	FDS09	(0)	5 : 	0.002	0.002	0.983	0.003	0.002	0.003	0.002	0.004
503	FDS10	(0)	5 : 	0.002	0.002	0.982	0.003	0.002	0.003	0.002	0.004
504	FDS11	(0)	5 : 	0.002	0.002	0.983	0.003	0.002	0.003	0.002	0.004
505	FDS12	(0)	5 : 	0.002	0.002	0.981	0.003	0.002	0.003	0.002	0.005
506	FDS13	(0)	5 : 	0.002	0.002	0.982	0.002	0.002	0.003	0.002	0.004
507	FDS14	(0)	5 : 	0.002	0.002	0.983	0.003	0.002	0.003	0.002	0.004
508	FDS15	(0)	5 : 	0.002	0.002	0.983	0.003	0.002	0.003	0.002	0.003
509	FDS16	(0)	5 : 	0.002	0.002	0.983	0.002	0.002	0.003	0.002	0.004
510	FDS17	(0)	5 : 	0.002	0.002	0.983	0.003	0.002	0.003	0.002	0.004
511	FDS18	(0)	5 : 	0.002	0.002	0.981	0.003	0.002	0.003	0.002	0.005
512	EPP01	(0)	5 : 	0.002	0.002	0.002	0.002	0.002	0.985	0.002	0.003
513	EPP02	(0)	5 : 	0.002	0.002	0.003	0.002	0.002	0.984	0.002	0.003
514	EPP03	(0)	5 : 	0.002	0.002	0.003	0.003	0.002	0.983	0.003	0.003
515	EPP04	(0)	5 : 	0.002	0.002	0.003	0.003	0.002	0.984	0.002	0.003
516	EPP05	(0)	5 : 	0.002	0.002	0.003	0.002	0.002	0.984	0.003	0.003
517	EPP06	(0)	5 : 	0.002	0.002	0.003	0.003	0.002	0.984	0.003	0.003
518	EPP07	(0)	5 : 	0.002	0.002	0.003	0.002	0.002	0.984	0.003	0.003
519	EPP08	(0)	5 : 	0.002	0.002	0.003	0.002	0.002	0.984	0.003	0.003
520	EPP09	(0)	5 : 	0.002	0.002	0.003	0.002	0.002	0.985	0.003	0.003
521	EPP10	(0)	5 : 	0.002	0.002	0.003	0.003	0.002	0.984	0.003	0.003
522	EPP11	(0)	5 : 	0.002	0.002	0.003	0.005	0.002	0.980	0.003	0.003
523	EPP12	(0)	5 : 	0.002	0.002	0.003	0.002	0.002	0.985	0.003	0.003
524	EPP13	(0)	5 : 	0.002	0.002	0.003	0.003	0.002	0.984	0.003	0.003
525	EPP14	(0)	5 : 	0.002	0.002	0.003	0.002	0.002	0.984	0.003	0.003
526	EPP15	(0)	5 : 	0.003	0.002	0.002	0.002	0.002	0.983	0.003	0.003
527	EPP16	(0)	5 : 	0.002	0.002	0.003	0.002	0.002	0.985	0.002	0.003
528	EPP17	(0)	5 : 	0.002	0.002	0.003	0.002	0.002	0.984	0.003	0.003
529	EPP18	(0)	5 : 	0.002	0.002	0.003	0.002	0.002	0.984	0.003	0.003
530	EPP19	(0)	5 : 	0.002	0.002	0.003	0.003	0.002	0.984	0.003	0.003
531	EPP20	(0)	5 : 	0.002	0.002	0.003	0.003	0.002	0.983	0.003	0.003
532	EPP21	(0)	5 : 	0.002	0.002	0.012	0.006	0.002	0.968	0.006	0.003
533	EPP22	(0)	5 : 	0.002	0.002	0.003	0.003	0.002	0.984	0.003	0.003
534	EPP23	(0)	5 : 	0.002	0.002	0.003	0.009	0.003	0.965	0.015	0.003
535	EPP24	(0)	5 : 	0.002	0.002	0.003	0.003	0.002	0.984	0.002	0.003
536	EPP25	(0)	5 : 	0.002	0.002	0.003	0.003	0.002	0.984	0.003	0.003
537	EPP26	(0)	5 : 	0.002	0.002	0.003	0.003	0.002	0.984	0.003	0.003
538	EPP27	(0)	5 : 	0.002	0.002	0.003	0.003	0.002	0.983	0.003	0.003
539	EPP28	(0)	5 : 	0.002	0.002	0.003	0.003	0.002	0.985	0.002	0.003
540	EPP29	(0)	5 : 	0.002	0.002	0.003	0.002	0.002	0.984	0.003	0.003
541	EPP30	(0)	5 : 	0.002	0.002	0.003	0.002	0.002	0.984	0.003	0.003
542	EPP31	(0)	5 : 	0.002	0.002	0.003	0.003	0.002	0.983	0.003	0.003
543	EPP32	(0)	5 : 	0.002	0.002	0.003	0.002	0.002	0.985	0.003	0.003
544	EPP33	(0)	5 : 	0.002	0.002	0.003	0.003	0.002	0.984	0.003	0.003
545	EPP34	(0)	5 : 	0.002	0.002	0.003	0.003	0.002	0.984	0.002	0.003
546	EPP35	(0)	5 : 	0.002	0.002	0.003	0.003	0.002	0.980	0.004	0.003
547	EPP36	(0)	5 : 	0.002	0.002	0.003	0.003	0.002	0.984	0.003	0.003
548	EPP37	(0)	5 : 	0.002	0.002	0.003	0.003	0.002	0.983	0.003	0.003
549	EPP38	(0)	5 : 	0.002	0.002	0.003	0.003	0.002	0.984	0.003	0.003
550	EPP39	(0)	5 : 	0.002	0.002	0.003	0.003	0.002	0.984	0.002	0.003
551	EPP40	(0)	5 : 	0.002	0.002	0.003	0.002	0.002	0.985	0.002	0.003
552	EPP41	(0)	5 : 	0.002	0.002	0.003	0.002	0.002	0.984	0.003	0.003
553	EPP42	(0)	5 : 	0.002	0.002	0.003	0.002	0.002	0.984	0.003	0.003
554	EPP43	(0)	5 : 	0.002	0.002	0.003	0.002	0.002	0.984	0.003	0.003
555	ES68	(0)	5 : 	0.005	0.003	0.286	0.006	0.004	0.308	0.004	0.385
556	ENW44	(0)	5 : 	0.002	0.002	0.003	0.003	0.002	0.984	0.003	0.003
557	ENW45	(0)	5 : 	0.002	0.002	0.003	0.002	0.002	0.984	0.003	0.003
558	ENW46	(0)	5 : 	0.002	0.002	0.003	0.003	0.001	0.984	0.002	0.003
559	ENW48	(0)	5 : 	0.002	0.002	0.003	0.003	0.002	0.984	0.003	0.003
560	ENW49	(0)	5 : 	0.002	0.002	0.003	0.002	0.002	0.984	0.003	0.003
561	ENW50	(0)	5 : 	0.002	0.002	0.003	0.003	0.002	0.985	0.002	0.003
562	ENW51	(0)	5 : 	0.002	0.002	0.005	0.003	0.002	0.014	0.003	0.969
563	ENW52	(0)	5 : 	0.002	0.002	0.003	0.002	0.002	0.984	0.002	0.003
564	ENW53	(0)	5 : 	0.003	0.002	0.005	0.003	0.002	0.013	0.003	0.970
565	ENW54	(0)	5 : 	0.003	0.002	0.005	0.003	0.002	0.013	0.002	0.970
566	ENW55	(0)	5 : 	0.003	0.002	0.005	0.003	0.002	0.015	0.003	0.968
567	ENW56	(0)	5 : 	0.003	0.002	0.005	0.003	0.002	0.014	0.003	0.968
568	ENW57	(0)	5 : 	0.003	0.002	0.005	0.003	0.002	0.013	0.003	0.969
569	ENE58	(0)	5 : 	0.003	0.002	0.015	0.003	0.002	0.094	0.004	0.875
570	ENE59	(0)	5 : 	0.003	0.002	0.005	0.003	0.002	0.015	0.003	0.968
571	ENE60	(0)	5 : 	0.003	0.002	0.006	0.003	0.002	0.015	0.003	0.968
572	ENE61	(0)	5 : 	0.004	0.002	0.015	0.003	0.002	0.095	0.005	0.875
573	ENE62	(0)	5 : 	0.003	0.002	0.005	0.003	0.002	0.013	0.003	0.969
574	ENE63	(0)	5 : 	0.003	0.002	0.005	0.003	0.002	0.015	0.003	0.967
575	ENE64	(0)	5 : 	0.003	0.002	0.013	0.003	0.002	0.099	0.005	0.872
576	ENE65	(0)	5 : 	0.003	0.002	0.005	0.003	0.002	0.014	0.003	0.969
577	ENE66	(0)	5 : 	0.003	0.002	0.005	0.003	0.002	0.015	0.003	0.968
578	ENE67	(0)	5 : 	0.003	0.002	0.006	0.003	0.002	0.014	0.002	0.968
579	CC1	(0)	6 : 	0.002	0.003	0.011	0.005	0.002	0.009	0.005	0.962
580	CC10	(0)	6 : 	0.002	0.003	0.008	0.005	0.002	0.008	0.004	0.967
581	CC11	(1)	6 : 	0.002	0.002	0.029	0.004	0.002	0.388	0.003	0.570
582	CC12	(0)	6 : 	0.002	0.002	0.024	0.007	0.003	0.049	0.005	0.909
583	CC13	(0)	6 : 	0.002	0.003	0.013	0.005	0.002	0.008	0.004	0.962
584	CC14	(0)	6 : 	0.002	0.003	0.012	0.005	0.002	0.008	0.005	0.962
585	CC15	(0)	6 : 	0.002	0.003	0.011	0.005	0.002	0.008	0.005	0.962
586	CC16	(1)	6 : 	0.002	0.002	0.092	0.004	0.002	0.298	0.003	0.597
587	CC17	(1)	6 : 	0.002	0.003	0.008	0.005	0.003	0.008	0.005	0.966
588	CC2	(0)	6 : 	0.002	0.003	0.012	0.005	0.002	0.008	0.005	0.962
589	CC3	(0)	6 : 	0.002	0.003	0.012	0.005	0.002	0.009	0.004	0.962
590	CC4	(0)	6 : 	0.011	0.013	0.015	0.335	0.068	0.231	0.016	0.312
591	CC5	(0)	6 : 	0.002	0.002	0.068	0.005	0.002	0.232	0.003	0.687
592	CC6	(1)	6 : 	0.002	0.002	0.073	0.005	0.002	0.234	0.003	0.679
593	CC7	(0)	6 : 	0.002	0.002	0.066	0.005	0.002	0.234	0.003	0.686
594	CC8	(0)	6 : 	0.002	0.001	0.064	0.004	0.002	0.236	0.003	0.688
595	CC9	(1)	6 : 	0.002	0.002	0.074	0.004	0.002	0.235	0.003	0.678
596	BUN01	(0)	7 : 	0.006	0.002	0.009	0.624	0.003	0.010	0.109	0.237
597	BUN02	(0)	7 : 	0.011	0.002	0.150	0.796	0.003	0.004	0.007	0.027
598	BUN03	(0)	7 : 	0.002	0.003	0.004	0.932	0.004	0.004	0.033	0.019
599	BUN04	(0)	7 : 	0.006	0.004	0.004	0.745	0.003	0.006	0.006	0.228
600	BUN05	(0)	7 : 	0.005	0.008	0.040	0.487	0.002	0.006	0.444	0.007
601	BUN06	(0)	7 : 	0.003	0.003	0.004	0.851	0.005	0.005	0.016	0.114
602	BUN07	(0)	7 : 	0.002	0.002	0.003	0.832	0.004	0.003	0.133	0.020
603	SOB01	(0)	7 : 	0.004	0.003	0.005	0.957	0.002	0.007	0.005	0.017
604	SOB02	(0)	7 : 	0.008	0.004	0.023	0.817	0.074	0.004	0.064	0.006
605	SOB03	(0)	7 : 	0.007	0.004	0.020	0.894	0.002	0.010	0.028	0.034
606	SOB04	(0)	7 : 	0.009	0.008	0.011	0.914	0.025	0.003	0.004	0.026
607	SOB05	(0)	7 : 	0.002	0.003	0.004	0.669	0.002	0.003	0.003	0.314
608	SOB06	(0)	7 : 	0.002	0.006	0.189	0.779	0.006	0.004	0.008	0.007
609	SOB07	(0)	7 : 	0.003	0.002	0.275	0.605	0.010	0.006	0.076	0.024
610	SOB08	(0)	7 : 	0.005	0.004	0.012	0.911	0.002	0.008	0.004	0.054
611	SOB09	(0)	7 : 	0.014	0.030	0.019	0.893	0.005	0.005	0.007	0.026
612	SOB10	(0)	7 : 	0.002	0.002	0.035	0.904	0.002	0.006	0.004	0.044
613	SOB11	(0)	7 : 	0.008	0.003	0.011	0.785	0.079	0.004	0.107	0.004
614	OSR01	(0)	7 : 	0.027	0.005	0.005	0.494	0.006	0.207	0.011	0.245
615	OSR02	(0)	7 : 	0.003	0.002	0.136	0.779	0.005	0.007	0.011	0.057
616	OSR03	(0)	7 : 	0.002	0.002	0.134	0.783	0.005	0.007	0.012	0.054
617	OSR04	(0)	7 : 	0.003	0.002	0.128	0.692	0.004	0.029	0.092	0.049
618	OSR05	(0)	7 : 	0.003	0.002	0.143	0.778	0.006	0.007	0.011	0.050
619	OSR06	(0)	7 : 	0.006	0.002	0.004	0.942	0.013	0.004	0.022	0.006
620	OSR07	(0)	7 : 	0.003	0.008	0.015	0.679	0.004	0.256	0.024	0.012
621	OSR08	(0)	7 : 	0.003	0.009	0.014	0.679	0.004	0.258	0.024	0.011
622	OSR09	(0)	7 : 	0.003	0.003	0.030	0.828	0.017	0.079	0.030	0.009
623	Lion01	(0)	7 : 	0.009	0.006	0.010	0.745	0.010	0.091	0.077	0.052
624	Lion02	(0)	7 : 	0.004	0.002	0.006	0.941	0.004	0.020	0.019	0.004
625	Lion03	(0)	7 : 	0.002	0.002	0.005	0.907	0.003	0.038	0.036	0.007
626	Lion04	(0)	7 : 	0.003	0.003	0.004	0.961	0.004	0.008	0.013	0.004
627	Lion05	(0)	7 : 	0.011	0.007	0.011	0.954	0.006	0.003	0.004	0.004
628	Lion06	(0)	7 : 	0.012	0.007	0.011	0.954	0.006	0.003	0.004	0.004
629	TW01	(0)	7 : 	0.002	0.003	0.036	0.403	0.004	0.005	0.447	0.100
630	TW02	(0)	7 : 	0.031	0.004	0.093	0.718	0.003	0.012	0.132	0.006
631	TW03	(0)	7 : 	0.002	0.003	0.025	0.451	0.004	0.006	0.404	0.105
632	TW04	(0)	7 : 	0.002	0.003	0.037	0.400	0.003	0.005	0.445	0.105
633	CF01	(0)	7 : 	0.002	0.002	0.005	0.967	0.003	0.009	0.005	0.006
634	CF02	(0)	7 : 	0.017	0.003	0.131	0.614	0.002	0.202	0.025	0.005
635	CF03	(0)	7 : 	0.003	0.002	0.005	0.967	0.002	0.010	0.005	0.006
636	CF04	(0)	7 : 	0.004	0.007	0.004	0.795	0.006	0.013	0.012	0.159
637	CF05	(0)	7 : 	0.003	0.003	0.004	0.972	0.003	0.008	0.004	0.003
638	CF06	(0)	7 : 	0.003	0.003	0.004	0.973	0.003	0.008	0.004	0.003
639	CF07	(0)	7 : 	0.041	0.016	0.003	0.733	0.009	0.005	0.187	0.006
640	CF08	(0)	7 : 	0.003	0.003	0.005	0.971	0.003	0.009	0.004	0.003
641	CF09	(0)	7 : 	0.003	0.002	0.005	0.967	0.003	0.010	0.005	0.006
642	CF10	(0)	7 : 	0.002	0.006	0.004	0.959	0.005	0.009	0.004	0.011
643	CF11	(0)	7 : 	0.008	0.003	0.045	0.483	0.005	0.294	0.005	0.158
644	CF12	(0)	7 : 	0.003	0.002	0.005	0.968	0.003	0.009	0.005	0.006
645	CF13	(0)	7 : 	0.003	0.003	0.004	0.972	0.003	0.008	0.004	0.003
646	CF14	(0)	7 : 	0.005	0.006	0.004	0.796	0.007	0.014	0.013	0.155
647	CF15	(0)	7 : 	0.004	0.006	0.004	0.950	0.005	0.012	0.005	0.014
648	CF16	(0)	7 : 	0.003	0.002	0.005	0.967	0.003	0.009	0.005	0.006
649	CF17	(1)	7 : 	0.003	0.002	0.005	0.969	0.003	0.008	0.005	0.005
650	CF18	(0)	7 : 	0.005	0.006	0.004	0.798	0.007	0.014	0.013	0.154
651	CF19	(0)	7 : 	0.018	0.014	0.012	0.898	0.017	0.009	0.007	0.025
652	CF20	(0)	7 : 	0.003	0.003	0.005	0.971	0.003	0.008	0.004	0.003
653	CF21	(0)	7 : 	0.003	0.003	0.004	0.972	0.004	0.008	0.004	0.003
654	CF22	(0)	7 : 	0.003	0.003	0.004	0.972	0.003	0.008	0.004	0.003
655	CF23	(0)	7 : 	0.002	0.003	0.005	0.972	0.003	0.008	0.004	0.003
656	CF24	(0)	7 : 	0.003	0.002	0.005	0.967	0.003	0.009	0.005	0.006
657	CF25	(0)	7 : 	0.003	0.002	0.005	0.968	0.002	0.009	0.005	0.006
658	CF26	(0)	7 : 	0.017	0.003	0.134	0.606	0.003	0.207	0.025	0.005
659	CF27	(0)	7 : 	0.003	0.003	0.004	0.971	0.004	0.009	0.004	0.003
660	CF28	(0)	7 : 	0.006	0.006	0.003	0.944	0.006	0.018	0.006	0.012
661	CF29	(0)	7 : 	0.003	0.002	0.005	0.967	0.003	0.009	0.005	0.006
662	CF30	(0)	7 : 	0.004	0.003	0.005	0.959	0.004	0.009	0.013	0.004
663	CF31	(0)	7 : 	0.003	0.002	0.005	0.967	0.003	0.009	0.005	0.006
664	CF32	(0)	7 : 	0.004	0.002	0.006	0.971	0.003	0.006	0.005	0.003
665	CF33	(0)	7 : 	0.003	0.003	0.005	0.957	0.018	0.007	0.004	0.003
666	CF34	(1)	7 : 	0.003	0.003	0.004	0.971	0.004	0.008	0.004	0.003
667	CF35	(0)	7 : 	0.005	0.006	0.003	0.950	0.006	0.012	0.005	0.013
668	CF36	(0)	7 : 	0.002	0.002	0.005	0.976	0.003	0.004	0.004	0.005
669	BP01	(0)	7 : 	0.003	0.004	0.061	0.890	0.003	0.007	0.008	0.023
670	BP02	(1)	7 : 	0.003	0.003	0.003	0.882	0.003	0.004	0.032	0.070
671	BP03	(0)	7 : 	0.005	0.002	0.003	0.005	0.002	0.003	0.004	0.975
672	BP04	(0)	7 : 	0.004	0.003	0.025	0.899	0.002	0.025	0.025	0.016
673	BP06	(0)	7 : 	0.004	0.002	0.006	0.957	0.002	0.012	0.004	0.013
674	BP07	(0)	7 : 	0.024	0.009	0.011	0.858	0.003	0.008	0.005	0.081
675	BP08	(0)	7 : 	0.004	0.002	0.007	0.925	0.002	0.029	0.005	0.025
676	BP09	(0)	7 : 	0.060	0.003	0.015	0.748	0.005	0.003	0.006	0.160
677	BP10	(0)	7 : 	0.003	0.003	0.004	0.972	0.003	0.004	0.004	0.008
678	BP11	(0)	7 : 	0.002	0.002	0.003	0.004	0.002	0.002	0.003	0.982
679	BP12	(0)	7 : 	0.003	0.002	0.062	0.915	0.003	0.005	0.003	0.007
680	BP14	(1)	7 : 	0.006	0.005	0.008	0.910	0.004	0.016	0.008	0.043
681	BP16	(0)	7 : 	0.003	0.002	0.005	0.975	0.002	0.003	0.004	0.006
682	BP17	(0)	7 : 	0.003	0.002	0.005	0.007	0.002	0.003	0.003	0.975
683	BP18	(0)	7 : 	0.003	0.003	0.004	0.972	0.003	0.004	0.004	0.008
684	BP19	(0)	7 : 	0.003	0.005	0.004	0.523	0.003	0.005	0.003	0.454
685	BP20	(0)	7 : 	0.003	0.003	0.004	0.972	0.003	0.004	0.004	0.008
686	BP2007-01	(0)	7 : 	0.002	0.002	0.003	0.004	0.002	0.002	0.003	0.983
687	BP2007-02	(0)	7 : 	0.002	0.002	0.004	0.977	0.002	0.004	0.003	0.006
688	BP2007-03	(0)	7 : 	0.006	0.003	0.016	0.708	0.003	0.004	0.225	0.036
689	BP2007-04	(0)	7 : 	0.002	0.004	0.003	0.558	0.004	0.005	0.004	0.418
690	BP2007-05	(0)	7 : 	0.003	0.002	0.052	0.847	0.078	0.003	0.004	0.009
691	BP2007-06	(0)	7 : 	0.003	0.002	0.071	0.768	0.003	0.011	0.013	0.129
692	BP2007-07	(0)	7 : 	0.005	0.002	0.003	0.005	0.002	0.003	0.004	0.975
693	BP2007-08	(0)	7 : 	0.005	0.004	0.010	0.012	0.003	0.003	0.051	0.912
694	BP2007-09	(0)	7 : 	0.005	0.004	0.010	0.012	0.003	0.003	0.052	0.912
695	BP2007-10	(0)	7 : 	0.004	0.002	0.003	0.005	0.002	0.003	0.004	0.976
696	BP2007-11	(0)	7 : 	0.002	0.002	0.003	0.004	0.002	0.002	0.003	0.981
697	BP2007-12	(0)	7 : 	0.002	0.003	0.028	0.877	0.002	0.007	0.014	0.066
698	BP2007-13	(0)	7 : 	0.005	0.004	0.010	0.010	0.003	0.003	0.053	0.911
699	BP2007-14	(0)	7 : 	0.055	0.022	0.005	0.797	0.012	0.025	0.026	0.058
700	BP2007-15	(0)	7 : 	0.002	0.002	0.004	0.741	0.003	0.005	0.003	0.240
701	BP2007-16	(0)	7 : 	0.003	0.006	0.004	0.907	0.004	0.039	0.030	0.008
702	BP2007-17	(0)	7 : 	0.004	0.002	0.008	0.926	0.002	0.026	0.006	0.026
703	BP2007-18	(0)	7 : 	0.012	0.023	0.003	0.914	0.014	0.006	0.008	0.020
704	BP2007-19	(0)	7 : 	0.005	0.003	0.026	0.899	0.002	0.026	0.024	0.016
705	BP2007-20	(0)	7 : 	0.004	0.003	0.023	0.898	0.002	0.027	0.027	0.015
706	BP2007-21	(0)	7 : 	0.002	0.002	0.003	0.006	0.002	0.004	0.003	0.977
707	BP2007-22	(0)	7 : 	0.002	0.002	0.003	0.004	0.002	0.002	0.003	0.981
708	BP2007-23	(0)	7 : 	0.002	0.002	0.003	0.004	0.002	0.002	0.003	0.982
709	BP2007-24	(0)	7 : 	0.003	0.003	0.014	0.950	0.004	0.007	0.006	0.013
710	BP2007-25	(0)	7 : 	0.002	0.002	0.004	0.979	0.002	0.003	0.003	0.005
711	BP2007-26	(0)	7 : 	0.003	0.002	0.065	0.913	0.003	0.004	0.003	0.006
712	BP2007-27	(0)	7 : 	0.003	0.003	0.004	0.972	0.002	0.004	0.003	0.009
713	BP2007-28	(0)	7 : 	0.003	0.002	0.003	0.004	0.002	0.002	0.004	0.981
714	BP2007-29	(0)	7 : 	0.002	0.003	0.003	0.010	0.002	0.003	0.003	0.973
715	BP2007-30	(0)	7 : 	0.002	0.003	0.011	0.729	0.002	0.084	0.014	0.155
716	BP2007-31	(0)	7 : 	0.003	0.002	0.005	0.608	0.003	0.011	0.007	0.361
717	BP2007-32	(0)	7 : 	0.007	0.004	0.005	0.715	0.023	0.122	0.046	0.078
718	BP2007-33	(0)	7 : 	0.002	0.002	0.003	0.004	0.002	0.002	0.003	0.982
719	BP2007-34	(0)	7 : 	0.003	0.004	0.275	0.607	0.002	0.006	0.014	0.088
720	BP2007-35	(0)	7 : 	0.004	0.003	0.023	0.900	0.002	0.026	0.026	0.016
721	BP2007-36	(0)	7 : 	0.002	0.003	0.004	0.978	0.002	0.003	0.003	0.005
722	BP2007-37	(0)	7 : 	0.011	0.021	0.005	0.908	0.044	0.003	0.003	0.005
723	BP2007-38	(0)	7 : 	0.004	0.002	0.003	0.005	0.002	0.003	0.004	0.977
724	BP2007-39	(0)	7 : 	0.002	0.002	0.004	0.748	0.003	0.005	0.003	0.232
725	BP2007-40	(0)	7 : 	0.009	0.002	0.011	0.919	0.002	0.027	0.008	0.021
726	BP21	(0)	7 : 	0.002	0.002	0.004	0.978	0.002	0.003	0.003	0.006
727	BP22	(0)	7 : 	0.004	0.002	0.025	0.943	0.003	0.008	0.009	0.005
728	BP23	(0)	7 : 	0.003	0.002	0.039	0.930	0.002	0.012	0.004	0.007
729	BP24	(0)	7 : 	0.003	0.002	0.024	0.936	0.002	0.013	0.012	0.007
730	BP25	(0)	7 : 	0.002	0.002	0.004	0.979	0.002	0.003	0.003	0.005
731	BP26	(0)	7 : 	0.002	0.002	0.004	0.978	0.002	0.003	0.003	0.006
732	BP27	(0)	7 : 	0.005	0.004	0.022	0.016	0.003	0.004	0.056	0.890
733	BP28	(0)	7 : 	0.004	0.002	0.024	0.945	0.003	0.008	0.009	0.005
734	BP29	(0)	7 : 	0.002	0.003	0.005	0.970	0.002	0.004	0.008	0.007
735	BP30	(0)	7 : 	0.002	0.003	0.004	0.980	0.002	0.003	0.003	0.004
736	NNKB01	(0)	7 : 	0.003	0.005	0.010	0.961	0.006	0.006	0.004	0.005
737	NNKB02	(0)	7 : 	0.004	0.006	0.005	0.955	0.003	0.010	0.007	0.009
738	NNKN01	(0)	7 : 	0.044	0.005	0.007	0.720	0.021	0.125	0.066	0.012
739	SR1	(0)	8 : 	0.002	0.002	0.069	0.906	0.002	0.007	0.006	0.005
740	SR10	(1)	8 : 	0.003	0.004	0.006	0.555	0.005	0.026	0.005	0.398
741	SR11	(0)	8 : 	0.003	0.002	0.019	0.717	0.002	0.025	0.159	0.073
742	SR12	(0)	8 : 	0.003	0.002	0.070	0.905	0.002	0.007	0.005	0.006
743	SR13	(1)	8 : 	0.086	0.007	0.194	0.149	0.010	0.048	0.421	0.084
744	SR15	(0)	8 : 	0.007	0.005	0.015	0.677	0.007	0.004	0.018	0.268
745	SR16	(0)	8 : 	0.002	0.003	0.013	0.810	0.005	0.053	0.108	0.007
746	SR17	(1)	8 : 	0.008	0.003	0.015	0.590	0.005	0.357	0.016	0.007
747	SR18	(1)	8 : 	0.004	0.007	0.042	0.748	0.004	0.014	0.012	0.169
748	SR19	(1)	8 : 	0.003	0.002	0.024	0.751	0.024	0.020	0.006	0.169
749	SR2	(0)	8 : 	0.003	0.002	0.020	0.722	0.003	0.027	0.154	0.070
750	SR20	(1)	8 : 	0.003	0.002	0.019	0.616	0.003	0.299	0.019	0.038
751	SR21	(1)	8 : 	0.003	0.002	0.137	0.829	0.003	0.009	0.006	0.012
752	SR22	(0)	8 : 	0.002	0.002	0.381	0.588	0.003	0.010	0.008	0.006
753	SR23	(1)	8 : 	0.003	0.004	0.122	0.847	0.003	0.008	0.006	0.007
754	SR24	(0)	8 : 	0.002	0.005	0.022	0.734	0.005	0.110	0.094	0.027
755	SR25	(1)	8 : 	0.002	0.004	0.026	0.750	0.009	0.042	0.110	0.057
756	SR26	(0)	8 : 	0.002	0.003	0.035	0.525	0.021	0.274	0.012	0.128
757	SR27	(1)	8 : 	0.003	0.003	0.052	0.914	0.003	0.006	0.005	0.013
758	SR28	(0)	8 : 	0.002	0.003	0.005	0.655	0.004	0.012	0.196	0.122
759	SR29	(0)	8 : 	0.002	0.007	0.018	0.739	0.007	0.167	0.050	0.010
760	SR3	(1)	8 : 	0.003	0.003	0.010	0.495	0.003	0.016	0.401	0.069
761	SR30	(0)	8 : 	0.002	0.002	0.032	0.929	0.003	0.014	0.007	0.011
762	SR5	(0)	8 : 	0.003	0.002	0.155	0.718	0.003	0.057	0.041	0.020
763	SR6	(0)	8 : 	0.002	0.002	0.037	0.790	0.003	0.008	0.149	0.008
764	SR7	(0)	8 : 	0.002	0.003	0.023	0.394	0.006	0.559	0.005	0.009
765	SR8	(1)	8 : 	0.003	0.002	0.015	0.700	0.003	0.017	0.211	0.049
766	SR9	(1)	8 : 	0.002	0.003	0.026	0.414	0.005	0.538	0.005	0.008
767	HAM01	(0)	9 : 	0.002	0.002	0.032	0.882	0.002	0.009	0.060	0.010
768	HAM02	(0)	9 : 	0.002	0.006	0.010	0.466	0.003	0.022	0.418	0.071
769	HAM03	(0)	9 : 	0.002	0.002	0.034	0.882	0.003	0.009	0.059	0.009
770	HAM07	(0)	9 : 	0.014	0.005	0.044	0.844	0.005	0.020	0.007	0.060
771	HAM08	(1)	9 : 	0.003	0.002	0.007	0.712	0.006	0.023	0.238	0.010
772	HAM09	(0)	9 : 	0.004	0.009	0.006	0.729	0.012	0.008	0.005	0.228
773	HAM10	(0)	9 : 	0.003	0.006	0.020	0.826	0.005	0.020	0.013	0.107
774	CRWL01	(0)	9 : 	0.002	0.003	0.008	0.953	0.003	0.015	0.010	0.006
775	CRWL02	(0)	9 : 	0.002	0.002	0.009	0.951	0.003	0.021	0.006	0.005
776	CRWL03	(0)	9 : 	0.003	0.003	0.028	0.869	0.006	0.071	0.006	0.014
777	CRWL04	(0)	9 : 	0.005	0.003	0.006	0.897	0.002	0.023	0.004	0.060
778	CRWL05	(0)	9 : 	0.003	0.003	0.006	0.948	0.003	0.002	0.004	0.030
779	CRWL06	(0)	9 : 	0.002	0.003	0.006	0.912	0.002	0.008	0.011	0.055
780	CRWL07	(0)	9 : 	0.002	0.004	0.005	0.956	0.003	0.003	0.024	0.003
781	CRWL08	(0)	9 : 	0.004	0.003	0.003	0.895	0.003	0.013	0.009	0.070
782	CRWL09	(0)	9 : 	0.002	0.002	0.005	0.963	0.004	0.004	0.014	0.006
783	CRWL10	(0)	9 : 	0.003	0.003	0.008	0.854	0.004	0.007	0.103	0.018
784	CRWL11	(0)	9 : 	0.004	0.004	0.014	0.936	0.004	0.005	0.028	0.005
785	CRWL12	(0)	9 : 	0.005	0.004	0.005	0.635	0.003	0.286	0.009	0.053
786	CRWL13	(0)	9 : 	0.004	0.002	0.005	0.932	0.002	0.035	0.011	0.009
787	CRWL14	(0)	9 : 	0.003	0.005	0.006	0.932	0.004	0.007	0.009	0.036
788	CRWL15	(0)	9 : 	0.003	0.002	0.007	0.725	0.003	0.022	0.116	0.123
789	CRWL16	(0)	9 : 	0.003	0.004	0.005	0.881	0.004	0.005	0.011	0.087
790	CRWL17	(0)	9 : 	0.003	0.004	0.011	0.928	0.004	0.005	0.039	0.006
791	CRWL18	(0)	9 : 	0.002	0.002	0.005	0.969	0.003	0.004	0.011	0.005
792	CRWL19	(0)	9 : 	0.002	0.002	0.005	0.968	0.003	0.003	0.012	0.005
793	CRWL20	(0)	9 : 	0.003	0.002	0.006	0.964	0.003	0.004	0.009	0.009
794	CRWL21	(0)	9 : 	0.003	0.003	0.005	0.808	0.004	0.018	0.152	0.007
795	MES01	(0)	10 : 	0.002	0.002	0.979	0.005	0.002	0.003	0.004	0.004
796	MES02	(0)	10 : 	0.002	0.002	0.978	0.005	0.003	0.003	0.004	0.003
797	MES03	(0)	10 : 	0.002	0.002	0.983	0.003	0.002	0.004	0.003	0.003
798	MES04	(0)	10 : 	0.002	0.002	0.978	0.006	0.003	0.003	0.004	0.003
799	MES05	(0)	10 : 	0.002	0.002	0.982	0.005	0.002	0.003	0.003	0.002
800	MES06	(0)	10 : 	0.002	0.002	0.979	0.005	0.002	0.003	0.004	0.004
801	MES07	(0)	10 : 	0.002	0.002	0.979	0.005	0.002	0.003	0.004	0.004
802	MES08	(0)	10 : 	0.002	0.002	0.979	0.005	0.002	0.003	0.004	0.003
803	MES09	(0)	10 : 	0.002	0.002	0.979	0.005	0.002	0.003	0.004	0.004
804	MES10	(0)	10 : 	0.002	0.002	0.978	0.005	0.002	0.003	0.004	0.003
805	MES11	(0)	10 : 	0.002	0.002	0.976	0.006	0.003	0.003	0.004	0.004
806	MES12	(0)	10 : 	0.002	0.002	0.979	0.005	0.002	0.002	0.004	0.004
807	MES13	(0)	10 : 	0.002	0.002	0.979	0.005	0.002	0.003	0.004	0.004
808	MES14	(0)	10 : 	0.002	0.002	0.984	0.003	0.002	0.003	0.003	0.003
809	MES15	(0)	10 : 	0.003	0.008	0.975	0.003	0.002	0.003	0.003	0.003
810	MES16	(0)	10 : 	0.002	0.002	0.978	0.006	0.002	0.003	0.004	0.003
811	MES17	(0)	10 : 	0.002	0.002	0.979	0.005	0.002	0.003	0.004	0.004
812	MES18	(0)	10 : 	0.002	0.002	0.978	0.005	0.002	0.003	0.004	0.004
813	MES19	(0)	10 : 	0.002	0.002	0.978	0.005	0.002	0.003	0.004	0.004
814	MES20	(0)	10 : 	0.002	0.002	0.980	0.005	0.002	0.003	0.003	0.003
815	MES21	(0)	10 : 	0.002	0.002	0.984	0.003	0.002	0.003	0.003	0.002
816	MES22	(0)	10 : 	0.002	0.002	0.979	0.005	0.002	0.003	0.004	0.004
817	SAX01	(0)	10 : 	0.002	0.002	0.982	0.003	0.002	0.003	0.003	0.003
818	SAX02	(0)	10 : 	0.002	0.001	0.984	0.003	0.002	0.003	0.003	0.002
819	SAX03	(0)	10 : 	0.003	0.002	0.977	0.004	0.002	0.006	0.003	0.002
820	SAX04	(0)	10 : 	0.002	0.002	0.867	0.075	0.005	0.022	0.024	0.003
821	SAX05	(0)	10 : 	0.002	0.002	0.977	0.009	0.002	0.003	0.003	0.003
822	SAX06	(0)	10 : 	0.002	0.002	0.977	0.009	0.002	0.003	0.003	0.003
823	SAX07	(0)	10 : 	0.002	0.002	0.983	0.004	0.002	0.003	0.002	0.003
824	SAX08	(0)	10 : 	0.002	0.002	0.975	0.010	0.002	0.003	0.004	0.002
825	SAX09	(0)	10 : 	0.002	0.002	0.985	0.003	0.002	0.003	0.003	0.002
826	SAX10	(0)	10 : 	0.002	0.002	0.947	0.009	0.002	0.031	0.005	0.003
827	SAX11	(0)	10 : 	0.002	0.002	0.965	0.012	0.002	0.012	0.003	0.003
828	SAX12	(0)	10 : 	0.002	0.002	0.984	0.003	0.002	0.003	0.002	0.002
829	SAX13	(0)	10 : 	0.002	0.001	0.984	0.003	0.002	0.003	0.002	0.003
830	SAX14	(0)	10 : 	0.002	0.002	0.978	0.009	0.002	0.003	0.003	0.003
831	SAX15	(0)	10 : 	0.002	0.002	0.967	0.009	0.003	0.003	0.011	0.002
832	SAX16	(0)	10 : 	0.002	0.002	0.982	0.003	0.002	0.003	0.003	0.002
833	SAX17	(0)	10 : 	0.002	0.002	0.983	0.004	0.002	0.003	0.002	0.002
834	SAX18	(0)	10 : 	0.002	0.002	0.984	0.004	0.002	0.003	0.002	0.002
835	SAX19	(0)	10 : 	0.002	0.002	0.974	0.010	0.002	0.004	0.003	0.003
836	IRP01	(0)	10 : 	0.002	0.002	0.983	0.004	0.002	0.003	0.003	0.002
837	IRP02	(0)	10 : 	0.002	0.002	0.982	0.003	0.002	0.004	0.003	0.002
838	IRP03	(0)	10 : 	0.002	0.002	0.982	0.003	0.002	0.004	0.003	0.002
839	IRP04	(0)	10 : 	0.002	0.002	0.982	0.003	0.002	0.004	0.003	0.002
840	IRP05	(0)	10 : 	0.002	0.002	0.982	0.003	0.002	0.004	0.003	0.002
841	IRP06	(0)	10 : 	0.002	0.002	0.984	0.004	0.001	0.003	0.003	0.002
842	IRP07	(0)	10 : 	0.002	0.002	0.982	0.003	0.002	0.004	0.003	0.002
843	IRP08	(0)	10 : 	0.002	0.002	0.983	0.004	0.002	0.003	0.003	0.003
844	IRP09	(0)	10 : 	0.002	0.002	0.982	0.004	0.002	0.004	0.003	0.002
845	IRP10	(0)	10 : 	0.002	0.002	0.983	0.004	0.002	0.003	0.003	0.002
846	IRP11	(0)	10 : 	0.002	0.002	0.984	0.004	0.002	0.003	0.003	0.002
847	IRP12	(0)	10 : 	0.002	0.002	0.984	0.004	0.002	0.003	0.003	0.002
848	IRP13	(0)	10 : 	0.002	0.002	0.983	0.004	0.002	0.003	0.003	0.002
849	IRP14	(0)	10 : 	0.002	0.002	0.982	0.003	0.002	0.004	0.003	0.003
850	IRP15	(0)	10 : 	0.002	0.002	0.982	0.003	0.002	0.004	0.003	0.003
851	IRP16	(0)	10 : 	0.002	0.002	0.004	0.973	0.002	0.008	0.005	0.004
852	IRP16-2	(0)	10 : 	0.002	0.002	0.004	0.974	0.002	0.008	0.005	0.004
853	IRP17	(0)	10 : 	0.002	0.002	0.982	0.003	0.002	0.004	0.004	0.003
854	MRT01	(0)	10 : 	0.002	0.002	0.983	0.004	0.002	0.003	0.003	0.003
855	MRT02	(0)	10 : 	0.002	0.002	0.984	0.003	0.002	0.003	0.003	0.002
856	MRT03	(0)	10 : 	0.002	0.002	0.984	0.003	0.002	0.003	0.003	0.002
857	MRT04	(0)	10 : 	0.002	0.002	0.982	0.003	0.002	0.003	0.003	0.003
858	MRT05	(0)	10 : 	0.002	0.002	0.982	0.004	0.002	0.003	0.003	0.003
859	MRT06	(0)	10 : 	0.002	0.002	0.984	0.003	0.002	0.003	0.003	0.002
860	MRT07	(0)	10 : 	0.002	0.002	0.984	0.003	0.002	0.003	0.003	0.002
861	MRT08	(0)	10 : 	0.002	0.002	0.978	0.008	0.002	0.003	0.003	0.003
862	MRT09	(0)	10 : 	0.002	0.002	0.984	0.003	0.002	0.003	0.003	0.002
863	MRT10	(0)	10 : 	0.002	0.002	0.984	0.003	0.002	0.003	0.003	0.002
864	MRT11	(0)	10 : 	0.002	0.002	0.985	0.003	0.002	0.003	0.003	0.002
865	MRT12	(0)	10 : 	0.002	0.002	0.982	0.004	0.002	0.003	0.003	0.003
866	MRT13	(0)	10 : 	0.002	0.002	0.942	0.007	0.001	0.030	0.011	0.005
867	MRT14	(0)	10 : 	0.002	0.002	0.982	0.003	0.002	0.003	0.003	0.003
868	MRT15	(0)	10 : 	0.002	0.002	0.982	0.004	0.002	0.003	0.003	0.003
869	MRT16	(0)	10 : 	0.002	0.001	0.984	0.003	0.002	0.003	0.003	0.002
870	MRT17	(0)	10 : 	0.002	0.002	0.984	0.003	0.002	0.003	0.003	0.002
871	MRT18	(0)	10 : 	0.002	0.002	0.983	0.004	0.002	0.003	0.003	0.003
872	MRT19	(0)	10 : 	0.002	0.002	0.981	0.004	0.002	0.003	0.003	0.003
873	MRT20	(0)	10 : 	0.002	0.001	0.984	0.003	0.002	0.003	0.003	0.002
874	MRT21	(0)	10 : 	0.002	0.002	0.982	0.004	0.002	0.003	0.003	0.003
875	MRT22	(0)	10 : 	0.002	0.002	0.982	0.004	0.002	0.003	0.003	0.003
876	MRT23	(0)	10 : 	0.002	0.002	0.983	0.003	0.002	0.003	0.003	0.003
877	MRT24	(0)	10 : 	0.002	0.002	0.984	0.003	0.002	0.003	0.002	0.002
878	MRT25	(0)	10 : 	0.002	0.002	0.983	0.003	0.002	0.003	0.003	0.003
879	MRT26	(0)	10 : 	0.002	0.002	0.982	0.004	0.002	0.003	0.003	0.003
880	MRT27	(0)	10 : 	0.002	0.002	0.982	0.004	0.002	0.003	0.003	0.003
881	MRT28	(0)	10 : 	0.002	0.002	0.984	0.003	0.002	0.003	0.003	0.002
882	MRT29	(0)	10 : 	0.002	0.002	0.982	0.004	0.002	0.003	0.003	0.003
883	MRT30	(0)	10 : 	0.002	0.001	0.984	0.003	0.002	0.003	0.003	0.002
884	MRT31	(0)	10 : 	0.002	0.002	0.982	0.004	0.002	0.003	0.003	0.003
885	MRT32	(0)	10 : 	0.002	0.002	0.983	0.003	0.002	0.003	0.003	0.003
886	MRT33	(0)	10 : 	0.002	0.002	0.981	0.003	0.002	0.004	0.003	0.002
887	LK01	(0)	9 : 	0.002	0.008	0.003	0.965	0.003	0.006	0.007	0.006
888	LK02	(0)	9 : 	0.002	0.002	0.007	0.934	0.004	0.013	0.011	0.027
889	LK05	(0)	9 : 	0.006	0.002	0.004	0.962	0.002	0.009	0.005	0.010
890	LK06	(0)	9 : 	0.003	0.003	0.006	0.700	0.003	0.005	0.017	0.264
891	LK07	(0)	9 : 	0.005	0.007	0.009	0.957	0.010	0.003	0.004	0.004
892	LK07-01	(0)	9 : 	0.006	0.002	0.004	0.961	0.002	0.009	0.005	0.010
893	LK07-02	(0)	9 : 	0.004	0.016	0.005	0.931	0.003	0.014	0.018	0.010
894	LK07-03	(0)	9 : 	0.002	0.003	0.007	0.722	0.004	0.003	0.250	0.007
895	LK07-04	(0)	9 : 	0.003	0.002	0.002	0.974	0.003	0.006	0.006	0.004
896	LK07-05	(0)	9 : 	0.002	0.005	0.009	0.793	0.003	0.009	0.027	0.153
897	LK07-06	(0)	9 : 	0.006	0.003	0.013	0.958	0.008	0.003	0.003	0.005
898	LK08	(1)	9 : 	0.002	0.005	0.011	0.878	0.003	0.010	0.006	0.084
899	LK09	(1)	9 : 	0.003	0.002	0.003	0.942	0.003	0.006	0.010	0.031
900	LK11	(1)	9 : 	0.005	0.005	0.004	0.951	0.011	0.004	0.012	0.008
901	LK12	(0)	9 : 	0.002	0.002	0.006	0.962	0.004	0.014	0.006	0.005
902	LK13	(0)	9 : 	0.006	0.019	0.006	0.872	0.018	0.006	0.027	0.046
903	LK14	(0)	9 : 	0.004	0.006	0.007	0.951	0.003	0.016	0.010	0.004
904	LK15	(0)	9 : 	0.002	0.002	0.004	0.972	0.003	0.007	0.006	0.004
905	LK16	(0)	9 : 	0.004	0.004	0.006	0.960	0.003	0.004	0.010	0.009
906	LK17	(0)	9 : 	0.002	0.002	0.006	0.974	0.002	0.005	0.006	0.003
907	LK18	(0)	9 : 	0.004	0.002	0.009	0.963	0.002	0.006	0.007	0.005
908	LK19	(0)	9 : 	0.007	0.003	0.012	0.957	0.008	0.003	0.004	0.006
909	LK20	(0)	9 : 	0.002	0.003	0.004	0.871	0.003	0.018	0.023	0.076
910	LK21	(0)	9 : 	0.007	0.005	0.004	0.939	0.006	0.004	0.007	0.027
911	LK22	(0)	9 : 	0.004	0.002	0.004	0.950	0.002	0.031	0.003	0.004
912	LK23	(0)	9 : 	0.004	0.007	0.007	0.966	0.004	0.002	0.005	0.005
913	LK24	(0)	9 : 	0.008	0.003	0.004	0.841	0.007	0.105	0.015	0.016
914	LK25	(0)	9 : 	0.003	0.002	0.007	0.971	0.003	0.006	0.005	0.003
915	LMC01	(0)	9 : 	0.002	0.002	0.008	0.615	0.003	0.008	0.357	0.004
916	LMC02	(0)	9 : 	0.002	0.002	0.006	0.880	0.002	0.005	0.099	0.004
917	LMC03	(0)	9 : 	0.002	0.002	0.012	0.826	0.002	0.007	0.145	0.005
918	LMC04	(0)	9 : 	0.008	0.005	0.007	0.906	0.015	0.008	0.044	0.006
919	UM01	(0)	9 : 	0.005	0.022	0.006	0.742	0.128	0.024	0.023	0.050
920	UM02	(0)	9 : 	0.002	0.003	0.051	0.810	0.004	0.061	0.045	0.023
921	UM03	(1)	9 : 	0.004	0.004	0.036	0.518	0.004	0.050	0.307	0.077
922	UM04	(0)	9 : 	0.006	0.004	0.008	0.801	0.003	0.018	0.146	0.015
923	UM05	(0)	9 : 	0.009	0.006	0.006	0.871	0.044	0.010	0.049	0.006
924	UM06	(0)	9 : 	0.045	0.047	0.006	0.174	0.010	0.024	0.088	0.608
925	UM07	(0)	9 : 	0.006	0.004	0.014	0.915	0.007	0.038	0.005	0.012
926	UM08	(0)	9 : 	0.005	0.085	0.006	0.850	0.005	0.004	0.021	0.023
927	UM09	(0)	9 : 	0.009	0.051	0.010	0.877	0.024	0.013	0.006	0.009
928	UM10	(0)	9 : 	0.010	0.006	0.005	0.865	0.042	0.011	0.057	0.005
929	PLT01	(0)	9 : 	0.002	0.002	0.053	0.906	0.003	0.009	0.013	0.011
930	PLT02	(0)	9 : 	0.003	0.025	0.006	0.910	0.005	0.005	0.005	0.041
931	PLT03	(0)	9 : 	0.004	0.002	0.008	0.862	0.003	0.006	0.005	0.109
932	DC01	(0)	9 : 	0.014	0.004	0.004	0.948	0.005	0.006	0.006	0.014
933	DC02	(0)	9 : 	0.006	0.004	0.004	0.944	0.007	0.008	0.003	0.023
934	DC03	(0)	9 : 	0.003	0.003	0.004	0.925	0.037	0.009	0.007	0.012
935	DC04	(0)	9 : 	0.035	0.022	0.006	0.850	0.026	0.031	0.022	0.008
936	DC05	(0)	9 : 	0.002	0.004	0.021	0.873	0.008	0.003	0.084	0.005
937	DC06	(0)	9 : 	0.015	0.008	0.005	0.940	0.005	0.013	0.005	0.007
938	DC07	(0)	9 : 	0.033	0.004	0.026	0.839	0.007	0.074	0.005	0.013
939	DC08	(0)	9 : 	0.003	0.003	0.003	0.975	0.003	0.004	0.006	0.004
940	DC09	(0)	9 : 	0.076	0.048	0.006	0.843	0.012	0.004	0.004	0.007
941	DC10	(0)	9 : 	0.078	0.009	0.006	0.797	0.024	0.052	0.010	0.026
942	DC11	(0)	9 : 	0.007	0.007	0.004	0.939	0.007	0.008	0.003	0.025
943	DC12	(0)	9 : 	0.016	0.005	0.004	0.957	0.003	0.003	0.010	0.002
944	DC13	(0)	9 : 	0.003	0.003	0.061	0.910	0.010	0.005	0.004	0.003
945	DC14	(0)	9 : 	0.035	0.021	0.006	0.853	0.025	0.031	0.021	0.008
946	DC15	(0)	9 : 	0.016	0.003	0.004	0.921	0.004	0.038	0.005	0.009
947	DC16	(0)	9 : 	0.026	0.006	0.006	0.929	0.003	0.022	0.003	0.005
948	DC17	(0)	9 : 	0.005	0.003	0.006	0.959	0.004	0.004	0.011	0.008
949	DC18	(0)	9 : 	0.003	0.004	0.004	0.938	0.037	0.005	0.004	0.005
950	DC19	(0)	9 : 	0.011	0.003	0.006	0.830	0.003	0.078	0.004	0.066
951	DC20	(0)	9 : 	0.003	0.002	0.106	0.828	0.002	0.027	0.004	0.027
952	DC21	(0)	9 : 	0.004	0.003	0.003	0.973	0.005	0.003	0.004	0.005
953	DC22	(0)	9 : 	0.012	0.027	0.049	0.683	0.090	0.080	0.018	0.042
954	DC23	(0)	9 : 	0.008	0.003	0.007	0.957	0.003	0.006	0.006	0.010
955	DC24	(0)	9 : 	0.003	0.004	0.003	0.939	0.037	0.005	0.004	0.005
956	DC25	(0)	9 : 	0.004	0.003	0.003	0.879	0.004	0.019	0.078	0.010
957	DC26	(0)	9 : 	0.017	0.005	0.004	0.956	0.003	0.003	0.010	0.002
958	PC02	(0)	11 : 	0.002	0.002	0.004	0.973	0.003	0.008	0.005	0.003
959	PC03	(0)	11 : 	0.002	0.002	0.004	0.974	0.002	0.007	0.005	0.004
960	PC04	(0)	11 : 	0.002	0.002	0.004	0.973	0.002	0.008	0.005	0.004
961	PC05	(0)	11 : 	0.002	0.002	0.004	0.974	0.002	0.008	0.004	0.004
962	PC06	(0)	11 : 	0.002	0.002	0.004	0.973	0.002	0.007	0.005	0.004
963	PC07	(0)	11 : 	0.003	0.002	0.047	0.933	0.002	0.003	0.004	0.006
964	PC08	(0)	11 : 	0.002	0.002	0.004	0.974	0.002	0.007	0.005	0.004
965	PC09	(0)	11 : 	0.002	0.002	0.004	0.974	0.002	0.008	0.005	0.004
966	PC10	(0)	11 : 	0.002	0.002	0.004	0.967	0.003	0.013	0.006	0.004
967	PC11	(0)	11 : 	0.002	0.002	0.004	0.974	0.002	0.007	0.005	0.004
968	PC12	(0)	11 : 	0.002	0.002	0.004	0.974	0.002	0.008	0.005	0.003
969	PC13	(0)	11 : 	0.002	0.002	0.005	0.973	0.002	0.008	0.004	0.004
970	PC14	(0)	11 : 	0.002	0.002	0.005	0.973	0.002	0.008	0.005	0.004
971	PC01	(0)	11 : 	0.002	0.002	0.004	0.974	0.002	0.008	0.005	0.003
972	Nuke10	(0)	12 : 	0.002	0.002	0.004	0.009	0.002	0.969	0.005	0.006
973	Nuke11	(0)	12 : 	0.002	0.002	0.005	0.006	0.002	0.977	0.003	0.003
974	Nuke12	(0)	12 : 	0.011	0.002	0.003	0.055	0.005	0.911	0.009	0.004
975	Nuke13	(0)	12 : 	0.002	0.002	0.009	0.008	0.003	0.965	0.008	0.003
976	Nuke01	(0)	12 : 	0.003	0.002	0.042	0.112	0.004	0.795	0.030	0.011
977	Nuke02	(0)	12 : 	0.011	0.003	0.003	0.056	0.005	0.909	0.009	0.004
978	Nuke03	(0)	12 : 	0.003	0.002	0.005	0.009	0.003	0.971	0.004	0.004
979	Nuke04	(0)	12 : 	0.002	0.002	0.004	0.003	0.002	0.974	0.010	0.003
980	Nuke05	(0)	12 : 	0.003	0.003	0.009	0.017	0.003	0.943	0.015	0.008
981	Nuke06	(0)	12 : 	0.002	0.002	0.015	0.009	0.003	0.959	0.006	0.003
982	Nuke07	(0)	12 : 	0.004	0.004	0.011	0.021	0.004	0.911	0.038	0.008
983	Nuke08	(0)	12 : 	0.002	0.002	0.003	0.004	0.002	0.980	0.004	0.004
984	Nuke09	(0)	12 : 	0.002	0.002	0.003	0.004	0.002	0.980	0.003	0.003
985	Rad01	(0)	12 : 	0.003	0.002	0.003	0.007	0.002	0.978	0.003	0.003
986	Rad02	(0)	12 : 	0.003	0.002	0.187	0.014	0.004	0.775	0.010	0.005
987	Rad03	(0)	12 : 	0.002	0.002	0.008	0.009	0.003	0.943	0.027	0.005
988	Rad04	(0)	12 : 	0.002	0.002	0.026	0.006	0.003	0.952	0.005	0.004
989	Rad05	(0)	12 : 	0.002	0.004	0.003	0.009	0.003	0.963	0.010	0.005
990	Rad06	(0)	12 : 	0.002	0.002	0.002	0.004	0.002	0.979	0.005	0.003
991	Rad07	(0)	12 : 	0.003	0.002	0.003	0.004	0.002	0.980	0.003	0.003
992	Rad08	(0)	12 : 	0.007	0.002	0.033	0.215	0.013	0.600	0.123	0.007
993	Rad09	(0)	12 : 	0.002	0.002	0.008	0.006	0.002	0.969	0.008	0.003
994	Rad10	(0)	12 : 	0.003	0.003	0.006	0.009	0.003	0.969	0.005	0.004
995	Rad11	(0)	12 : 	0.003	0.002	0.004	0.015	0.003	0.936	0.033	0.004
996	Rad12	(0)	12 : 	0.003	0.002	0.012	0.011	0.003	0.959	0.005	0.005
997	Rad13	(0)	12 : 	0.002	0.002	0.003	0.003	0.002	0.982	0.003	0.003
998	Rad14	(0)	12 : 	0.003	0.002	0.027	0.006	0.003	0.951	0.005	0.004
999	Rad15	(0)	12 : 	0.003	0.002	0.019	0.063	0.003	0.762	0.143	0.004
1000	Rad16	(0)	12 : 	0.002	0.002	0.002	0.003	0.002	0.982	0.003	0.003
1001	HTB16	(0)	13 : 	0.006	0.003	0.007	0.867	0.005	0.008	0.037	0.067
1002	HTB17	(0)	13 : 	0.011	0.003	0.095	0.829	0.007	0.016	0.005	0.035
1003	HTB18	(0)	13 : 	0.004	0.005	0.089	0.543	0.005	0.297	0.041	0.016
1004	HTB19	(1)	13 : 	0.003	0.005	0.003	0.956	0.004	0.007	0.011	0.011
1005	HTB20	(0)	13 : 	0.006	0.009	0.074	0.773	0.004	0.011	0.003	0.121
1006	HTB21	(0)	13 : 	0.004	0.012	0.019	0.928	0.008	0.010	0.008	0.010
1007	HTB22	(0)	13 : 	0.006	0.003	0.014	0.926	0.007	0.021	0.013	0.010
1008	HTB23	(0)	13 : 	0.002	0.006	0.016	0.890	0.004	0.019	0.051	0.012
1009	HTB11	(0)	13 : 	0.005	0.009	0.007	0.924	0.010	0.030	0.006	0.008
1010	HTB12	(0)	13 : 	0.004	0.005	0.019	0.855	0.006	0.072	0.011	0.028
1011	HTB13	(0)	13 : 	0.002	0.004	0.018	0.818	0.007	0.113	0.010	0.026
1012	HTB14	(0)	13 : 	0.004	0.003	0.007	0.938	0.021	0.011	0.008	0.008
1013	HTB15	(0)	13 : 	0.005	0.021	0.020	0.909	0.011	0.014	0.007	0.013
1014	Nel01	(0)	14 : 	0.002	0.003	0.002	0.017	0.002	0.005	0.019	0.950
1015	Nel02	(0)	14 : 	0.003	0.005	0.021	0.149	0.090	0.048	0.453	0.230
1016	Nel03	(0)	14 : 	0.002	0.003	0.003	0.018	0.002	0.005	0.018	0.948
1017	Nel04	(0)	14 : 	0.002	0.003	0.003	0.020	0.002	0.006	0.018	0.947
1018	Nel05	(0)	14 : 	0.002	0.002	0.002	0.005	0.003	0.007	0.011	0.967
1019	Nel06	(0)	14 : 	0.002	0.002	0.002	0.005	0.003	0.006	0.011	0.969
1020	Nel07	(0)	14 : 	0.002	0.002	0.002	0.005	0.003	0.007	0.012	0.967
1021	Nel08	(0)	14 : 	0.003	0.005	0.003	0.143	0.006	0.005	0.038	0.798
1022	Nel09	(0)	14 : 	0.002	0.002	0.002	0.005	0.002	0.007	0.012	0.968
1023	Nel10	(1)	14 : 	0.002	0.004	0.007	0.503	0.007	0.161	0.202	0.115
1024	Nel11	(0)	14 : 	0.002	0.003	0.003	0.018	0.002	0.005	0.018	0.949
1025	Nel12	(0)	14 : 	0.002	0.002	0.002	0.005	0.003	0.007	0.011	0.968
1026	Nel13	(0)	14 : 	0.002	0.003	0.005	0.147	0.004	0.123	0.043	0.673
1027	Nel14	(0)	14 : 	0.002	0.002	0.002	0.005	0.003	0.007	0.012	0.968
1028	EI1	(0)	15 : 	0.002	0.005	0.003	0.005	0.002	0.004	0.975	0.003
1029	EI10	(0)	15 : 	0.002	0.003	0.003	0.005	0.002	0.004	0.979	0.003
1030	EI11	(0)	15 : 	0.002	0.004	0.003	0.008	0.002	0.004	0.974	0.003
1031	EI12	(0)	15 : 	0.002	0.007	0.003	0.006	0.002	0.005	0.971	0.004
1032	EI2	(0)	15 : 	0.002	0.002	0.003	0.013	0.002	0.004	0.970	0.003
1033	EI3	(0)	15 : 	0.002	0.006	0.003	0.006	0.002	0.005	0.972	0.004
1034	EI4	(0)	15 : 	0.002	0.003	0.003	0.007	0.002	0.004	0.975	0.003
1035	EI5	(0)	15 : 	0.002	0.008	0.003	0.006	0.002	0.005	0.970	0.003
1036	EI6	(0)	15 : 	0.002	0.003	0.003	0.005	0.002	0.004	0.978	0.003
1037	EI7	(0)	15 : 	0.002	0.006	0.003	0.015	0.002	0.005	0.964	0.003
1038	EI8	(0)	15 : 	0.010	0.032	0.003	0.008	0.003	0.005	0.935	0.003
1039	EI9	(0)	15 : 	0.002	0.004	0.003	0.008	0.002	0.004	0.974	0.003
1040	OL01	(0)	16 : 	0.002	0.002	0.004	0.003	0.002	0.003	0.982	0.003
1041	OL02	(0)	16 : 	0.003	0.003	0.004	0.009	0.003	0.007	0.937	0.035
1042	OL03	(0)	16 : 	0.003	0.002	0.004	0.003	0.002	0.002	0.983	0.003
1043	OL04	(0)	16 : 	0.002	0.002	0.004	0.003	0.002	0.003	0.982	0.003
1044	OL06	(0)	16 : 	0.002	0.002	0.003	0.003	0.002	0.003	0.983	0.002
1045	OSP01	(0)	16 : 	0.002	0.002	0.004	0.003	0.002	0.003	0.982	0.003
1046	OSP02	(0)	16 : 	0.002	0.002	0.004	0.003	0.002	0.003	0.982	0.002
1047	OSP03	(0)	16 : 	0.002	0.002	0.003	0.003	0.002	0.003	0.983	0.002
1048	OSP04	(1)	16 : 	0.003	0.002	0.004	0.003	0.002	0.003	0.982	0.003
1049	OSP05	(0)	16 : 	0.002	0.002	0.004	0.003	0.002	0.003	0.982	0.003
1050	OSP06	(0)	16 : 	0.002	0.002	0.003	0.003	0.002	0.003	0.982	0.003
1051	OSP07	(0)	16 : 	0.003	0.002	0.004	0.003	0.002	0.002	0.983	0.002
1052	OSP10	(0)	16 : 	0.002	0.002	0.004	0.003	0.002	0.003	0.982	0.003
1053	OSP11	(0)	16 : 	0.002	0.002	0.004	0.003	0.002	0.002	0.982	0.002
1054	OSP12	(0)	16 : 	0.002	0.002	0.004	0.003	0.002	0.002	0.983	0.002
1055	OSP13	(0)	16 : 	0.002	0.002	0.004	0.003	0.002	0.002	0.982	0.002
1056	OSP14	(0)	16 : 	0.002	0.002	0.004	0.003	0.002	0.003	0.982	0.003
1057	OY02	(0)	16 : 	0.003	0.003	0.004	0.006	0.004	0.019	0.953	0.008
1058	OY04	(0)	16 : 	0.003	0.003	0.004	0.007	0.003	0.010	0.964	0.006
1059	OY05	(0)	16 : 	0.003	0.004	0.003	0.023	0.010	0.008	0.728	0.222
1060	OY06	(1)	16 : 	0.004	0.004	0.003	0.043	0.010	0.003	0.910	0.023
1061	OY07	(0)	16 : 	0.009	0.004	0.008	0.006	0.004	0.095	0.867	0.007
1062	OY08	(1)	16 : 	0.009	0.004	0.008	0.006	0.004	0.086	0.875	0.008
1063	OY10	(0)	16 : 	0.003	0.003	0.010	0.008	0.004	0.005	0.954	0.013
1064	OY12	(0)	16 : 	0.002	0.005	0.004	0.005	0.004	0.004	0.965	0.010
1065	OY15	(0)	16 : 	0.003	0.003	0.003	0.088	0.019	0.005	0.829	0.049
1066	OY16	(0)	16 : 	0.006	0.184	0.007	0.007	0.020	0.003	0.758	0.015
1067	OY20	(0)	16 : 	0.003	0.010	0.005	0.077	0.008	0.009	0.857	0.032
1068	OY26	(0)	16 : 	0.002	0.003	0.004	0.021	0.003	0.003	0.961	0.003
1069	OY27	(0)	16 : 	0.003	0.003	0.007	0.233	0.010	0.003	0.666	0.075
1070	RHL02	(0)	16 : 	0.002	0.002	0.020	0.136	0.003	0.037	0.794	0.007
1071	RHL03	(0)	16 : 	0.002	0.002	0.010	0.051	0.002	0.049	0.877	0.007
1072	RHL05	(0)	16 : 	0.002	0.002	0.010	0.051	0.002	0.048	0.878	0.006
1073	RHL06	(0)	16 : 	0.002	0.002	0.013	0.092	0.002	0.048	0.833	0.008
1074	RHL07	(0)	16 : 	0.002	0.002	0.008	0.048	0.002	0.046	0.885	0.007
1075	RHL09	(1)	16 : 	0.002	0.002	0.011	0.052	0.002	0.049	0.874	0.007
1076	RHL11	(0)	16 : 	0.002	0.002	0.008	0.045	0.002	0.046	0.888	0.007
1077	RHL12	(0)	16 : 	0.002	0.002	0.009	0.049	0.003	0.020	0.906	0.009
1078	RHL13	(0)	16 : 	0.002	0.002	0.010	0.050	0.002	0.049	0.877	0.007
1079	RHL14	(0)	16 : 	0.002	0.002	0.010	0.048	0.002	0.048	0.881	0.007
1080	MOON1	(0)	16 : 	0.003	0.002	0.007	0.291	0.013	0.010	0.633	0.041
1081	Cre01	(0)	16 : 	0.002	0.002	0.002	0.003	0.002	0.004	0.983	0.002
1082	Cre02	(0)	16 : 	0.002	0.002	0.003	0.003	0.002	0.003	0.983	0.002
1083	Cre03	(0)	16 : 	0.001	0.002	0.003	0.003	0.002	0.003	0.984	0.003
1084	Cre04	(0)	16 : 	0.002	0.002	0.002	0.003	0.002	0.003	0.984	0.002
1085	Cre05	(0)	16 : 	0.002	0.002	0.003	0.003	0.002	0.003	0.983	0.002
1086	Cre06	(0)	16 : 	0.002	0.002	0.002	0.003	0.002	0.005	0.981	0.003
1087	Cre07	(0)	16 : 	0.002	0.002	0.003	0.003	0.002	0.003	0.983	0.002
1088	Cre08	(0)	16 : 	0.002	0.002	0.005	0.003	0.002	0.004	0.980	0.003
1089	Cre09	(0)	16 : 	0.002	0.002	0.002	0.003	0.002	0.005	0.982	0.002
1090	Cre10	(0)	16 : 	0.002	0.002	0.002	0.004	0.002	0.003	0.984	0.002
1091	Cre11	(0)	16 : 	0.002	0.002	0.003	0.003	0.002	0.003	0.984	0.002
1092	SSN31	(0)	16 : 	0.002	0.002	0.005	0.004	0.002	0.003	0.979	0.003
1093	SSN32	(0)	16 : 	0.002	0.002	0.002	0.003	0.002	0.005	0.982	0.002
1094	SSN33	(0)	16 : 	0.002	0.002	0.004	0.004	0.002	0.003	0.981	0.003
1095	SSN34	(0)	16 : 	0.002	0.002	0.002	0.003	0.002	0.005	0.981	0.002
1096	SSN35	(0)	16 : 	0.002	0.002	0.003	0.004	0.002	0.003	0.983	0.002
1097	SSN36	(0)	16 : 	0.002	0.002	0.003	0.004	0.002	0.003	0.983	0.002
1098	SSN38	(0)	16 : 	0.002	0.002	0.004	0.139	0.002	0.029	0.784	0.038
1099	SSN39	(0)	16 : 	0.001	0.002	0.002	0.003	0.002	0.003	0.984	0.002
1100	SSN40	(0)	16 : 	0.002	0.002	0.005	0.003	0.003	0.020	0.962	0.003
1101	SSN41	(0)	16 : 	0.002	0.002	0.002	0.003	0.002	0.003	0.984	0.002
1102	BCV44	(0)	16 : 	0.002	0.002	0.004	0.003	0.002	0.005	0.980	0.004
1103	BCV45	(0)	16 : 	0.002	0.002	0.004	0.003	0.002	0.005	0.979	0.004
1104	BCV46	(0)	16 : 	0.002	0.002	0.004	0.003	0.002	0.005	0.979	0.004
1105	BCV47	(0)	16 : 	0.002	0.002	0.004	0.003	0.002	0.005	0.979	0.004
1106	BCV48	(0)	16 : 	0.002	0.002	0.004	0.003	0.002	0.005	0.979	0.004
1107	BCV49	(0)	16 : 	0.002	0.002	0.004	0.003	0.002	0.005	0.979	0.004
1108	BCV50	(0)	16 : 	0.002	0.001	0.004	0.003	0.002	0.005	0.980	0.004
1109	BCV51	(0)	16 : 	0.002	0.002	0.004	0.003	0.002	0.005	0.979	0.004
1110	BCV52	(0)	16 : 	0.002	0.002	0.004	0.003	0.002	0.005	0.979	0.004
1111	BCV53	(0)	16 : 	0.002	0.002	0.004	0.003	0.002	0.005	0.979	0.004
1112	SSBC01	(0)	16 : 	0.002	0.002	0.004	0.003	0.002	0.005	0.979	0.004
1113	SSBC02	(0)	16 : 	0.002	0.002	0.004	0.003	0.002	0.005	0.979	0.004
1114	SSBC03	(0)	16 : 	0.002	0.002	0.004	0.003	0.002	0.005	0.979	0.004
1115	SSBC04	(0)	16 : 	0.002	0.002	0.004	0.003	0.002	0.005	0.979	0.004
1116	SSBC05	(0)	16 : 	0.002	0.001	0.004	0.003	0.002	0.005	0.980	0.004
1117	SSBC06	(0)	16 : 	0.002	0.002	0.004	0.003	0.002	0.006	0.978	0.004
1118	SSBC07	(0)	16 : 	0.002	0.002	0.004	0.003	0.002	0.005	0.979	0.004
1119	LCV01	(0)	16 : 	0.003	0.002	0.003	0.003	0.002	0.004	0.975	0.007
1120	LCV02	(0)	16 : 	0.004	0.002	0.003	0.003	0.002	0.004	0.975	0.008